llh_GD_EXP: array([ -91.08335606,  -88.27549866,  -85.61921262,  -98.50221109,
        -86.14812101,  -87.64975847,  -90.12964156,  -97.55796308,
        -86.29459484,  -86.54328535,  -81.3979618 ,  -89.6707081 ,
        -91.57155339,  -81.36232062,  -79.50000667,  -91.68488782,
        -92.54056399,  -87.85324928,  -79.14582756,  -80.25448412,
        -96.72723097,  -90.43764584,  -91.22188928,  -96.49787849,
       -105.25106567,  -92.13232003,  -95.54764334,  -97.03474704,
       -101.53088706,  -96.20611401,  461.26340641,  395.38461745,
        469.91778691,  464.33897304,  445.96480164,  452.38895293,
        448.82466571,  443.24840706,  389.3190163 ,  469.38504878,
         67.00013274,   78.74077523,   58.69829362,   81.27271956,
         78.29446309,   60.30651977,   84.97422237,   86.48304834,
          3.47764496,   39.76840225])
llh_GD_EXP_Renorm_alpha: array([ -96.69616328,  -95.06039822,  -96.7704693 , -110.81097695,
        -99.84037195, -103.21469049, -111.76513767, -106.6380648 ,
        -98.75808245,  -94.19990184,  -97.00600022, -119.19613932,
       -110.83828204,  -97.68937736,  -93.09675939, -107.41491836,
       -114.41396932,  -93.22136313,  -99.6365597 ,  -92.77521513,
       -103.24494246, -100.55791941, -101.89043154, -122.49771595,
       -114.74978759, -115.6459017 , -105.22239067, -120.18359782,
       -107.80822187, -113.59783006,  457.72229709,  398.15816393,
        459.30108314,  458.13562896,  441.42836941,  445.57335847,
        445.66626096,  442.3409025 ,  383.02868685,  459.42769393,
         73.61933331,   73.22232219,   58.66281443,   73.18567348,
         73.45814489,   64.39668714,   72.78612793,   67.36585168,
         -1.5162153 ,   41.01793135])
llh_GD_EXP_Renorm_beta: array([ -96.31341347,  -94.4505352 ,  -92.61482684, -106.71461875,
        -92.45508294,  -94.64468695,  -95.61281021, -112.97194017,
        -93.29872522, -103.40389511, -101.99093056,  -99.90894002,
       -101.37850175,  -92.86748495,  -97.75089345, -101.8414865 ,
       -110.61939032,  -93.31534811, -101.36253444,  -94.24917451,
       -102.44000671, -101.57960143, -101.1839946 , -117.1086262 ,
       -110.37138785, -101.78912898, -122.43145335, -102.28999817,
       -104.05580497, -103.39150112,  455.41219758,  387.63512564,
        458.27501433,  457.05286562,  442.65707218,  440.75864658,
        434.71361116,  434.04265119,  367.16327006,  458.31547311,
         67.82215141,   72.02290104,   45.08664695,   71.04442094,
         69.27614238,   48.48822449,   73.59746667,   72.38722484,
        -18.37180119,   29.63872743])
llh_GD_EXP_Renorm_alphabeta: array([ -96.36679308,  -96.42060277,  -96.47484426,  -96.5295193 ,
        -96.58462964,  -96.64017704,  -94.53218147,  -94.61563106,
        -94.70089713,  -94.78799307,  -94.87693256,  -94.96772954,
        -92.85542322,  -93.20454498,  -93.66654555,  -94.24687007,
        -94.95213563,  -95.79023588, -107.25433998, -107.80864185,
       -108.37786123, -108.96234414, -109.56244602, -110.17853196,
        -92.64764631,  -93.09331322,  -93.80605685,  -94.80602075,
        -96.12022937,  -97.78362282,  -95.41253462,  -96.31373315,
        -97.35792987,  -98.55630712,  -99.92173811, -101.46894955,
        -96.91096751,  -98.48290452, -100.35954731, -102.57800858,
       -105.18236143, -108.22449559, -111.98117683, -111.01990147,
       -110.08756916, -109.18367318, -108.30774306, -107.45934217,
        -93.74405872,  -94.29050412,  -94.94333173,  -95.7087356 ,
        -96.59391909,  -97.60719285, -101.53327754,  -99.85947984,
        -98.37587536,  -97.07551204,  -95.9510553 ,  -94.9949744 ,
       -101.1235712 , -100.31158749,  -99.55271282,  -98.84476812,
        -98.18566029,  -97.57338011, -101.6354402 , -103.63456059,
       -105.94141708, -108.59753659, -111.65200276, -115.16249697,
       -102.43106026, -103.57184364, -104.80704206, -106.1434516 ,
       -107.58853606, -109.15048729,  -93.10770837,  -93.47899873,
        -93.98916841,  -94.64939595,  -95.47405424,  -96.48056379,
        -96.68094589,  -95.76384747,  -94.98787256,  -94.34230958,
        -93.81747795,  -93.40477649, -102.52265273, -103.23940498,
       -103.9933008 , -104.78599244, -105.61923321, -106.49488377,
       -111.13013012, -111.65108964, -112.18240535, -112.72421404,
       -113.27665278, -113.83985878,  -93.30137295,  -93.28758151,
        -93.2739733 ,  -93.26054783,  -93.24730463,  -93.23424322,
        -96.86485239,  -94.20214467,  -92.94472492,  -92.82044187,
        -93.75449844,  -95.90094831,  -93.89088674,  -93.58554992,
        -93.33066588,  -93.12399904,  -92.96359184,  -92.84778115,
       -102.54638101, -102.65559595, -102.76766951, -102.88262061,
       -103.0004691 , -103.12123579, -101.15465757, -100.82806024,
       -100.59593065, -100.45509079, -100.40300448, -100.43773481,
       -100.73295963, -100.47560582, -100.4035465 , -100.51102132,
       -100.7947463 , -101.25392699, -107.32590147, -102.24122573,
       -100.43871878, -101.26555138, -104.64188875, -111.148749  ,
       -110.92925442, -111.5083274 , -112.10936654, -112.733171  ,
       -113.38058069, -114.05247764, -100.61210524, -100.4598967 ,
       -101.26130371, -103.01942069, -105.82659896, -109.90190562,
       -112.42495394, -106.03497976, -102.31488491, -100.61462543,
       -100.58313141, -102.0928489 , -103.52693128, -105.10730953,
       -107.06968948, -109.46963651, -112.38329587, -115.91133443,
       -104.49994487, -104.97296445, -105.47581177, -106.00953928,
       -106.57530989, -107.17440322, -104.33564191, -105.42682756,
       -106.67647344, -108.09890356, -109.71172736, -111.53623656,
        455.78609112,  456.14564223,  456.49068208,  456.82104031,
        457.13654495,  457.43702234,  389.14653606,  390.65521733,
        392.16124439,  393.66463055,  395.16532792,  396.66322822,
        458.44647615,  458.60975863,  458.76479377,  458.91151305,
        459.04984748,  459.17972751,  457.22120307,  457.38503622,
        457.54433644,  457.69907488,  457.84922258,  457.99475038,
        442.48356179,  442.30937361,  442.1345106 ,  441.95897571,
        441.7827719 ,  441.60590214,  441.47958457,  442.18980227,
        442.88910556,  443.57730226,  444.25420206,  444.91961642,
        436.41786596,  438.07893412,  439.69476606,  441.26335589,
        442.78274149,  444.25100318,  435.29846785,  436.53215107,
        437.74289842,  438.92991938,  440.09243565,  441.22968127,
        369.4753187 ,  371.76856295,  374.04538147,  376.30795489,
        378.55824857,  380.79799651,  458.50617565,  458.68643816,
        458.8561627 ,  459.01525052,  459.16360205,  459.30111691,
         69.29946161,   70.58795198,   71.6736844 ,   72.53996277,
         73.16758341,   73.5351364 ,   72.23861888,   72.44006729,
         72.62694194,   72.79892993,   72.95571004,   73.09695308,
         47.30163744,   49.41960688,   51.44384357,   53.37751388,
         55.22355845,   56.98459269,   71.44715998,   71.81929876,
         72.15987682,   72.46788377,   72.74226156,   72.98190683,
         70.17075971,   70.97511233,   71.68445906,   72.29349789,
         72.79640298,   73.18686665,   51.21577548,   53.78239088,
         56.19493874,   58.45920702,   60.57953468,   62.55850156,
         73.5510897 ,   73.48235051,   73.39076549,   73.27584607,
         73.137099  ,   72.97402675,   71.92379778,   71.38008385,
         70.75346317,   70.04131711,   69.24104138,   68.35006162,
        -15.86867711,  -13.39560146,  -10.95363922,   -8.54380074,
         -6.16703675,   -3.82423454,   31.38882235,   33.09665366,
         34.7626236 ,   36.38719396,   37.97088212,   39.51425653])
max_EXP_Renorm: 459.4276939344381
llh_GD_PWL: array([-94.60956561, 213.10879901,          nan, -88.33311972,
       -87.40147856, -88.89134533, -87.70410663,          nan,
       -88.70790909, -99.66709937,          nan,          nan,
                nan, -83.63446263, -81.33887113,          nan,
                nan,          nan, -79.68524446,          nan,
                nan, -94.02787025,          nan,          nan,
       -95.97041354, -97.52614721, -94.78505526, -93.56896026,
       -91.87484348,          nan,          nan, 389.92320224,
                nan,          nan,          nan,          nan,
                nan,          nan,          nan,          nan,
       109.85468136,          nan,  61.21774486,  65.41050637,
        24.73521879,  34.6240411 ,  70.17173873,  30.50905488,
        11.97237113,  44.59685961])
llh_GD_PWL_Renorm_K: array([ -161.16951158,  -104.36805932,            nan, -2261.52721153,
        -287.84129986, -5449.0817062 , -1093.7529994 ,            nan,
        -115.70452502,  -222.51175956,            nan,            nan,
                  nan,  -238.71484754,  -111.54789264,            nan,
                  nan,            nan,  -117.99647556,            nan,
                  nan,  -139.96362782,            nan,            nan,
        -202.99721651,  -138.72049827,  -486.77686677,  -175.53131634,
        -132.86537063,            nan,            nan,  -600.56790814,
                  nan,            nan,            nan,            nan,
                  nan,            nan,            nan,            nan,
         222.11410915,            nan,    60.49597562,    76.66363636,
         -19.85880892,   -22.85842996,    58.81293976,    67.66238902,
          44.15148587,    65.2953566 ])
llh_GD_PWL_Renorm_c: array([           nan,  -181.50964848,            nan,            nan,
        -135.87671753, -5449.0817062 ,            nan,            nan,
        -158.26806463,  -122.26910829,            nan,            nan,
                  nan,            nan,            nan,            nan,
                  nan,            nan,            nan,            nan,
                  nan,  -234.17717343,  -305.37308113,            nan,
        -150.42106028,  -187.40644716,            nan,  -273.3764142 ,
        -307.77346502,            nan,            nan,            nan,
                  nan,            nan,            nan,            nan,
                  nan,            nan,            nan,            nan,
                  nan,            nan,    42.65639302,    62.74533431,
          63.73670093,    69.89324268,    66.21589946,    42.11152389,
          63.68827485,    30.5840357 ])
lllh_GD_PWL_Renorm_p: array([ -156.76448875,  -204.76470929,            nan,  -173.83521753,
        -107.2794939 , -5449.0817062 ,  -235.88522291,            nan,
        -111.79574232,  -106.87635172,            nan,            nan,
                  nan,   -96.81892137,  -112.52189377,            nan,
                  nan,            nan,  -289.74343804,            nan,
                  nan,  -161.63333908,            nan,            nan,
        -109.38334531,  -131.44187311,  -136.1515866 ,  -182.75382552,
        -278.70988201,            nan,            nan,   356.33978647,
                  nan,            nan,            nan,            nan,
                  nan,            nan,            nan,            nan,
          38.55888616,            nan,    60.69633484,    67.83061693,
          32.73881851,    43.0587726 ,    63.01127595,    38.45615676,
          63.16854651,    53.83002197])
llh_GD_PWL_Renorm_Kc: array([            nan,             nan,             nan, -1.56683482e+02,
       -1.53081346e+02, -1.54177985e+02, -1.85330217e+02, -1.85879204e+02,
       -1.88545629e+02, -1.92935807e+02, -1.98249894e+02, -2.01094765e+02,
                   nan,             nan,             nan,             nan,
                   nan,             nan,             nan,             nan,
                   nan,             nan,             nan,             nan,
                   nan, -1.59516773e+02, -1.70553113e+02, -1.86853893e+02,
       -2.11567741e+02, -2.45191745e+02, -5.44908171e+03, -5.44908171e+03,
       -5.44908171e+03, -5.44908171e+03, -5.44908171e+03, -5.44908171e+03,
                   nan,             nan,             nan,             nan,
                   nan, -8.85784253e+02,             nan,             nan,
                   nan,             nan,             nan,             nan,
       -1.51417098e+02, -1.43966875e+02, -1.37077542e+02, -1.30776386e+02,
       -1.25092612e+02, -1.20057495e+02, -1.47976109e+02, -1.53482756e+02,
       -1.61616909e+02, -1.72495580e+02, -1.86217872e+02, -2.02867503e+02,
                   nan,             nan,             nan,             nan,
                   nan,             nan,             nan,             nan,
                   nan,             nan,             nan,             nan,
                   nan,             nan,             nan,             nan,
                   nan,             nan,             nan,             nan,
                   nan,             nan,             nan, -2.06586537e+02,
                   nan,             nan,             nan,             nan,
       -1.06268266e+02, -1.09879255e+02,             nan,             nan,
                   nan,             nan,             nan,             nan,
                   nan,             nan,             nan,             nan,
                   nan,             nan,             nan,             nan,
                   nan,             nan,             nan,             nan,
                   nan,             nan,             nan,             nan,
       -1.50754019e+02, -1.35378342e+02,             nan,             nan,
                   nan,             nan,             nan,             nan,
                   nan,             nan,             nan,             nan,
                   nan,             nan, -2.18929343e+02, -2.02303961e+02,
       -1.86933142e+02, -1.72907957e+02, -1.60328547e+02, -1.49305887e+02,
                   nan,             nan,             nan,             nan,
                   nan,             nan,             nan,             nan,
                   nan,             nan,             nan,             nan,
       -1.60358153e+02, -1.57116938e+02, -1.57690038e+02, -1.62357371e+02,
       -1.71344490e+02, -1.84839892e+02, -1.79985860e+02, -1.71713806e+02,
       -1.63966255e+02, -1.56766932e+02, -1.50141163e+02, -1.44116025e+02,
                   nan,             nan,             nan,             nan,
       -3.53845639e+02, -4.13314272e+02, -2.67956806e+02, -2.50585437e+02,
       -2.33926047e+02, -2.18030338e+02, -2.02955517e+02, -1.88765358e+02,
       -2.54271987e+02, -2.12919509e+02, -1.77559080e+02, -1.50589434e+02,
       -1.33285516e+02, -1.26918868e+02,             nan,             nan,
                   nan,             nan,             nan,             nan,
                   nan,             nan,             nan,             nan,
                   nan,             nan,             nan,             nan,
                   nan,             nan,             nan,             nan,
                   nan,             nan,             nan,             nan,
                   nan,             nan,             nan,             nan,
                   nan,             nan,             nan,             nan,
                   nan,             nan,             nan,             nan,
                   nan,             nan,             nan,             nan,
                   nan,             nan,             nan,             nan,
                   nan,             nan,             nan,             nan,
                   nan,             nan,             nan,             nan,
                   nan,             nan,             nan,             nan,
                   nan,             nan,             nan,             nan,
                   nan,             nan,             nan,             nan,
                   nan,             nan,             nan,             nan,
                   nan,             nan,             nan,             nan,
                   nan,             nan,             nan,             nan,
                   nan,             nan,             nan,             nan,
        4.44549055e+01,  4.74601523e+01,  5.03368249e+01,  5.30818937e+01,
        5.56922496e+01,  5.81647018e+01,  6.60231998e+01,  6.89177097e+01,
        7.13854553e+01,  7.34106696e+01,  7.49769415e+01,  7.60671894e+01,
        4.75576799e+01,  3.99312681e+01,  3.09391418e+01,  2.05232728e+01,
        8.62491932e+00, -4.81556948e+00,  5.48225141e+01,  4.72832265e+01,
        3.77328914e+01,  2.60577943e+01,  1.21444787e+01, -4.12194675e+00,
        6.94279077e+01,  7.11322161e+01,  7.15513846e+01,  7.06095399e+01,
        6.82280154e+01,  6.43245826e+01,  5.75410884e+01,  6.62562058e+01,
        7.24668773e+01,  7.59577881e+01,  7.64945739e+01,  7.38220118e+01,
        6.48553268e+01,  6.54678584e+01,  6.46375493e+01,  6.22129887e+01,
        5.80691200e+01,  5.20879714e+01,  3.57343932e+01,  4.18893309e+01,
        4.75816104e+01,  5.27905368e+01,  5.74944482e+01,  6.16706513e+01])
llh_GD_PWL_Renorm_Kp: array([-1.32999079e+02, -1.15612145e+02, -1.05864173e+02, -1.04787564e+02,
       -1.12848992e+02, -1.29947193e+02, -1.58102133e+02, -1.32953375e+02,
       -1.21966546e+02, -1.20097899e+02, -1.23737506e+02, -1.32229141e+02,
                   nan,             nan,             nan,             nan,
                   nan,             nan, -1.21870458e+02, -1.03087914e+02,
       -1.44386476e+02, -2.92346101e+02, -6.23070228e+02, -1.24528884e+03,
       -9.94557385e+01, -1.03528341e+02, -1.20864466e+02, -1.51490376e+02,
       -1.93193081e+02, -2.40993426e+02, -5.44908171e+03, -5.44908171e+03,
       -5.44908171e+03, -5.44908171e+03, -5.44908171e+03, -5.44908171e+03,
       -1.65124070e+02, -1.14806042e+02, -1.01809220e+02, -1.54322295e+02,
       -3.14197157e+02, -6.26880882e+02,             nan,             nan,
                   nan,             nan,             nan,             nan,
       -1.09811803e+02, -1.08718375e+02, -1.08475701e+02, -1.09057666e+02,
       -1.10453070e+02, -1.12664324e+02, -1.16639000e+02, -1.29991688e+02,
       -1.46362356e+02, -1.64904440e+02, -1.84546359e+02, -2.04112144e+02,
                   nan,             nan,             nan,             nan,
                   nan,             nan,             nan,             nan,
                   nan,             nan,             nan,             nan,
                   nan,             nan,             nan,             nan,
                   nan,             nan, -9.77990467e+01, -1.07012064e+02,
       -1.24276519e+02, -1.48536304e+02, -1.77721095e+02, -2.08880178e+02,
       -1.04489160e+02, -9.98912203e+01, -9.83453796e+01, -9.92984380e+01,
       -1.02131981e+02, -1.06315099e+02,             nan,             nan,
                   nan,             nan,             nan,             nan,
                   nan,             nan,             nan,             nan,
                   nan,             nan,             nan,             nan,
                   nan,             nan,             nan,             nan,
       -2.33711857e+02, -1.86664132e+02, -1.50749440e+02, -1.27032907e+02,
       -1.14875396e+02, -1.12408854e+02,             nan,             nan,
                   nan,             nan,             nan,             nan,
                   nan,             nan,             nan,             nan,
                   nan,             nan, -1.47959121e+02, -1.37673453e+02,
       -1.30847987e+02, -1.27486495e+02, -1.27628371e+02, -1.31532943e+02,
                   nan,             nan,             nan,             nan,
                   nan,             nan,             nan,             nan,
                   nan,             nan,             nan,             nan,
       -1.05729540e+02, -1.08661461e+02, -1.18321523e+02, -1.34225268e+02,
       -1.55081748e+02, -1.78815157e+02, -1.28665642e+02, -1.27110581e+02,
       -1.26774980e+02, -1.27679596e+02, -1.29883028e+02, -1.33499411e+02,
       -1.13931834e+02, -1.07513709e+02, -1.22703680e+02, -1.65973445e+02,
       -2.42709058e+02, -3.53291765e+02, -1.73600228e+02, -1.67348292e+02,
       -1.63913753e+02, -1.63163387e+02, -1.64941104e+02, -1.69099094e+02,
       -2.19728942e+02, -1.69423998e+02, -1.31709449e+02, -1.10272173e+02,
       -1.06352847e+02, -1.16297004e+02,             nan,             nan,
                   nan,             nan,             nan,             nan,
                   nan,             nan,             nan,             nan,
                   nan,             nan,  3.95821963e+02,  3.83028480e+02,
        3.06397405e+02,  1.58265112e+02, -5.89947514e+01, -3.25602613e+02,
                   nan,             nan,             nan,             nan,
                   nan,             nan,             nan,             nan,
                   nan,             nan,             nan,             nan,
                   nan,             nan,             nan,             nan,
                   nan,             nan,             nan,             nan,
                   nan,             nan,             nan,             nan,
                   nan,             nan,             nan,             nan,
                   nan,             nan,             nan,             nan,
                   nan,             nan,             nan,             nan,
                   nan,             nan,             nan,             nan,
                   nan,             nan,             nan,             nan,
                   nan,             nan,             nan,             nan,
        3.16348889e+01,  2.44959799e+01,  1.76472365e+01,  1.21226105e+01,
        1.04896272e+01,  2.18824823e+01,             nan,             nan,
                   nan,             nan,             nan,             nan,
        6.16445685e+01,  6.23053085e+01,  6.26593577e+01,  6.26842371e+01,
        6.23536122e+01,  6.16364745e+01,  7.00887585e+01,  7.20278222e+01,
        7.36472888e+01,  7.49387715e+01,  7.58868450e+01,  7.64703004e+01,
        2.53536386e+01,  1.73873467e+01,  9.18149161e+00,  1.07986604e+00,
       -6.60390701e+00, -1.36263163e+01,  3.55208094e+01,  2.63290074e+01,
        1.60676203e+01,  5.40108422e+00, -4.99424714e+00, -1.45334021e+01,
        6.51912928e+01,  6.60879824e+01,  6.59826438e+01,  6.51464286e+01,
        6.37634775e+01,  6.18054445e+01,  4.92498530e+01,  5.66885688e+01,
        6.14890096e+01,  6.44517559e+01,  6.62721798e+01,  6.73465631e+01,
        6.51281885e+01,  6.50447435e+01,  6.32356690e+01,  6.00937858e+01,
        5.59948993e+01,  5.10391990e+01,  5.89613826e+01,  6.32391100e+01,
        6.65918139e+01,  6.88763760e+01,  6.98288013e+01,  6.89626495e+01])
max_PWL_Renorm: nan
llh_GD_QEXP: array([ 396.21632242,  333.40676217,  495.96479095,  402.27945056,
        406.15341995,  506.43630371,  484.10690241,  499.78285137,
        462.48200374,  558.21273957,  245.32715442,  343.716551  ,
        310.13930376,  212.49798327,  149.70255213,  164.83504923,
        360.69738511,  419.50068281,  410.86122067,  321.62590024,
        467.37232991,  334.98692668,  423.25667012,  443.02484962,
        338.99697916,  562.27152944,  219.68227182,  534.95691835,
        399.42576583,  426.4040526 , 1717.30567889, 1044.03441628,
       1658.84841687, 1306.31855112, 1737.40445135, 1806.38743235,
       1768.8222141 , 1710.90468939, 1792.29576213, 1623.46136823,
        480.35404469,  970.36223833,  990.90004057,  464.83707664,
        780.92648893,  877.03382334,  864.02524789,  915.4576206 ,
        835.43767694,  677.51074402])
llh_GD_QEXP_Renorm_a: array([ -538.39591709,  -513.14414914,  -442.0375828 ,  -442.57909828,
        -453.48337331,  -515.29919384,  -501.96367857,  -445.52554633,
        -503.27913171,  -499.35706808,  -685.40909047,  -686.42708589,
        -685.89959854,  -684.70525689,  -690.60199265,  -698.81240872,
        -685.0199553 ,  -691.0638535 ,  -691.65000859,  -703.18267963,
        -456.73997755,  -477.75391138,  -449.67855643,  -430.79113494,
        -519.40875078,  -449.77787072,  -520.28779127,  -435.0136749 ,
        -468.36912089,  -457.41322453, -1509.55399875, -1512.25738166,
       -1514.32922291,    29.11202108,  -730.98710693, -1505.36675508,
       -1515.85416642, -1505.93916979,    32.63447438, -1504.53397487,
        -757.20796079,  -582.28952748,  -571.72368526,  -589.98307502,
        -590.35022023,  -566.80832959,  -601.07913208,  -588.97589403,
        -610.45855597,  -559.55687655])
lllh_GD_QEXP_Renorm_q: array([         nan,          nan,          nan,          nan,
                nan,          nan,          nan,          nan,
                nan,          nan,          nan,          nan,
                nan,          nan,          nan,          nan,
                nan,          nan,          nan,          nan,
                nan,          nan,          nan,          nan,
                nan,          nan,          nan,          nan,
                nan,          nan,          nan,          nan,
                nan, 945.78086586, 436.39938622,          nan,
                nan,          nan, 419.57763992,          nan,
                nan,          nan,          nan,          nan,
                nan,          nan,          nan,          nan,
                nan,          nan])
llh_GD_QEXP_Renorm_aq: array([          nan,           nan,           nan,           nan,
                 nan, -338.16399908,           nan,           nan,
                 nan,           nan,           nan, -340.22542376,
                 nan,           nan,           nan,           nan,
                 nan,           nan,           nan,           nan,
                 nan,           nan,           nan,           nan,
                 nan,           nan,           nan,           nan,
                 nan,           nan,           nan,           nan,
                 nan,           nan,           nan, -298.91144176,
                 nan,           nan,           nan,           nan,
                 nan,           nan,           nan,           nan,
                 nan,           nan,           nan,           nan,
                 nan,           nan,           nan,           nan,
                 nan,           nan,           nan,           nan,
                 nan,           nan,           nan,           nan,
                 nan,           nan,           nan,           nan,
                 nan,           nan,           nan,           nan,
                 nan,           nan,           nan,           nan,
                 nan,           nan,           nan,           nan,
                 nan,           nan,           nan,           nan,
                 nan,           nan,           nan,           nan,
                 nan,           nan,           nan,           nan,
                 nan,           nan,           nan,           nan,
                 nan,           nan,           nan,           nan,
                 nan,           nan,           nan,           nan,
                 nan,           nan,           nan,           nan,
                 nan,           nan,           nan,           nan,
                 nan,           nan,           nan,           nan,
                 nan,           nan,           nan,           nan,
                 nan,           nan,           nan,           nan,
                 nan,           nan,           nan,           nan,
                 nan,           nan,           nan,           nan,
                 nan,           nan,           nan, -312.21585179,
                 nan,           nan,           nan,           nan,
                 nan,           nan,           nan,           nan,
                 nan,           nan,           nan,           nan,
                 nan,           nan,           nan,           nan,
                 nan, -338.66266674,           nan,           nan,
                 nan,           nan,           nan,           nan,
                 nan,           nan,           nan,           nan,
       -202.5418083 , -358.87452487,           nan,           nan,
                 nan,           nan,           nan,           nan,
                 nan,           nan,           nan,           nan,
                 nan, -288.37349898,           nan,           nan,
                 nan,           nan,           nan,           nan,
                 nan,           nan,           nan,           nan,
                 nan,           nan,           nan,           nan,
                 nan,           nan,           nan,           nan,
                 nan,           nan,           nan,           nan,
                 nan,           nan,  883.73836688,  783.61792886,
        657.08106282,  513.33363738,  358.4000023 ,  196.147405  ,
        959.54830774,  834.85730459,  586.02392221,  280.54548323,
        -49.25854821, -388.9982284 ,           nan,           nan,
                 nan,           nan,           nan,           nan,
                 nan,           nan,           nan,           nan,
                 nan,           nan,           nan,           nan,
                 nan,           nan,           nan,           nan,
        966.73469144,  946.80132099,  850.00585901,  687.1701892 ,
        486.56980846,  265.30239138,           nan,           nan,
                 nan,           nan,           nan,           nan,
                 nan,           nan,           nan,  -42.9663945 ,
       -294.3212412 , -538.46850788,           nan,           nan,
                 nan,           nan,           nan,           nan,
                 nan,           nan,           nan,           nan,
                 nan,           nan,           nan,           nan,
                 nan,           nan,           nan,           nan,
                 nan,           nan,           nan,           nan,
                 nan,           nan,           nan,           nan,
                 nan,           nan,           nan,           nan,
                 nan,           nan,           nan,           nan,
                 nan,           nan,           nan,           nan,
                 nan,           nan,           nan,           nan,
                 nan,           nan,           nan,           nan,
                 nan,           nan,           nan,           nan,
                 nan,           nan,           nan,           nan])
max_QEXP_Renorm: nan
llh_GD_RAY: array([ -82.07168764,  -81.96259605,  -83.12646804,  -87.4337513 ,
        -81.7020167 ,  -82.64781966,  -82.82558754,  -82.69849208,
        -81.80622913,  -95.63156585,  -81.90107396,  -88.48278378,
        -78.55622071,  -85.82455101,  -79.592407  ,  -88.14407127,
        -89.2885199 , -100.89207541,  -78.61898692,  -89.16299083,
        -99.67570585,  -92.89014384,  -92.72247152,  -93.76581259,
        -90.82679127,  -93.46976254,  -90.89260007,  -93.67271129,
        -98.30725542,  -93.75555302,  386.07871637,  438.16756131,
        454.99020255,  434.22965937,  447.59092648,  453.09701839,
        436.12396386,  421.58304321,  460.11946397,  451.12886592,
         68.51022505,   72.88963435,   82.01263053,   15.30680797,
         47.20678682,   55.29829317,   77.12044508,   46.66880134,
         84.04876484,   81.17238151])
llh_GD_RAY_Renorm_gamma: array([ -94.08875965,  -94.52850219, -100.98450727,  -98.82712853,
        -89.44145478,  -98.90271495, -100.28287568,  -99.67611725,
        -94.36396513,  -89.73798503,  -96.41932196,  -96.08836584,
        -97.4472233 ,  -94.86963444, -100.94516957,  -94.56852106,
        -93.84823732,  -93.10066943,  -94.80344494,  -93.93216351,
       -101.60059938, -100.23724759, -102.93088134, -115.18325871,
        -99.39872177, -100.24010167, -102.27981947, -125.8979214 ,
       -100.70992939, -112.12685141,  371.30078392,  425.46292102,
        430.39719431,  415.16472542,  428.25943602,  430.19303992,
        420.01900989,  416.70273121,  431.61755618,  428.20537965,
         58.24114412,   62.01215313,   57.84040684,    3.88416522,
         43.32180305,   51.32537851,   62.36643552,   58.46302201,
         57.28553236,   57.99513361])
llh_GD_RAY_Renorm_eta: array([ -89.63020881,  -90.31283845,  -90.1487227 ,  -95.81631617,
        -89.17886488,  -90.00114896,  -90.6401382 ,  -90.18356356,
        -89.92853147,  -92.27753722,  -94.22165215,  -95.25892476,
        -93.60214689,  -94.0069019 ,  -95.16226691,  -94.5137535 ,
        -93.47856816,  -92.85613838,  -93.06889868,  -94.12466931,
       -101.88492546,  -99.804666  , -100.62933906, -102.57115661,
        -99.0184065 ,  -99.23677747,  -99.31141764, -102.66264083,
       -100.33822667, -100.38402628,  366.13211445,  423.87423707,
        427.15922507,  410.77064371,  426.4497624 ,  426.30839904,
        418.22152959,  415.61648858,  430.81610009,  425.25415208,
         56.62362755,   58.80155834,   61.17335569,   -4.74644888,
         44.98495495,   38.74352024,   61.84585617,   43.37590159,
         60.97087211,   61.91466789])
llh_GD_RAY_Renorm_gammaeta: array([-8.99310752e+01, -9.03249657e+01, -9.08225238e+01, -9.14348232e+01,
       -9.21738362e+01, -9.30531428e+01, -9.06853252e+01, -9.11245751e+01,
       -9.16359098e+01, -9.22250889e+01, -9.28985268e+01, -9.36635267e+01,
       -9.08111520e+01, -9.16969980e+01, -9.28397240e+01, -9.42801068e+01,
       -9.60704562e+01, -9.82777617e+01, -9.61966603e+01, -9.65926338e+01,
       -9.70047919e+01, -9.74337116e+01, -9.78799916e+01, -9.83442509e+01,
       -8.91591907e+01, -8.91557134e+01, -8.91699824e+01, -8.92037272e+01,
       -8.92588417e+01, -8.93373646e+01, -9.05597219e+01, -9.13032666e+01,
       -9.22574680e+01, -9.34522313e+01, -9.49246859e+01, -9.67219359e+01,
       -9.13372051e+01, -9.22126143e+01, -9.32894375e+01, -9.45957864e+01,
       -9.61666604e+01, -9.80451882e+01, -9.08013370e+01, -9.16102040e+01,
       -9.26364557e+01, -9.39114724e+01, -9.54746477e+01, -9.73757689e+01,
       -9.02747171e+01, -9.07025163e+01, -9.12197283e+01, -9.18346363e+01,
       -9.25563790e+01, -9.33954089e+01, -9.17926148e+01, -9.13499888e+01,
       -9.09484250e+01, -9.05870758e+01, -9.02652567e+01, -8.99823557e+01,
       -9.44325808e+01, -9.46718621e+01, -9.49429832e+01, -9.52495711e+01,
       -9.55953330e+01, -9.59840045e+01, -9.53645934e+01, -9.54743372e+01,
       -9.55882756e+01, -9.57065283e+01, -9.58292147e+01, -9.59564541e+01,
       -9.38533018e+01, -9.41695847e+01, -9.45693088e+01, -9.50736029e+01,
       -9.57054875e+01, -9.64887109e+01, -9.41056804e+01, -9.42116784e+01,
       -9.43254362e+01, -9.44475170e+01, -9.45785054e+01, -9.47190048e+01,
       -9.56577277e+01, -9.62436136e+01, -9.69311229e+01, -9.77316874e+01,
       -9.86576199e+01, -9.97230928e+01, -9.45214808e+01, -9.45292401e+01,
       -9.45370315e+01, -9.45448552e+01, -9.45527113e+01, -9.45605999e+01,
       -9.35238159e+01, -9.35713329e+01, -9.36212617e+01, -9.36737532e+01,
       -9.37289665e+01, -9.37870692e+01, -9.28704699e+01, -9.28910423e+01,
       -9.29182478e+01, -9.29524658e+01, -9.29940567e+01, -9.30433560e+01,
       -9.31896817e+01, -9.33369386e+01, -9.35170741e+01, -9.37397093e+01,
       -9.40174812e+01, -9.43659583e+01, -9.40954893e+01, -9.40668887e+01,
       -9.40388556e+01, -9.40113781e+01, -9.39844445e+01, -9.39580435e+01,
       -1.01842998e+02, -1.01801511e+02, -1.01760463e+02, -1.01719850e+02,
       -1.01679670e+02, -1.01639921e+02, -9.98585612e+01, -9.99149545e+01,
       -9.99739269e+01, -1.00035560e+02, -1.00099936e+02, -1.00167137e+02,
       -1.00873592e+02, -1.01143447e+02, -1.01440480e+02, -1.01766248e+02,
       -1.02122271e+02, -1.02510015e+02, -1.03663832e+02, -1.04969670e+02,
       -1.06502842e+02, -1.08275157e+02, -1.10299032e+02, -1.12592199e+02,
       -9.90533413e+01, -9.90932760e+01, -9.91390206e+01, -9.91914563e+01,
       -9.92515325e+01, -9.93202630e+01, -9.93220140e+01, -9.94226713e+01,
       -9.95410069e+01, -9.96793974e+01, -9.98403219e+01, -1.00026345e+02,
       -9.94940865e+01, -9.97346301e+01, -1.00046034e+02, -1.00442014e+02,
       -1.00936765e+02, -1.01544655e+02, -1.04325228e+02, -1.06443134e+02,
       -1.09053491e+02, -1.12196747e+02, -1.15945548e+02, -1.20437040e+02,
       -9.92324772e+01, -9.88048189e+01, -9.87627830e+01, -9.88530441e+01,
       -9.90274620e+01, -9.94942729e+01, -1.01123344e+02, -1.02114268e+02,
       -1.03399499e+02, -1.05016037e+02, -1.06992827e+02, -1.09353552e+02,
        3.66874540e+02,  3.67615656e+02,  3.68355439e+02,  3.69093867e+02,
        3.69830918e+02,  3.70566565e+02,  4.24111417e+02,  4.24345216e+02,
        4.24575618e+02,  4.24802607e+02,  4.25026165e+02,  4.25246275e+02,
        4.27740727e+02,  4.28283342e+02,  4.28786545e+02,  4.29249868e+02,
        4.29672919e+02,  4.30055411e+02,  4.11425064e+02,  4.12070741e+02,
        4.12707578e+02,  4.13335484e+02,  4.13954369e+02,  4.14564145e+02,
        4.26730765e+02,  4.27004356e+02,  4.27270488e+02,  4.27529109e+02,
        4.27780173e+02,  4.28023630e+02,  4.27007103e+02,  4.27659043e+02,
        4.28263459e+02,  4.28819636e+02,  4.29326941e+02,  4.29784859e+02,
        4.18485276e+02,  4.18746717e+02,  4.19005843e+02,  4.19262645e+02,
        4.19517113e+02,  4.19769238e+02,  4.15773685e+02,  4.15930211e+02,
        4.16086065e+02,  4.16241246e+02,  4.16395752e+02,  4.16549581e+02,
        4.30981408e+02,  4.31129286e+02,  4.31259963e+02,  4.31373729e+02,
        4.31470948e+02,  4.31552054e+02,  4.25727988e+02,  4.26184718e+02,
        4.26624157e+02,  4.27046123e+02,  4.27450433e+02,  4.27836910e+02,
        5.68716119e+01,  5.71140081e+01,  5.73507838e+01,  5.75819096e+01,
        5.78073595e+01,  5.80271108e+01,  5.94840247e+01,  6.00883105e+01,
        6.06156995e+01,  6.10684707e+01,  6.14497776e+01,  6.17632365e+01,
        6.08385427e+01,  6.04593906e+01,  6.00345155e+01,  5.95622185e+01,
        5.90405267e+01,  5.84673053e+01, -3.46491678e+00, -2.20026102e+00,
       -9.52105534e-01,  2.79954528e-01,  1.49635911e+00,  2.69758819e+00,
        4.47503145e+01,  4.45146602e+01,  4.42780100e+01,  4.40403814e+01,
        4.38017922e+01,  4.35622602e+01,  4.07147919e+01,  4.26419643e+01,
        4.45167293e+01,  4.63306435e+01,  4.80753573e+01,  4.97428086e+01,
        6.20067630e+01,  6.21395873e+01,  6.22443950e+01,  6.23207126e+01,
        6.23675271e+01,  6.23833653e+01,  4.60940904e+01,  4.86632408e+01,
        5.10574445e+01,  5.32531025e+01,  5.52296876e+01,  5.69703986e+01,
        6.05977643e+01,  6.01768488e+01,  5.97063925e+01,  5.91843326e+01,
        5.86083820e+01,  5.79761938e+01,  6.16125717e+01,  6.12298828e+01,
        6.07641333e+01,  6.02123177e+01,  5.95703896e+01,  5.88332306e+01])
max_RAY_Renorm: 431.61755617576404
llh_GD_GSS: array([ -94.71536758,  -86.66832296,  -85.11661734,  -91.14899366,
       -110.55082796,  -87.51644264,  -82.86255199, -102.83299483,
       -113.96416414,  -87.94041911,  -78.8262155 ,  -97.05987677,
        -86.11531227,  -97.82596364,  -79.83843701,  -89.4377072 ,
       -122.59808201,  -91.72486423,  -86.72522708,  -80.32708753,
        -97.51159715, -119.59834966,  -93.04160857,  -91.98075627,
        -90.99722116, -100.97644131,  -95.37444872, -108.23018596,
       -158.78465366, -114.5115615 ,  401.24734821,  468.90335441,
        453.3358237 ,  453.09309964,  470.43479979,  467.50798488,
        476.12212363,  410.3140425 , -138.02158217,  254.70328106,
         62.29736832,   38.26371366,   76.54662506,   86.98984279,
         82.01840334,   85.54408637,  -79.24526252,   84.41241626,
         87.37423655,   57.53133473])
llh_GD_GSS_Renorm_kappa: array([-104.88548911, -294.16637122, -282.65618488, -139.00628751,
       -159.35276706, -132.14395193, -120.54392672, -164.30560103,
       -121.6642128 , -142.30364928, -249.73884479, -140.51647662,
       -108.49343338, -182.49678533, -222.08601914, -132.05745652,
       -130.35258011, -377.85434634, -174.31980134, -139.81354471,
       -808.95297084, -121.60055371, -151.26097365, -111.19726167,
       -129.12911924, -133.03846292, -258.04466062, -108.08945829,
       -179.8892731 , -115.61020809,  386.73941955,  438.48493905,
        436.027761  ,  440.42682286,  433.92703381,  436.95862205,
        432.10768801,  436.45121924,  236.12008088,  431.51800737,
         20.76788185,   15.89166788,   35.97782678,   24.89972028,
         17.7730096 ,   58.72004634,   14.47421316,   41.79430383,
         49.3232564 ,  -41.11221995])
llh_GD_GSS_Renorm_tau: array([-132.91412795, -332.9121152 , -472.05418663, -156.17859638,
       -114.85215136, -248.19627965, -214.92060467, -148.82837457,
       -628.81443035, -249.56794923, -373.52941245, -147.89444255,
       -140.89069537, -207.14574516, -374.98036075, -601.27791654,
       -135.31325227, -288.50672164, -273.66084495, -400.34722436,
       -733.69348177, -110.53934319, -270.2585984 , -213.96635426,
       -492.80199249, -207.6166144 , -246.78725702, -123.07138835,
       -130.44588562, -129.54684143,  155.04855967,  146.45284657,
        425.15214734,  430.23600975,  436.1751445 ,  438.06634043,
        420.01485676,   88.06016909, -206.09017092,   10.32594361,
        -69.93011045, -122.99433034,   39.65290341,  -67.19764577,
        -57.16630912, -136.23304609, -188.39840804, -116.54640053,
       -113.39455051,  -98.68809167])
llh_GD_GSS_Renorm_kappatau: array([-1.16270952e+02, -1.08161310e+02, -1.07006778e+02, -1.06091016e+02,
       -1.05424700e+02, -1.05018977e+02, -3.75176602e+02, -3.51737731e+02,
       -3.30844886e+02, -3.13356090e+02, -3.00381570e+02, -2.93361439e+02,
       -4.31656165e+02, -3.92819355e+02, -3.56662933e+02, -3.24766114e+02,
       -2.99386093e+02, -2.83777221e+02, -1.16197282e+02, -1.57704523e+02,
       -1.51237896e+02, -1.45979376e+02, -1.42075475e+02, -1.39690032e+02,
       -1.24372252e+02, -1.32562362e+02, -1.39440564e+02, -1.45290903e+02,
       -1.50380241e+02, -1.54954633e+02, -2.33744854e+02, -2.07294633e+02,
       -1.83423313e+02, -1.62881894e+02, -1.46623997e+02, -1.35862852e+02,
       -1.90290695e+02, -1.71440551e+02, -1.54730222e+02, -1.40638799e+02,
       -1.29747776e+02, -1.22763416e+02, -1.13279942e+02, -1.00676790e+02,
       -1.83135027e+02, -1.75154614e+02, -1.69143433e+02, -1.65409041e+02,
       -5.73747547e+02, -4.80584725e+02, -3.86887746e+02, -2.96197669e+02,
       -2.13879811e+02, -1.49552091e+02, -1.84676323e+02, -2.37108456e+02,
       -2.07631338e+02, -1.81921258e+02, -1.61254413e+02, -1.47310255e+02,
       -3.47240087e+02, -3.19949343e+02, -2.95565298e+02, -2.75001838e+02,
       -2.59431954e+02, -2.50363857e+02, -1.31303562e+02, -1.53169557e+02,
       -1.48734231e+02, -1.45169301e+02, -1.42553191e+02, -1.40971270e+02,
       -1.23562909e+02, -1.19284292e+02, -1.15642796e+02, -1.12687780e+02,
       -1.10472366e+02, -1.09053734e+02, -2.24002115e+02, -2.11945090e+02,
       -2.01550840e+02, -1.93082440e+02, -1.86842688e+02, -1.83180259e+02,
       -3.47623023e+02, -3.14186532e+02, -2.83844371e+02, -2.57722016e+02,
       -2.37304503e+02, -2.24557164e+02, -5.05260161e+02, -4.22535160e+02,
       -3.42056308e+02, -2.66649633e+02, -2.00752609e+02, -1.51726625e+02,
       -1.34665695e+02, -1.34028495e+02, -1.33358561e+02, -1.32653159e+02,
       -1.31909378e+02, -1.31124129e+02, -2.39834449e+02, -4.24554153e+02,
       -4.06440455e+02, -3.91674191e+02, -3.81174193e+02, -3.76088661e+02,
       -2.71739027e+02, -2.45621263e+02, -2.22250649e+02, -2.02375076e+02,
       -1.86930115e+02, -1.77088111e+02, -4.01650264e+02, -3.40253955e+02,
       -2.82073624e+02, -2.29139625e+02, -1.84437452e+02, -1.52426055e+02,
       -8.69797482e+02, -8.45501262e+02, -8.19855136e+02, -7.95415343e+02,
       -7.77181023e+02, -7.75041452e+02, -1.11510332e+02, -1.12698951e+02,
       -1.13999933e+02, -1.15443521e+02, -1.17076699e+02, -1.18978309e+02,
       -2.90048619e+02, -2.55686368e+02, -2.24040733e+02, -1.96147283e+02,
       -1.73384746e+02, -1.57597618e+02, -1.82688603e+02, -1.64059580e+02,
       -1.47433312e+02, -1.33246407e+02, -1.22027803e+02, -1.14418788e+02,
       -4.49057572e+02, -3.78581149e+02, -3.10073412e+02, -2.45896036e+02,
       -1.89698021e+02, -1.47445142e+02, -1.62038559e+02, -1.94625564e+02,
       -1.75284670e+02, -1.58699973e+02, -1.45543832e+02, -1.36647286e+02,
       -2.34402844e+02, -3.32531563e+02, -3.08194453e+02, -2.87236439e+02,
       -2.70808584e+02, -2.60418554e+02, -1.18256574e+02, -1.15590232e+02,
       -1.13547514e+02, -1.11859682e+02, -1.10403284e+02, -1.09112873e+02,
       -1.03543660e+02, -1.09970057e+02, -1.23418180e+02, -1.38575807e+02,
       -1.62626821e+02, -1.80911371e+02, -1.18997805e+02, -1.18084526e+02,
       -1.17304498e+02, -1.16662268e+02, -1.16162541e+02, -1.15810179e+02,
        3.19222403e+02,  3.38979482e+02,  3.55776136e+02,  3.69305844e+02,
        3.79230821e+02,  3.85178789e+02,  1.67882896e+02,  1.87493885e+02,
        2.09769294e+02,  2.39888482e+02,  2.84894402e+02,  4.38358636e+02,
        4.26998501e+02,  4.28897113e+02,  4.30635847e+02,  4.32215784e+02,
        4.33634788e+02,  4.34883518e+02,  4.31874479e+02,  4.33569644e+02,
        4.35142320e+02,  4.36599540e+02,  4.37946927e+02,  4.39187876e+02,
        4.35877139e+02,  4.35553989e+02,  4.35229902e+02,  4.34906432e+02,
        4.34584649e+02,  4.34265227e+02,  4.37966378e+02,  4.37838088e+02,
        4.37693060e+02,  4.37533065e+02,  4.37359644e+02,  4.37174134e+02,
        4.24209450e+02,  4.27592504e+02,  4.30069096e+02,  4.31755801e+02,
        4.32737566e+02,  4.33007869e+02,  2.33737703e+02,  3.46980352e+02,
        4.24882046e+02,  4.04040824e+02,  4.21506359e+02,  4.32600722e+02,
       -1.03969835e+02, -1.31754247e+01,  6.85757169e+01,  1.38506907e+02,
        1.93041317e+02,  2.27564910e+02,  3.42401646e+02,  3.64239890e+02,
        3.53152574e+02,  3.55426632e+02,  3.95678845e+02,  4.22087915e+02,
       -4.23427835e+01, -1.64293949e+01,  3.74961187e-01,  2.57900286e+01,
        2.06342888e+01,  2.09003846e+01,  5.15034135e+01,  3.80180437e+01,
        2.77114397e+01,  2.17400645e+01,  9.74294694e+00,  1.47240521e+01,
        3.90630627e+01,  3.84703174e+01,  3.79153610e+01,  3.73946430e+01,
        3.69048303e+01,  3.64428068e+01, -4.79235754e+01, -2.63872732e+01,
       -1.03859792e+01,  5.05107265e+00,  2.49518674e+01,  2.50181916e+01,
       -3.78127887e+01, -2.45866909e+01, -1.41684285e+01,  1.67678891e+01,
        1.79659528e+01,  1.79215790e+01, -9.64615233e+01, -5.43543768e+01,
       -4.24568327e+00,  5.76637770e+01,  5.82814215e+01,  5.86366648e+01,
       -9.26819115e+01, -6.32046011e+01, -3.71105154e+01, -1.51996163e+01,
        1.54807320e+00,  1.19308534e+01, -5.93771300e+01, -1.51731566e+01,
        1.71178538e+01,  3.84427941e+01,  4.04262399e+01,  4.15626635e+01,
       -8.34101945e+01, -5.63158116e+01, -3.03466474e+01, -4.59188650e+00,
        2.34078965e+01,  4.93055554e+01, -5.27473690e+01, -4.83388649e+01,
       -4.48176315e+01, -4.22547017e+01, -4.07266744e+01, -4.03161534e+01])
max_GSS_Renorm: 440.4268228567617
