llh_GD_EXP: array([-10.9722963 ,  -9.40494673,  -9.70523113,  -9.56271169,
       -10.19846009,  -9.38016602,  -9.29190264,  -9.71866872,
        -8.75877748,  -9.36579   ,  -9.82920451, -12.5707507 ,
       -12.20169776, -10.92055775, -10.59238807,  -9.93426114,
        -9.85130262,  -9.44334762,  -9.80220698,  -9.77081072,
       -10.12982111,  -9.89430643, -10.20223199, -10.05615197,
       -10.59124495, -10.1388995 , -10.05809989, -11.09268619,
       -10.86720708, -10.13643942,   0.14273456,   0.05177286,
         0.24979492,  -0.32801375,   0.93237808,  -0.42339176,
         0.84470077,  -0.30571586,  -0.40495361,   0.47813032,
        -8.85777245,  -9.22995011,  -9.24974046,  -9.16072207,
        -9.17085585,  -9.21007887,  -9.35579282,  -9.19659844,
        -9.40872741,  -9.28649944])
llh_GD_EXP_Renorm_alpha: array([ -13.34764482,  -13.15197657,  -14.76856187,  -12.06015237,
        -13.46374062,  -12.28252646,  -12.65567714,  -12.03141624,
         -9.90024699,  -12.4303191 ,  -13.89147139,  -13.47370424,
        -13.20295095,  -15.4258904 ,  -15.21638407, -254.92661255,
        -13.17076717, -254.92661255,  -13.57443412, -192.92016242,
        -14.81155737,  -14.31923328,  -14.61880936, -398.695761  ,
        -18.70958565,  -14.46118581,  -13.80521974,  -13.78592753,
        -13.77825532,  -13.80361239,   -7.45845056,   -3.64329605,
         -2.80287809,   -2.40850664,  -14.58396483,   -2.27000518,
        -12.66618729,   -2.13258004,   -2.15816388,   -6.31149816,
        -13.33955133,  -11.71250481,  -11.65175999,  -12.87302352,
        -11.75471232,  -12.69818905,  -11.68722454,  -11.64423894,
        -11.76602631,  -11.82709734])
llh_GD_EXP_Renorm_beta: array([ -25.87979029,  -12.07939966,  -18.76325462,  -12.03603495,
        -12.11619402,  -12.06100169,  -12.06122496,  -12.11502164,
         -9.6923955 ,  -12.08625243,  -17.94064596,  -13.24931557,
        -14.05654359,  -14.04802657,  -13.3314647 ,  -28.61201629,
        -16.53520499, -254.92661255,  -20.40937805, -254.92661255,
        -15.08354426,  -19.42098295,  -14.52454257, -334.1633538 ,
        -16.42708098,  -21.83867381,  -21.35223188,  -13.78116511,
        -14.240756  ,  -15.26419687,   -2.29004157,   -2.51152967,
         -2.18226561,   -2.16750359,   -3.10915283,   -2.13871828,
         -3.22998301,   -2.16298422,   -2.3060611 ,   -2.29676509,
        -11.70655271,  -12.50375549,  -11.66327954,  -11.65342326,
        -11.66508261,  -11.91892573,  -12.8642571 ,  -11.67861386,
        -11.69067969,  -11.65380832])
llh_GD_EXP_Renorm_alphabeta: array([ -25.18485242,  -23.62721792,  -20.76126415,  -16.84481   ,
        -12.1846359 ,  -12.3451316 ,  -12.56068346,  -12.83028042,
        -17.94353113,  -17.1173224 ,  -16.30096725,  -15.51203059,
        -12.039815  ,  -12.0441161 ,  -12.04893892,  -12.05428412,
        -12.25533631,  -12.45824665,  -12.72651138,  -13.06170663,
        -12.08922006,  -12.12545927,  -12.16974681,  -12.22210059,
        -12.12191858,  -12.21171483,  -12.33070343,  -12.4787951 ,
        -12.07440642,  -12.0457074 ,  -12.02894348,  -12.02415891,
         -9.51477792,   -9.4718639 ,   -9.53570173,   -9.6843039 ,
        -12.13085756,  -12.18755416,  -12.25636988,  -12.33730343,
        -16.26637211,  -14.62818228,  -13.47860979,  -13.18814408,
        -13.18139548,  -13.17074326,  -13.21683015,  -13.31849133,
        -13.79452435,  -13.57804818,  -13.40730086,  -13.28227702,
        -14.2783971 ,  -14.53415779,  -14.81338262,  -15.11257982,
        -13.54206645,  -13.83867218,  -14.22067072,  -14.68427982,
       -125.53211842, -189.93111667, -222.38856968, -223.82808684,
        -15.49833067,  -14.54627965,  -13.78488501,  -13.30656437,
       -254.92661255, -254.92661255, -254.92661255, -254.92661255,
        -19.03776669,  -16.95336814,  -14.67722592,  -13.27494234,
       -254.92661255, -254.92661255, -254.92661255, -254.92661255,
        -14.27546935,  -13.84734995,  -13.80862865,  -14.14178503,
        -18.16908519,  -16.96845399,  -15.88657206,  -14.98681842,
        -14.02876017,  -13.79703546,  -13.82718333,  -14.10743032,
       -365.8501441 , -366.48010656, -398.695761  , -398.695761  ,
        -16.854294  ,  -17.29998257,  -17.76032199,  -18.2314594 ,
        -19.08790832,  -16.37355701,  -14.43268715,  -13.77863039,
        -19.36106535,  -17.34949973,  -15.59368522,  -14.35872258,
        -13.78194004,  -13.78280369,  -13.78375611,  -13.78479737,
        -14.07606131,  -13.94741839,  -13.8550155 ,  -13.79874246,
        -14.67476604,  -14.22733116,  -13.93185315,  -13.79135115,
         -2.72304809,   -3.45100466,   -4.48754551,   -5.83014693,
         -2.67499526,   -2.86930404,   -3.09513134,   -3.3530067 ,
         -2.25015964,   -2.34524004,   -2.46847151,   -2.62074952,
         -2.12798804,   -2.12988604,   -2.1756431 ,   -2.2677199 ,
         -4.42690099,   -6.31552565,   -8.71751818,  -11.52192794,
         -2.12417232,   -2.12924591,   -2.15472042,   -2.20138122,
         -4.37457529,   -5.93658488,   -7.8841094 ,  -10.15523982,
         -2.1433826 ,   -2.13038134,   -2.12413921,   -2.12481765,
         -2.26676057,   -2.23239731,   -2.20289524,   -2.17817692,
         -2.65640034,   -3.23159129,   -4.03272534,   -5.0618683 ,
        -11.86500346,  -12.11670959,  -12.45428656,  -12.86661299,
        -12.2801753 ,  -12.08717895,  -11.92712509,  -11.80182087,
        -11.65272604,  -11.64630767,  -11.64401663,  -11.64584003,
        -11.75185589,  -11.95179071,  -12.2379436 ,  -12.57281619,
        -11.67738669,  -11.69250761,  -11.71044085,  -11.73117915,
        -12.04814271,  -12.19710092,  -12.36079873,  -12.53158494,
        -12.37292627,  -11.9958748 ,  -11.75090242,  -11.64747394,
        -11.66705884,  -11.65784483,  -11.6509717 ,  -11.64643758,
        -11.65475138,  -11.64409681,  -11.65904112,  -11.69971202,
        -11.6713545 ,  -11.69760165,  -11.73242315,  -11.77565732])
max_EXP_Renorm: -2.1241392068839122
llh_GD_PWL: array([        nan,         nan,  2.38566094,         nan,         nan,
       -9.49795895,         nan,         nan,  5.6961348 ,         nan,
               nan,         nan,         nan, -9.21510878,         nan,
               nan,         nan,         nan,  0.83582294, -7.33149736,
               nan,         nan,         nan,         nan,         nan,
               nan,         nan,         nan,         nan,         nan,
       -1.11891847, -2.8119494 , -1.45056391, -5.72372871, -1.21309515,
       -3.43260463, -0.31871992,         nan, -9.96183514, -2.26622878,
        2.17164063, -5.42100266,         nan,         nan,         nan,
               nan,         nan,         nan,         nan, -2.29929923])
llh_GD_PWL_Renorm_K: array([          nan,           nan,   -6.25074601,           nan,
                 nan,  -11.23085189,           nan,           nan,
         -3.67387412,           nan,           nan,           nan,
                 nan,  -17.30933657,           nan,           nan,
                 nan,           nan,   -6.0335424 ,   -2.09804905,
                 nan,           nan,           nan,           nan,
                 nan,           nan,           nan,           nan,
                 nan,           nan,   -5.53340856,   -5.28011728,
         -4.98620855, -152.02551202,   -2.3863038 ,  -54.11373436,
        -10.90768347,           nan, -129.39189665,   -3.68335758,
         -4.49927582,    1.88830621,           nan,           nan,
                 nan,           nan,           nan,           nan,
                 nan,   10.67772099])
llh_GD_PWL_Renorm_c: array([        nan,         nan,         nan,         nan,         nan,
               nan,         nan,         nan,         nan,         nan,
               nan,         nan,         nan,         nan,         nan,
               nan,         nan,         nan,         nan,         nan,
               nan,         nan,         nan,         nan,         nan,
               nan,         nan,         nan,         nan,         nan,
       -5.09410504, -6.71980581, -3.79064759,         nan, -3.6785308 ,
               nan, -2.5134318 ,         nan,         nan, -6.03197755,
               nan,         nan,         nan,         nan,         nan,
               nan,         nan,         nan,         nan,         nan])
lllh_GD_PWL_Renorm_p: array([         nan,          nan, -15.58088417,          nan,
                nan, -11.13889078,          nan,          nan,
        -6.77178852,          nan,          nan,          nan,
                nan, -12.51505759,          nan,          nan,
                nan,          nan,  -7.27528989, -18.9767728 ,
                nan,          nan,          nan,          nan,
                nan,          nan,          nan,          nan,
                nan,          nan,  -5.39241423, -15.05808229,
        -5.44976597,  -1.19953334,  -3.62712169, -30.71359042,
        -1.36792844,          nan,  -1.0934852 , -11.29699278,
        -5.21344963, -11.75662112,          nan,          nan,
                nan,          nan,          nan,          nan,
                nan,  -4.88505117])
llh_GD_PWL_Renorm_Kc: array([         nan,          nan,          nan,          nan,
                nan,          nan,          nan,          nan,
                nan,          nan,          nan,          nan,
                nan,          nan,          nan,          nan,
                nan,          nan,          nan,          nan,
                nan,          nan,          nan,  -3.62638764,
                nan,          nan,          nan,          nan,
                nan,          nan,          nan,          nan,
                nan,          nan,          nan,          nan,
                nan,          nan,          nan,          nan,
                nan,          nan,          nan,          nan,
                nan,          nan,          nan,          nan,
                nan,          nan,          nan,          nan,
                nan,          nan,          nan,          nan,
                nan,          nan,          nan,          nan,
                nan,          nan,          nan,          nan,
                nan,          nan,          nan,          nan,
                nan,          nan,          nan,          nan,
                nan,          nan,          nan,          nan,
                nan,          nan,          nan,          nan,
                nan,          nan,          nan,          nan,
                nan,          nan,          nan,          nan,
                nan,          nan,          nan,          nan,
                nan,          nan,          nan,          nan,
                nan,          nan,          nan,          nan,
                nan,          nan,          nan,          nan,
                nan,          nan,          nan,          nan,
                nan,          nan,          nan,          nan,
                nan,          nan,          nan,          nan,
                nan,          nan,          nan,          nan,
        -5.14138391,  -5.23800031,  -5.33555061,  -5.43402373,
        -2.49514002,  -3.51534095,  -3.72961938,  -4.35721497,
        -3.75160414,  -3.80194688,  -4.01636341,  -4.41192265,
        -1.82651788,  -0.95564123, -15.83831201, -59.33261029,
        -3.30099756,  -3.02818526,  -2.78439698,  -2.57025859,
                nan,          nan,          nan,          nan,
        -9.67484938, -10.45508485, -10.97056212, -11.14608477,
                nan,          nan,          nan,          nan,
        -0.89613656,  -8.32476589, -26.88285255, -63.5429378 ,
        -4.54872484,  -3.9464936 ,  -3.55900911,  -3.46141742,
                nan,          nan,          nan,          nan,
                nan,          nan,          nan,          nan,
                nan,          nan,          nan,          nan,
                nan,          nan,          nan,          nan,
                nan,          nan,          nan,          nan,
                nan,          nan,          nan,          nan,
                nan,          nan,          nan,          nan,
                nan,          nan,          nan,          nan,
                nan,          nan,          nan,          nan,
                nan,          nan,          nan,          nan])
llh_GD_PWL_Renorm_Kp: array([         nan,          nan,          nan,          nan,
                nan,          nan,          nan,          nan,
       -13.21332268, -10.21525209,  -8.43646116,  -7.00091745,
                nan,          nan,          nan,          nan,
                nan,          nan,          nan,          nan,
       -10.84520741, -10.73536637, -10.79930508, -10.99529661,
                nan,          nan,          nan,          nan,
                nan,          nan,          nan,          nan,
        -5.14846874,  -4.68337256,  -4.27405011,  -3.93251278,
                nan,          nan,          nan,          nan,
                nan,          nan,          nan,          nan,
                nan,          nan,          nan,          nan,
                nan,          nan,          nan,          nan,
       -11.32145284, -11.1002797 , -12.39627477, -15.31187043,
                nan,          nan,          nan,          nan,
                nan,          nan,          nan,          nan,
                nan,          nan,          nan,          nan,
                nan,          nan,          nan,          nan,
        -6.94462714,  -6.64816849,  -6.39228614,  -6.184449  ,
       -16.91942615, -14.05468602, -10.09503801,  -5.18544631,
                nan,          nan,          nan,          nan,
                nan,          nan,          nan,          nan,
                nan,          nan,          nan,          nan,
                nan,          nan,          nan,          nan,
                nan,          nan,          nan,          nan,
                nan,          nan,          nan,          nan,
                nan,          nan,          nan,          nan,
                nan,          nan,          nan,          nan,
                nan,          nan,          nan,          nan,
                nan,          nan,          nan,          nan,
        -5.41018324,  -5.43321825,  -5.46146696,  -5.49487961,
        -9.58624607,  -4.79128264,  -1.68535455,  -1.47398857,
        -3.43387288,  -2.06375381,  -1.58949132,  -2.34850058,
        -3.11150266, -12.17914   , -33.35325903, -75.02243787,
        -3.08819634,  -2.68138041,  -2.41885073,  -2.31439343,
       -22.88042872, -12.09139494,  -2.57604287,  -5.0482614 ,
        -0.74851282,  -1.20677679,  -2.95395719,  -6.15995137,
                nan,          nan,          nan,          nan,
        -1.83546081,  -8.42592916, -25.27741654, -60.46494   ,
        -7.8426651 ,  -4.85856058,  -2.71096927,  -1.91627617,
        -5.05280513,  -4.90030475,  -4.75667843,  -4.62271611,
        -9.4534395 ,  -6.72050315,  -3.15412141,  -0.52392114,
                nan,          nan,          nan,          nan,
                nan,          nan,          nan,          nan,
                nan,          nan,          nan,          nan,
                nan,          nan,          nan,          nan,
                nan,          nan,          nan,          nan,
                nan,          nan,          nan,          nan,
                nan,          nan,          nan,          nan,
        -2.26983481,   0.71245587,   4.94570767,   7.83986485])
max_PWL_Renorm: nan
llh_GD_QEXP: array([  5.30643492,  -2.96681302,  11.59635618, -12.63594173,
         4.87547002,   5.84644368,  -8.09551381,   6.18508813,
        -5.64226511,  -0.13024297,   3.49575913,   0.89077106,
        -5.56054486,   3.04333442,  -4.09598576,   2.88792008,
         2.12432177,  -1.28929986,   0.35933744,  -0.56351235,
        -5.70456394,  12.41258118,   1.18996597,   5.57419122,
       -17.55140088,  -5.84962977,   6.60009405,   4.47296196,
         1.27030223,  -1.03979003,  37.04485764,  52.2070387 ,
        60.12601702,  44.72243608,  49.10300089,  54.61146349,
        61.66540277,  42.49578912,  28.27538408,  51.61630975,
        -8.7593805 ,   2.65887131,   1.74157085,  -7.97444821,
        -3.74007182,  -2.47105112,   0.67360562,  -1.33121903,
        -0.5987186 ,  -2.57838693])
llh_GD_QEXP_Renorm_a: array([-11.44285521, -12.59219302, -12.47160686, -12.5532577 ,
       -12.29613803, -12.14067268, -14.11996175, -12.50959814,
        -8.52183876, -12.339703  , -12.63846676, -12.51843625,
       -12.66372008, -12.48230593, -10.03756211, -15.59185822,
       -12.88643161, -12.47534827, -12.84665374, -14.12468334,
       -19.15035   , -12.96459297, -17.02916302, -12.52081113,
       -17.16609474, -22.63181275, -15.37836285, -15.9148611 ,
       -16.91943477, -23.39212828,  -2.58938166,   0.20152239,
         0.27594594,  -0.06242602,  -1.70242432,   0.47322713,
         0.8097418 ,  -3.48997451,   0.06759541,  -1.57180273,
       -10.22468308, -11.52550055, -11.75487787, -11.61923961,
       -11.52501069, -11.80948349, -11.57042391, -11.7874984 ,
       -11.68692379, -11.6347714 ])
lllh_GD_QEXP_Renorm_q: array([-13.37307625,          nan,          nan, -13.78342522,
                nan,          nan, -17.95667548,          nan,
       -12.26058923,          nan,          nan,          nan,
       -10.99221559,          nan, -10.04141643, -16.19679827,
                nan,          nan,          nan,  -9.30354936,
        -9.18204144, -22.67183529,  -8.36757859,  -6.30292067,
       -20.9500264 , -15.20323815, -16.02007692,  -6.98370697,
        -8.41796477,  -6.29660478,  36.88815701,          nan,
                nan,          nan,          nan,          nan,
                nan,  44.71513002,  28.4127611 ,          nan,
       -15.73845504,          nan,          nan,          nan,
                nan,          nan,          nan,          nan,
                nan,          nan])
llh_GD_QEXP_Renorm_aq: array([ -6.18445808,  -6.98489839,  -8.27342879,  -9.80680112,
                nan,          nan,  -7.48064282, -10.15936325,
                nan,          nan,          nan,  -8.6142857 ,
       -13.54357   , -13.3006205 , -13.05458155, -12.8054586 ,
                nan,          nan,          nan,          nan,
                nan,          nan,          nan,          nan,
       -17.16261439, -16.44479451, -15.69617675, -14.91993954,
                nan,          nan,          nan,  -9.70781263,
       -11.4913341 , -10.72427148,  -9.96707672,  -9.22908557,
                nan,          nan,          nan, -11.07175697,
                nan,          nan,          nan, -10.38387078,
                nan,          nan,          nan,          nan,
       -11.34161495, -11.68348895, -12.01781136, -12.34456066,
                nan,          nan,          nan,          nan,
       -10.04064505, -10.03987392, -10.03910306, -10.03833245,
        -9.30892612, -10.28274638, -12.00404582, -13.86125696,
                nan,  -5.51440874,  -8.24915108, -10.71207421,
                nan,          nan,          nan,          nan,
                nan,  -6.60285596,  -8.8987112 , -10.98316903,
        -9.74515069, -10.65371948, -11.76892911, -12.95295525,
       -11.23342518, -13.3559609 , -15.42204633, -17.35052712,
       -16.68294319,  -6.30438116,  -7.65601231, -10.15451337,
       -10.0237856 , -11.80954176, -13.61603301, -15.37216249,
        -6.84394931,  -7.94956236,  -9.35651592, -10.91173693,
       -20.22948115, -19.45341631, -18.65292765, -17.92723547,
       -16.8616192 , -18.39195511, -19.96979956, -21.40898248,
        -6.3709733 ,  -7.82512351, -10.18143519, -12.800086  ,
        -8.42308262, -10.21086602, -12.13181704, -14.06003369,
       -10.04537262, -11.79530273, -13.56567394, -15.28921245,
        -8.57305653, -12.7088685 , -16.80631982, -20.49163358,
        28.20383798,  19.77439408,  11.74716183,   4.25702932,
                nan,  36.47367981,  23.79804808,  11.52853358,
                nan,          nan,  27.4979264 ,  13.33120494,
                nan,  32.47041833,  21.05138292,  10.07076512,
        41.71029162,  30.0400268 ,  18.67038898,   7.96876366,
                nan,          nan,  24.65588414,  12.10108834,
                nan,          nan,  28.29334105,  14.044023  ,
        33.92264418,  23.48941788,  13.65423456,   4.61529261,
        22.41586263,  16.52344975,  10.79322141,   5.2873268 ,
                nan,  35.84442786,  22.46898799,   9.80234626,
       -14.70992796, -13.5632285 , -12.47920088, -11.34699069,
                nan,          nan,          nan,          nan,
                nan,          nan,  -7.9545344 ,  -9.96668681,
                nan,          nan,          nan,          nan,
                nan,          nan,          nan,          nan,
        -6.3041644 ,  -7.83380814,  -9.26308132, -10.58920121,
                nan,          nan,          nan,          nan,
        -6.80472486,  -8.1819788 ,  -9.47269473, -10.67507204,
                nan,          nan,          nan, -10.2609161 ,
                nan,          nan,          nan, -10.16625215])
max_QEXP_Renorm: nan
llh_GD_RAY: array([ -9.53436725, -10.25577753,  -9.21592829,  -8.96754655,
        -8.62664675,  -9.36879761, -10.09634869,  -9.29679085,
        -9.15640757,  -9.45568638, -10.72792812,  -9.84608557,
       -10.23183066,  -8.75398275,  -8.91053921, -10.76181928,
        -9.82217771, -10.23871693,  -9.83422791,  -9.42074761,
        -9.29448267, -10.78671394, -10.65352187, -10.33851505,
       -11.4213487 , -11.05254864,  -9.10525761, -10.2467377 ,
        -9.83252205, -10.37574427,  -1.40983891,   0.73049547,
         0.52453408,   0.28657069,  -0.87569316,   0.48279284,
         1.03525892,   1.52821056,  -4.31356228,   0.14319794,
        -9.861873  ,  -8.30929674,  -8.81271995,  -9.52121626,
       -10.4345435 , -13.11553101,  -9.66303125,  -9.49687654,
        -9.53792235,  -9.8574522 ])
llh_GD_RAY_Renorm_gamma: array([ -10.91196351,  -10.63736304,  -10.52079993,  -10.58158352,
        -12.45131522,  -10.46895883,  -26.32843602,  -10.93713365,
        -10.45784925,  -10.85190339,  -13.09592428,  -12.72747678,
        -17.01562707, -188.43944182, -188.59892415,  -14.80969921,
        -12.03935876,  -16.77991898,  -13.71530914, -188.10243201,
       -398.695761  ,  -12.89891506,  -13.47877628,  -13.11189117,
        -13.37072756,  -13.58630207, -367.71367932,  -13.74838381,
        -13.57692787,  -12.45920117,   -1.75902014,   -1.58963486,
         -1.58958213,   -1.6693105 ,   -1.74919087,   -1.82646976,
         -2.23517935,  -19.284519  ,   -1.62110292,   -1.7455704 ,
        -17.52393044,  -19.91835515,  -11.51720072,  -13.53628025,
        -11.38069147,  -11.81337451,  -12.98236112, -219.01649055,
        -11.56202225,  -11.69200277])
llh_GD_RAY_Renorm_eta: array([ -10.80557273,  -10.59961664,  -10.56380681,  -10.50626316,
        -11.21135925,  -10.52362247, -220.97625353,  -11.19005611,
        -10.52258729,  -10.61262308,  -12.22637343,  -13.00142448,
        -12.39732088, -222.04036204, -254.92661255,  -12.99986384,
        -12.71175989,  -12.33187071,  -13.91665491, -223.10592997,
       -398.695761  ,  -12.57527988,  -12.44219891,  -13.04027045,
        -12.73091593,  -12.86395944, -398.695761  ,  -13.32326044,
        -14.70002995,  -12.5289458 ,   -2.90955295,   -1.6725901 ,
         -1.70194082,   -1.91491848,   -2.59314185,   -1.57460789,
         -1.57148943,   -4.57127091,   -2.85568963,   -2.03771638,
        -11.18692245,   -8.31647835,  -11.48539698,  -13.25061618,
        -12.01550798,  -16.23638538,  -14.19444848,  -19.91835515,
        -12.05807776,  -11.40091011])
llh_GD_RAY_Renorm_gammaeta: array([ -10.82545233,  -10.84601569,  -10.86727813,  -10.88925537,
        -10.60691815,  -10.61434505,  -10.6218958 ,  -10.62956892,
        -10.55439792,  -10.54540003,  -10.53680579,  -10.52860807,
        -10.51949744,  -10.53368156,  -10.54877958,  -10.56475752,
        -11.39141971,  -11.60028017,  -11.84337831,  -12.12572838,
        -10.47894671,  -10.44883306,  -10.435463  ,  -10.44125891,
        -25.89269583,  -26.32764713,  -26.32843464,  -26.32843602,
        -11.13474218,  -11.08195688,  -11.03152713,  -10.9832978 ,
        -10.50588061,  -10.49112567,  -10.47824817,  -10.46717809,
        -10.65067214,  -10.69332239,  -10.7408636 ,  -10.7936104 ,
        -12.3531546 ,  -12.5034976 ,  -12.67746599,  -12.87495482,
        -12.94327493,  -12.88680153,  -12.83200943,  -12.77890116,
        -12.98291141,  -13.80886001,  -14.85389307,  -15.96691987,
       -191.14194141, -189.57105571, -188.98576832, -188.65068322,
       -254.92661255, -222.43383779, -221.90237611, -189.27523467,
        -13.29327515,  -13.62301486,  -13.98861592,  -14.38681485,
        -12.33528281,  -12.08103093,  -11.94105421,  -11.91955406,
        -12.8718777 ,  -13.6445186 ,  -14.63958429,  -15.73913958,
        -12.724042  ,  -12.07230345,  -11.92571106,  -12.41066144,
       -221.95695259, -189.07833842, -188.40345383, -188.1747031 ,
       -398.695761  , -398.695761  , -398.695761  , -398.695761  ,
        -12.62495929,  -12.68199655,  -12.74652485,  -12.81873995,
        -12.43934285,  -12.53676104,  -12.73557017,  -13.04246018,
        -13.05425347,  -13.06840663,  -13.08273035,  -13.09722506,
        -12.82754784,  -12.93868856,  -13.06530481,  -13.20873229,
        -12.97593633,  -13.10266374,  -13.24544671,  -13.4059655 ,
       -398.695761  , -398.695761  , -398.695761  , -398.695761  ,
        -12.70222784,  -12.44106429,  -12.51473174,  -12.92601953,
        -14.44318616,  -14.20232798,  -13.97764343,  -13.7691933 ,
        -12.51177203,  -12.496217  ,  -12.48227388,  -12.46993686,
         -2.63312499,   -2.36861985,   -2.128124  ,   -1.92220278,
         -1.62073259,   -1.58630898,   -1.56957689,   -1.57066855,
         -1.67196365,   -1.64569531,   -1.62318424,   -1.60446956,
         -1.85493929,   -1.80019411,   -1.75089418,   -1.7072174 ,
         -2.38597465,   -2.19313986,   -2.0199375 ,   -1.87080652,
         -1.5691439 ,   -1.59157739,   -1.64193264,   -1.7202127 ,
         -1.61253384,   -1.6992459 ,   -1.8316915 ,   -2.01015084,
         -6.67048179,   -9.31049893,  -12.40077485,  -15.78927268,
         -2.5223048 ,   -2.21404502,   -1.95142972,   -1.7503665 ,
         -1.96947046,   -1.90588165,   -1.84721827,   -1.79371432,
        -11.57907964,  -12.36320262,  -13.64324738,  -15.4010129 ,
        -19.8208703 ,  -19.9180992 ,  -19.91835449,  -19.91835515,
        -11.49165782,  -11.49796853,  -11.5043292 ,  -11.5107399 ,
        -11.97260921,  -11.25621815,  -11.09375895,  -11.67889768,
        -11.85886986,  -11.71722436,  -11.59050211,  -11.47844956,
        -15.01664426,  -13.94601758,  -13.0462458 ,  -12.33674719,
        -12.57150271,  -11.50440186,  -11.08622444,  -11.39953009,
        -19.91835515,  -19.91835599,  -19.91908203,  -20.59427812,
        -11.94129852,  -11.83366467,  -11.73481745,  -11.64439135,
        -11.45034194,  -11.50401181,  -11.56207281,  -11.62468259])
max_RAY_Renorm: -1.5691439046067117
llh_GD_GSS: array([-10.05651288,  -8.53269527, -10.0573883 ,  -9.65146139,
       -10.13824803, -15.29014311, -13.11978622, -11.31007059,
       -10.68332295, -10.13142712, -10.48335799, -12.57922789,
        -9.6915422 , -10.79042185, -10.62558124, -10.69222553,
       -10.74119615, -11.14296838, -10.20344067, -11.01761721,
       -10.02990567, -19.78934139,  -9.87213943, -19.71844429,
       -10.65588205, -14.53821618, -12.18288744, -10.06046696,
       -10.13734043,  -9.85393459, -16.39505746, -12.48642553,
       -17.22999942, -18.95529585,  -1.29318458,  -2.33402637,
        -5.39713836,  -2.59951199,  -1.32063647,  -2.66486313,
       -10.15494709,  -9.81137122, -11.4635914 , -15.74966896,
       -12.51362295, -11.23530454, -10.35734401, -10.25086334,
       -14.73900307,  -8.77031513])
llh_GD_GSS_Renorm_kappa: array([-15.68597967,  -9.09233521, -30.09922126, -10.78964379,
       -11.22373576, -21.49874819, -19.37509332, -15.44510682,
       -28.05798643, -15.13954894, -16.15284763, -14.989014  ,
       -17.92344154, -18.52676584, -19.08265888, -18.42599601,
       -27.22558275, -16.143847  , -23.3067236 , -14.57024947,
       -17.85075716, -18.13453788, -17.36961112, -15.6573279 ,
       -31.93367272, -17.50462124, -18.16813462, -12.21692666,
       -12.45397996, -14.71347852,  -3.63299144,  -5.62741405,
       -20.2518937 , -44.73731336,  -2.92694916,  -2.99830255,
        -3.62304777,  -3.22343606,  -2.93397497,  -5.54828681,
       -14.72711296, -17.04148715, -19.77615104, -16.98206126,
       -16.35813199, -16.04572065, -16.77869151, -18.44280301,
       -17.32538036, -16.02958073])
llh_GD_GSS_Renorm_tau: array([-22.87993515, -13.85198525, -25.73213694, -16.88489761,
       -14.91719981, -17.92548268, -14.79393311, -17.7363212 ,
       -19.60992273, -24.84510934, -20.55299588, -15.48117642,
       -18.81452218, -16.56388239, -16.91316421, -16.91310369,
       -18.73537874, -20.31769701, -16.93708736, -15.91814352,
       -19.51685069, -15.18001542, -27.14203303, -17.55190855,
       -21.32393786, -22.74120626, -17.89074351, -17.48953712,
       -19.6887214 , -29.64822214, -34.58076837, -21.49353164,
        -8.21254423, -36.81644924,  -2.36280497, -22.657555  ,
       -14.00457829,  -3.30224194, -17.88025936,  -5.66445372,
       -17.3439941 , -15.20042023, -16.66831198, -15.26955346,
       -15.65513346, -15.08858019, -13.38086868, -16.20272985,
       -11.04555689, -20.58808503])
llh_GD_GSS_Renorm_kappatau: array([-26.32843602, -20.19464751, -18.27277122, -16.55810678,
       -16.88100598, -10.04173368,  -9.68762945,  -9.36950643,
       -26.32166472, -26.32843602, -25.59979568, -26.14690859,
       -17.20101428, -12.134971  , -11.60927958, -11.15537696,
       -15.80910437, -14.18221688, -11.47415349, -11.34131042,
       -18.58550162, -21.41446058, -21.14340844, -21.12590236,
       -12.34088535,  -9.52641088, -10.37644543, -19.32185231,
       -16.0781777 , -11.26536385, -16.5277383 , -15.84378506,
       -21.62664892, -24.58011743, -25.13935212, -26.21811031,
       -26.32843602, -21.32125487, -19.70078284, -16.93586306,
       -21.69558332, -17.15232456, -17.30347031, -16.26048855,
       -15.26649429, -15.06942201, -15.01415962, -14.98623679,
       -21.692218  , -17.58390492, -17.19904774, -17.20882172,
       -15.03243786, -14.51776905, -18.20555676, -18.25142354,
       -16.51068159, -18.70265717, -18.57694748, -18.66616803,
       -16.20444643, -18.15332914, -18.04816471, -18.1150994 ,
       -21.86461621, -24.48894512, -24.43380029, -25.58689717,
       -21.69558332, -18.98884636, -17.09932907, -16.04660522,
       -15.64011765, -20.83506423, -21.64228981, -22.14896748,
       -15.66696073, -14.9235656 , -14.7441068 , -14.62212467,
       -24.11796466, -19.55195024, -18.35770729, -17.65153515,
       -18.73539207, -18.36924511, -17.99598172, -17.8859069 ,
       -27.67761057, -27.67779368, -22.51691419, -19.21169821,
       -19.820272  , -16.14211485, -15.86263713, -15.69279733,
       -21.98496914, -23.91496572, -28.44065219, -29.56485745,
       -23.4960058 , -20.32944213, -18.90575473, -17.82360567,
       -20.27082398, -18.54167697, -18.00758888, -17.8283374 ,
       -21.4491891 , -13.74626337, -13.03547277, -12.50589202,
       -26.15001615, -15.65142129, -14.17680746, -13.03198237,
                nan,          nan,          nan,          nan,
       -38.08559054, -33.43318959, -15.06724996,  -8.01785771,
       -27.52110975, -12.77331753,  -9.35864649,  -6.76414901,
       -13.08544532, -14.29642697, -18.5753901 , -18.98931728,
       -38.08559054, -35.78258083, -33.73380684, -36.45931146,
        -1.53161229,  -1.59081858,  -1.51340043,  -6.71630131,
       -22.30031262,  -6.34628637,  -4.89060916,  -3.74407659,
       -14.69803862,  -5.85476859,  -4.26222317,  -3.87500584,
        -3.0044668 ,  -2.98849164,  -2.97388795,  -2.96039908,
       -20.83396535,  -8.59385924,  -3.67196136,  -3.25080139,
        -7.80077057,  -5.02543205,  -6.01974291,  -5.68256218,
       -16.41359588, -15.61703645, -15.16637313, -14.8418122 ,
       -20.19385227, -18.24330197, -17.33153565, -16.59109827,
       -12.78338776, -19.1290397 , -19.30164971, -19.51543843,
       -12.00597087, -16.57292991, -16.46641701, -16.56648885,
       -16.30551146, -16.53921847, -16.33444792, -16.25423814,
       -14.04154611, -14.31300558, -14.43989727, -14.19069822,
       -14.43553328, -16.72688621, -16.6638224 , -16.67395109,
       -13.97284836, -17.44625394, -17.45446529, -17.73752213,
       -12.20479004, -21.69627019, -16.38709464, -16.75011754,
       -20.60531271, -14.9415721 , -14.8247231 , -15.10933317])
max_GSS_Renorm: nan
