llh_GD_EXP: array([ -91.08335606,  -88.27549866,  -85.61921262,  -98.50221109,
        -86.14812101,  -87.64975847,  -90.12964156,  -97.55796308,
        -86.29459484,  -86.54328535,  -81.3979618 ,  -89.6707081 ,
        -91.57155339,  -81.36232062,  -79.50000667,  -91.68488782,
        -92.54056399,  -87.85324928,  -79.14582756,  -80.25448412,
        -96.72723097,  -90.43764584,  -91.22188928,  -96.49787849,
       -105.25106567,  -92.13232003,  -95.54764334,  -97.03474704,
       -101.53088706,  -96.20611401,  461.26340641,  395.38461745,
        469.91778691,  464.33897304,  445.96480164,  452.38895293,
        448.82466571,  443.24840706,  389.3190163 ,  469.38504878,
         67.00013274,   78.74077523,   58.69829362,   81.27271956,
         78.29446309,   60.30651977,   84.97422237,   86.48304834,
          3.47764496,   39.76840225])
llh_GD_EXP_Renorm_alpha: array([ -94.17898878,  -92.57216385,  -94.25191656, -107.96667083,
        -97.26127122, -100.56201298, -108.89407434, -103.59171459,
        -96.20107312,  -91.64777392,  -94.08694769, -116.09855089,
       -107.98591499,  -95.11744718,  -90.46191324, -104.64757972,
       -110.49126573,  -90.57356626,  -97.03171421,  -90.18704359,
       -100.80220807,  -98.08537616,  -99.4473789 , -119.77741878,
       -112.17000205, -113.05137595, -102.76735092, -117.50832885,
       -105.32680339, -111.03638145,  461.32854228,  401.23688323,
        463.19794559,  461.79840023,  444.40606592,  448.61229215,
        448.70690133,  445.32986448,  386.33835917,  463.36303029,
         76.90706085,   76.24197233,   61.19069518,   76.19650885,
         76.55255197,   66.97469876,   76.51397772,   72.50676819,
          1.40368212,   43.56108129])
llh_GD_EXP_Renorm_beta: array([ -93.90690859,  -92.04391744,  -90.17691121, -104.21674038,
        -89.99821072,  -92.238702  ,  -93.20756475, -109.40625254,
        -90.88204689, -100.32116511,  -98.61671588,  -97.43601347,
        -98.89649245,  -90.33407759,  -94.68032897,  -99.35615537,
       -106.66323041,  -90.62935028,  -98.03207752,  -91.46456388,
       -100.06216278,  -98.89886357,  -98.54412678, -113.33398115,
       -108.01500844,  -99.08836366, -118.31346904,  -99.90956678,
       -101.69561286, -101.02582714,  459.01964939,  391.37315396,
        462.10829846,  460.76487004,  446.01360191,  444.10633227,
        438.05167337,  437.38100107,  371.35124609,  462.15387606,
         70.64476461,   74.9781823 ,   47.97213085,   73.94837371,
         72.12546561,   51.34125439,   76.92680404,   76.17084657,
        -14.52626141,   32.70772179])
llh_GD_EXP_Renorm_alphabeta: array([ -93.94511978,  -93.98354907,  -94.02219706,  -94.0610644 ,
        -94.1001517 ,  -94.13945962,  -92.11529489,  -92.18801985,
        -92.26210093,  -92.33754689,  -92.41436663,  -92.49256922,
        -90.42383217,  -90.77377102,  -91.23092949,  -91.8004965 ,
        -92.4887162 ,  -93.30297644, -104.71407078, -105.22375627,
       -105.74605272, -106.2812218 , -106.8295311 , -107.39125423,
        -90.20844328,  -90.66123677,  -91.3703938 ,  -92.35542221,
        -93.64215391,  -95.26364045,  -92.99458927,  -93.87744605,
        -94.89628659,  -96.06148547,  -97.38490274,  -98.88000975,
        -94.48632649,  -96.02778507,  -97.86093076, -100.02023356,
       -102.54621665, -105.48603252, -108.50068177, -107.62074606,
       -106.76601918, -105.93610565, -105.13063911, -104.34928027,
        -91.32477343,  -91.86346623,  -92.50310229,  -93.24948391,
        -94.10931034,  -95.09025905,  -98.56427123,  -96.98995136,
        -95.59260316,  -94.36622772,  -93.30439595,  -92.40043557,
        -97.83074994,  -97.09420156,  -96.40511997,  -95.76162667,
        -95.16191421,  -94.6042446 ,  -99.12884314, -101.08204051,
       -103.32808934, -105.90498259, -108.85702964, -112.23544189,
        -99.91703535, -101.02010095, -102.21123849, -103.49649851,
       -104.88247608, -106.37634991,  -90.59144973,  -90.97273724,
        -91.48577844,  -92.14151536,  -92.95381892,  -93.93933496,
        -93.70473102,  -92.86948821,  -92.16406703,  -91.57882898,
        -91.10505275,  -90.73498459, -100.00773676, -100.69173079,
       -101.40948004, -102.16240169, -102.95199174, -103.77982916,
       -107.17608022, -107.70000558, -108.23516338, -108.78171085,
       -109.33980542, -109.90960458,  -90.62114799,  -90.61302364,
        -90.60497709,  -90.59700821,  -90.58911687,  -90.58130293,
        -93.87477126,  -91.4361131 ,  -90.31861281,  -90.27237579,
        -91.2357426 ,  -93.36603768,  -91.14741394,  -90.87839523,
        -90.65531718,  -90.47622167,  -90.33939745,  -90.24339531,
       -100.16084268, -100.26184508, -100.36518401, -100.47087415,
       -100.57893079, -100.6893699 ,  -98.52311826,  -98.23846863,
        -98.04156951,  -97.92969822,  -97.90070269,  -97.95296418,
        -98.15255084,  -97.94264227,  -97.90719222,  -98.04136955,
        -98.34259275,  -98.81055212, -104.22080255,  -99.51654682,
        -97.91707713,  -98.83428038, -102.21808259, -108.64744432,
       -108.54759111, -109.09935791, -109.67096377, -110.26309522,
       -110.8764713 , -111.51184455,  -98.05026451,  -97.98624123,
        -98.83588199, -100.60823408, -103.39685489, -107.41590463,
       -108.98359514, -103.0348321 ,  -99.59284775,  -98.05985491,
        -98.11812347,  -99.65888103, -101.15112329, -102.72407458,
       -104.66609927, -107.0308863 , -109.8913617 , -113.34312525,
       -102.12925798, -102.58966637, -103.07770587, -103.59433478,
       -104.14060686, -104.71767639, -101.96432087, -103.04358377,
       -104.27458202, -105.67096907, -107.24941883, -109.02996937,
        459.3839795 ,  459.73697837,  460.07854678,  460.40858582,
        460.72699688,  461.03368169,  392.78687887,  394.19908076,
        395.60979861,  397.0190218 ,  398.42669049,  399.83269632,
        462.28184644,  462.449486  ,  462.61118523,  462.76691233,
        462.9166357 ,  463.06032387,  460.92174738,  461.07556947,
        461.2263234 ,  461.37399628,  461.51857527,  461.66004752,
        445.78720053,  445.55970696,  445.33112716,  445.10146713,
        444.87073287,  444.63893044,  444.77720227,  445.43925442,
        446.09234514,  446.73633288,  447.37107806,  447.99644306,
        439.6984546 ,  441.30655748,  442.87421714,  444.39971907,
        445.88140006,  447.31764813,  438.57772083,  439.75514245,
        440.91259817,  442.04943307,  443.16500552,  444.25868746,
        373.52661495,  375.68743077,  377.83573408,  379.97339466,
        382.10209699,  384.22332687,  462.35007132,  462.53852583,
        462.71919198,  462.89202241,  463.05697005,  463.21398814,
         72.12680927,   73.43520599,   74.55844725,   75.48299642,
         76.19366231,   76.67404925,   75.19475153,   75.39966223,
         75.59270769,   75.77367725,   75.94235666,   76.09852845,
         50.1167176 ,   52.1710426 ,   54.13817663,   56.02108629,
         57.82254308,   59.54503669,   74.35232691,   74.72991752,
         75.08043199,   75.40312786,   75.69723672,   75.96196732,
         73.02298578,   73.83907299,   74.56992633,   75.21135657,
         75.75883913,   76.20757409,   54.00110022,   56.50976857,
         58.87382089,   61.09884784,   63.18914403,   65.14743974,
         76.92160867,   76.89893315,   76.85850661,   76.80006097,
         76.72333129,   76.62805612,   75.84145158,   75.44946083,
         74.99359591,   74.47261013,   73.88528109,   73.23040134,
        -12.16700912,   -9.83404776,   -7.52836136,   -5.25088684,
         -3.00250991,   -0.78406198,   34.37097877,   35.99597795,
         37.58306803,   39.13265041,   40.64517582,   42.1211404 ])
max_EXP_Renorm: 463.36303029356753
llh_GD_PWL: array([-94.60956561, 213.10879901,          nan, -88.33311972,
       -87.40147856, -88.89134533, -87.70410663,          nan,
       -88.70790909, -99.66709937,          nan,          nan,
                nan, -83.63446263, -81.33887113,          nan,
                nan,          nan, -79.68524446,          nan,
                nan, -94.02787025,          nan,          nan,
       -95.97041354, -97.52614721, -94.78505526, -93.56896026,
       -91.87484348,          nan,          nan, 389.92320224,
                nan,          nan,          nan,          nan,
                nan,          nan,          nan,          nan,
       109.85468136,          nan,  61.21774486,  65.41050637,
        24.73521879,  34.6240411 ,  70.17173873,  30.50905488,
        11.97237113,  44.59685961])
llh_GD_PWL_Renorm_K: array([ -157.98406553,   -96.98738018,            nan, -2237.38864837,
        -283.09726953, -5446.78807194, -1080.727041  ,            nan,
        -112.77369826,  -218.52629123,            nan,            nan,
                  nan,  -234.4705732 ,  -108.84063841,            nan,
                  nan,            nan,  -114.90325356,            nan,
                  nan,  -136.7450794 ,            nan,            nan,
        -199.39982988,  -135.53055192,  -480.05209786,  -170.81395356,
        -130.12088925,            nan,            nan,  -585.54620823,
                  nan,            nan,            nan,            nan,
                  nan,            nan,            nan,            nan,
         224.13629503,            nan,    64.3565967 ,    79.3588902 ,
         -16.14524752,   -19.10010111,    61.74138803,    70.26200193,
          47.33590123,    69.11947928])
llh_GD_PWL_Renorm_c: array([           nan,  -177.86724519,            nan,            nan,
        -132.23808437, -5446.78807194,            nan,            nan,
        -153.25749698,  -119.55544498,            nan,            nan,
                  nan,            nan,            nan,            nan,
                  nan,            nan,            nan,            nan,
                  nan,  -225.47559414,  -312.92096435,            nan,
        -146.80189584,  -181.69940374,            nan,  -261.26491862,
        -292.4116554 ,            nan,            nan,            nan,
                  nan,            nan,            nan,            nan,
                  nan,            nan,            nan,            nan,
                  nan,            nan,    47.98027911,    66.54853363,
          66.14205644,    72.49404136,    70.10691809,    47.10754376,
          67.73936071,    37.17478076])
lllh_GD_PWL_Renorm_p: array([ -151.60892059,  -203.73533146,            nan,  -167.82923536,
        -104.12527079, -5446.78807194,  -226.32570172,            nan,
        -108.76126946,  -104.64426037,            nan,            nan,
                  nan,   -94.04806618,  -109.01321316,            nan,
                  nan,            nan,  -276.03730443,            nan,
                  nan,  -156.75217389,            nan,            nan,
        -106.5020345 ,  -128.04197694,  -132.07922961,  -177.1849835 ,
        -266.15741668,            nan,            nan,   362.40959178,
                  nan,            nan,            nan,            nan,
                  nan,            nan,            nan,            nan,
          40.55936523,            nan,    63.77416357,    70.34419484,
          34.87599592,    45.10856245,    65.36679846,    41.30655252,
          65.52216278,    56.84825871])
llh_GD_PWL_Renorm_Kc: array([            nan,             nan,             nan, -1.53135761e+02,
       -1.49827476e+02, -1.51046853e+02, -1.81448599e+02, -1.81691453e+02,
       -1.83992964e+02, -1.87945291e+02, -1.92738834e+02, -1.95008704e+02,
                   nan,             nan,             nan,             nan,
                   nan,             nan,             nan,             nan,
                   nan,             nan,             nan,             nan,
                   nan, -1.56708231e+02, -1.67477998e+02, -1.83607942e+02,
       -2.07985584e+02, -2.41108004e+02, -5.44678807e+03, -5.44678807e+03,
       -5.44678807e+03, -5.44678807e+03, -5.44678807e+03, -5.44678807e+03,
                   nan,             nan,             nan,             nan,
                   nan, -8.75400112e+02,             nan,             nan,
                   nan,             nan,             nan,             nan,
       -1.46784659e+02, -1.39729266e+02, -1.33186911e+02, -1.27187750e+02,
       -1.21763384e+02, -1.16947029e+02, -1.45116002e+02, -1.50611649e+02,
       -1.58664133e+02, -1.69390490e+02, -1.82889885e+02, -1.99246039e+02,
                   nan,             nan,             nan,             nan,
                   nan,             nan,             nan,             nan,
                   nan,             nan,             nan,             nan,
                   nan,             nan,             nan,             nan,
                   nan,             nan,             nan,             nan,
                   nan,             nan,             nan, -2.02894661e+02,
                   nan,             nan,             nan,             nan,
       -1.03644497e+02, -1.07160185e+02,             nan,             nan,
                   nan,             nan,             nan,             nan,
                   nan,             nan,             nan,             nan,
                   nan,             nan,             nan,             nan,
                   nan,             nan,             nan,             nan,
                   nan,             nan,             nan,             nan,
       -1.46237615e+02, -1.31615912e+02,             nan,             nan,
                   nan,             nan,             nan,             nan,
                   nan,             nan,             nan,             nan,
                   nan,             nan, -2.11385516e+02, -1.95892512e+02,
       -1.81456191e+02, -1.68196352e+02, -1.56236602e+02, -1.45706721e+02,
                   nan,             nan,             nan,             nan,
                   nan,             nan,             nan,             nan,
                   nan,             nan,             nan,             nan,
       -1.57070056e+02, -1.54062347e+02, -1.54746545e+02, -1.59409956e+02,
       -1.68284140e+02, -1.81561881e+02, -1.74714467e+02, -1.66914875e+02,
       -1.59584842e+02, -1.52752053e+02, -1.46445222e+02, -1.40694276e+02,
                   nan,             nan,             nan,             nan,
       -3.49049831e+02, -4.07659670e+02, -2.56571762e+02, -2.40797643e+02,
       -2.25504902e+02, -2.10775341e+02, -1.96692259e+02, -1.83341722e+02,
       -2.44494607e+02, -2.06170026e+02, -1.72780476e+02, -1.47002574e+02,
       -1.30349598e+02, -1.24237286e+02,             nan,             nan,
                   nan,             nan,             nan,             nan,
                   nan,             nan,             nan,             nan,
                   nan,             nan,             nan,             nan,
                   nan,             nan,             nan,             nan,
                   nan,             nan,             nan,             nan,
                   nan,             nan,             nan,             nan,
                   nan,             nan,             nan,             nan,
                   nan,             nan,             nan,             nan,
                   nan,             nan,             nan,             nan,
                   nan,             nan,             nan,             nan,
                   nan,             nan,             nan,             nan,
                   nan,             nan,             nan,             nan,
                   nan,             nan,             nan,             nan,
                   nan,             nan,             nan,             nan,
                   nan,             nan,             nan,             nan,
                   nan,             nan,             nan,             nan,
                   nan,             nan,             nan,             nan,
                   nan,             nan,             nan,             nan,
                   nan,             nan,             nan,             nan,
        4.95826253e+01,  5.23418618e+01,  5.49865266e+01,  5.75135246e+01,
        5.99196968e+01,  6.22018183e+01,  6.95861747e+01,  7.22673575e+01,
        7.45494187e+01,  7.64163980e+01,  7.78517888e+01,  7.88385123e+01,
        5.01382379e+01,  4.25758197e+01,  3.36959977e+01,  2.34418505e+01,
        1.17558910e+01, -1.42012305e+00,  5.74940862e+01,  4.99659610e+01,
        4.04927388e+01,  2.89620379e+01,  1.52619581e+01, -7.20511871e-01,
        7.29657419e+01,  7.44113195e+01,  7.46356784e+01,  7.35617940e+01,
        7.11103207e+01,  6.71988474e+01,  6.16934710e+01,  6.98345563e+01,
        7.56085242e+01,  7.87894920e+01,  7.91354662e+01,  7.63863304e+01,
        6.85478042e+01,  6.88989135e+01,  6.78760843e+01,  6.53301489e+01,
        6.11365214e+01,  5.51775646e+01,  4.18395211e+01,  4.75013889e+01,
        5.27475088e+01,  5.75557481e+01,  6.19031727e+01,  6.57659879e+01])
llh_GD_PWL_Renorm_Kp: array([-1.28955650e+02, -1.12354245e+02, -1.03103984e+02, -1.02262301e+02,
       -1.10320072e+02, -1.27212498e+02, -1.56256726e+02, -1.30631339e+02,
       -1.19309755e+02, -1.17119451e+02, -1.20358035e+02, -1.28800633e+02,
                   nan,             nan,             nan,             nan,
                   nan,             nan, -1.18213848e+02, -1.00584094e+02,
       -1.42046105e+02, -2.88956548e+02, -6.16659701e+02, -1.23248530e+03,
       -9.68495692e+01, -1.01172475e+02, -1.18463262e+02, -1.48756297e+02,
       -1.89880848e+02, -2.36959225e+02, -5.44678807e+03, -5.44678807e+03,
       -5.44678807e+03, -5.44678807e+03, -5.44678807e+03, -5.44678807e+03,
       -1.59588975e+02, -1.11442340e+02, -9.93753631e+01, -1.51724216e+02,
       -3.10069273e+02, -6.19310541e+02,             nan,             nan,
                   nan,             nan,             nan,             nan,
       -1.06907569e+02, -1.05902534e+02, -1.05709841e+02, -1.06305500e+02,
       -1.07678909e+02, -1.09831477e+02, -1.14381189e+02, -1.27597282e+02,
       -1.43733547e+02, -1.61965766e+02, -1.81253768e+02, -2.00458678e+02,
                   nan,             nan,             nan,             nan,
                   nan,             nan,             nan,             nan,
                   nan,             nan,             nan,             nan,
                   nan,             nan,             nan,             nan,
                   nan,             nan, -9.53353804e+01, -1.04636160e+02,
       -1.21778225e+02, -1.45729916e+02, -1.74469490e+02, -2.05120321e+02,
       -1.01410185e+02, -9.70971077e+01, -9.57137179e+01, -9.67326322e+01,
       -9.95622880e+01, -1.03694324e+02,             nan,             nan,
                   nan,             nan,             nan,             nan,
                   nan,             nan,             nan,             nan,
                   nan,             nan,             nan,             nan,
                   nan,             nan,             nan,             nan,
       -2.24308740e+02, -1.80102620e+02, -1.45991278e+02, -1.23336454e+02,
       -1.11717619e+02, -1.09426526e+02,             nan,             nan,
                   nan,             nan,             nan,             nan,
                   nan,             nan,             nan,             nan,
                   nan,             nan, -1.43789762e+02, -1.34030508e+02,
       -1.27569883e+02, -1.24431245e+02, -1.24666149e+02, -1.28529717e+02,
                   nan,             nan,             nan,             nan,
                   nan,             nan,             nan,             nan,
                   nan,             nan,             nan,             nan,
       -1.03198273e+02, -1.06297135e+02, -1.15947439e+02, -1.31679978e+02,
       -1.52236731e+02, -1.75596760e+02, -1.25463535e+02, -1.24050046e+02,
       -1.23802648e+02, -1.24743082e+02, -1.26927900e+02, -1.30464481e+02,
       -1.10884835e+02, -1.05042655e+02, -1.20376447e+02, -1.63317660e+02,
       -2.39186174e+02, -3.48349645e+02, -1.68609521e+02, -1.62762573e+02,
       -1.59578661e+02, -1.58937974e+02, -1.60691453e+02, -1.64689904e+02,
       -2.11638002e+02, -1.64122110e+02, -1.28067095e+02, -1.07497685e+02,
       -1.03877028e+02, -1.13758584e+02,             nan,             nan,
                   nan,             nan,             nan,             nan,
                   nan,             nan,             nan,             nan,
                   nan,             nan,  3.99583630e+02,  3.85687704e+02,
        3.09209231e+02,  1.62570009e+02, -5.18714468e+01, -3.14650886e+02,
                   nan,             nan,             nan,             nan,
                   nan,             nan,             nan,             nan,
                   nan,             nan,             nan,             nan,
                   nan,             nan,             nan,             nan,
                   nan,             nan,             nan,             nan,
                   nan,             nan,             nan,             nan,
                   nan,             nan,             nan,             nan,
                   nan,             nan,             nan,             nan,
                   nan,             nan,             nan,             nan,
                   nan,             nan,             nan,             nan,
                   nan,             nan,             nan,             nan,
                   nan,             nan,             nan,             nan,
        3.38491195e+01,  2.69771471e+01,  2.04487011e+01,  1.52973605e+01,
        1.40868374e+01,  2.59136641e+01,             nan,             nan,
                   nan,             nan,             nan,             nan,
        6.47340285e+01,  6.54324632e+01,  6.58535921e+01,  6.59791580e+01,
        6.57882075e+01,  6.52566440e+01,  7.25671255e+01,  7.44899631e+01,
        7.61121737e+01,  7.74262016e+01,  7.84183231e+01,  7.90699028e+01,
        2.76653536e+01,  1.99144535e+01,  1.19505250e+01,  4.10181018e+00,
       -3.33312218e+00, -1.01229097e+01,  3.76894551e+01,  2.86943104e+01,
        1.86888018e+01,  8.31378494e+00, -1.78048832e+00, -1.10329430e+01,
        6.74746749e+01,  6.83640551e+01,  6.83051289e+01,  6.75575879e+01,
        6.62977412e+01,  6.45010848e+01,  5.17769313e+01,  5.90337887e+01,
        6.37654621e+01,  6.67409724e+01,  6.86273313e+01,  6.98043314e+01,
        6.73754972e+01,  6.72738347e+01,  6.55251059e+01,  6.25092390e+01,
        5.85892971e+01,  5.38660026e+01,  6.18484769e+01,  6.60455158e+01,
        6.93733787e+01,  7.17014004e+01,  7.27917395e+01,  7.22137346e+01])
max_PWL_Renorm: nan
llh_GD_QEXP: array([ 396.21632242,  333.40676217,  495.96479095,  402.27945056,
        406.15341995,  506.43630371,  484.10690241,  499.78285137,
        462.48200374,  558.21273957,  245.32715442,  343.716551  ,
        310.13930376,  212.49798327,  149.70255213,  164.83504923,
        360.69738511,  419.50068281,  410.86122067,  321.62590024,
        467.37232991,  334.98692668,  423.25667012,  443.02484962,
        338.99697916,  562.27152944,  219.68227182,  534.95691835,
        399.42576583,  426.4040526 , 1717.30567889, 1044.03441628,
       1658.84841687, 1306.31855112, 1737.40445135, 1806.38743235,
       1768.8222141 , 1710.90468939, 1792.29576213, 1623.46136823,
        480.35404469,  970.36223833,  990.90004057,  464.83707664,
        780.92648893,  877.03382334,  864.02524789,  915.4576206 ,
        835.43767694,  677.51074402])
llh_GD_QEXP_Renorm_a: array([-191.02651229, -165.78519009,  -94.70122645,  -95.24259973,
       -106.14392738, -167.93940211, -154.60887906,  -98.1882673 ,
       -155.92385636, -152.00320116, -292.2742785 , -293.29147963,
       -292.76440443, -291.57099133, -297.46307904, -305.66674939,
       -291.8854457 , -297.92456901, -298.51025197, -310.03329384,
       -123.10682913, -144.11399974, -116.04750537,  -97.16530757,
       -185.75268162, -116.14679073, -186.63133509, -101.38672594,
       -134.73233068, -123.77987176, -336.98876215, -339.68979944,
       -341.75983321,   54.82088936, -631.13883015, -332.80512322,
       -343.28344088, -333.37704716,   58.16974812, -331.97305586,
       -231.5708728 ,  -56.71869013,  -46.15533951,  -64.41036118,
        -64.77741546,  -41.24111132,  -75.5036117 ,  -63.40342897,
        -84.88056345,  -33.99128717])
lllh_GD_QEXP_Renorm_q: array([         nan,          nan,          nan,          nan,
                nan,          nan,          nan,          nan,
                nan,          nan,          nan,          nan,
                nan,          nan,          nan,          nan,
                nan,          nan,          nan,          nan,
                nan,          nan,          nan,          nan,
                nan,          nan,          nan,          nan,
                nan,          nan,          nan,          nan,
                nan, 949.85842436, 452.83634234,          nan,
                nan,          nan, 445.01530263,          nan,
                nan,          nan,          nan,          nan,
                nan,          nan,          nan,          nan,
                nan,          nan])
llh_GD_QEXP_Renorm_aq: array([          nan,           nan,           nan,           nan,
         62.48663543,  -64.69123441,           nan,           nan,
                 nan,           nan,   33.63337672,  -65.65458941,
                 nan,           nan,           nan,           nan,
                 nan,           nan,           nan,           nan,
                 nan,           nan,           nan,           nan,
                 nan,           nan,           nan,           nan,
                 nan,           nan,           nan,           nan,
                 nan,           nan,           nan,  -23.60499679,
                 nan,           nan,           nan,           nan,
                 nan,  -18.52509722,           nan,           nan,
                 nan,           nan,           nan,           nan,
                 nan,           nan,           nan,           nan,
                 nan,  -24.50851269,           nan,           nan,
                 nan,           nan,           nan,   -2.07050703,
                 nan,           nan,           nan,           nan,
                 nan,           nan,           nan,           nan,
                 nan,           nan,           nan,           nan,
                 nan,           nan,           nan,           nan,
                 nan,           nan,           nan,           nan,
                 nan,           nan,           nan,           nan,
                 nan,           nan,           nan,           nan,
                 nan,           nan,           nan,           nan,
                 nan,           nan,           nan,           nan,
                 nan,           nan,           nan,           nan,
                 nan,           nan,           nan,           nan,
                 nan,           nan,           nan,           nan,
                 nan,           nan,           nan,           nan,
                 nan,           nan,           nan,           nan,
                 nan,           nan,           nan,           nan,
                 nan,           nan,           nan,           nan,
                 nan,   -1.66687274,           nan,           nan,
                 nan,           nan,   46.65352974,  -47.18586272,
                 nan,           nan,           nan,           nan,
                 nan,   -6.41317665,           nan,           nan,
                 nan,           nan,           nan,           nan,
                 nan,           nan,           nan,  136.21023714,
         32.06182817,  -76.75727765,           nan,           nan,
                 nan,           nan,           nan,           nan,
                 nan,           nan,           nan,   80.66211129,
         -7.12392342,  -97.1966451 ,           nan,           nan,
                 nan,           nan,           nan,           nan,
                 nan,           nan,           nan,           nan,
                 nan,  -21.7633184 ,           nan,           nan,
                 nan,           nan,           nan,  -10.53551488,
                 nan,           nan,           nan,           nan,
                 nan,           nan,           nan,           nan,
                 nan,           nan,           nan,           nan,
                 nan,           nan,           nan,           nan,
                 nan,           nan,  889.08226451,  790.42818717,
        665.67155174,  524.32177806,  372.75186301,  215.23790165,
        963.16099788,  840.78026739,  595.99096885,  297.84290792,
        -18.2395258 , -332.95626303,           nan,           nan,
                 nan,           nan,           nan,           nan,
                 nan,           nan,           nan,           nan,
                 nan,           nan,           nan,           nan,
                 nan,           nan,           nan,           nan,
        971.21501773,  950.57178836,  855.31631684,  694.73910268,
        497.62670299,  281.95404804,           nan,           nan,
                 nan,           nan,           nan,           nan,
                 nan,  456.9431388 ,  311.27977582,  165.71754526,
         24.51292532, -108.67198056,           nan,           nan,
                 nan,           nan,           nan,           nan,
                 nan,           nan,           nan,           nan,
                 nan,           nan,           nan,           nan,
                 nan,           nan,           nan,   35.39745136,
                 nan,           nan,           nan,           nan,
                 nan,           nan,           nan,           nan,
                 nan,           nan,           nan,           nan,
                 nan,           nan,           nan,           nan,
                 nan,           nan,           nan,           nan,
                 nan,           nan,           nan,           nan,
                 nan,           nan,           nan,           nan,
                 nan,           nan,           nan,           nan,
                 nan,           nan,           nan,           nan])
max_QEXP_Renorm: nan
llh_GD_RAY: array([ -82.07168764,  -81.96259605,  -83.12646804,  -87.4337513 ,
        -81.7020167 ,  -82.64781966,  -82.82558754,  -82.69849208,
        -81.80622913,  -95.63156585,  -81.90107396,  -88.48278378,
        -78.55622071,  -85.82455101,  -79.592407  ,  -88.14407127,
        -89.2885199 , -100.89207541,  -78.61898692,  -89.16299083,
        -99.67570585,  -92.89014384,  -92.72247152,  -93.76581259,
        -90.82679127,  -93.46976254,  -90.89260007,  -93.67271129,
        -98.30725542,  -93.75555302,  386.07871637,  438.16756131,
        454.99020255,  434.22965937,  447.59092648,  453.09701839,
        436.12396386,  421.58304321,  460.11946397,  451.12886592,
         68.51022505,   72.88963435,   82.01263053,   15.30680797,
         47.20678682,   55.29829317,   77.12044508,   46.66880134,
         84.04876484,   81.17238151])
llh_GD_RAY_Renorm_gamma: array([ -91.41449457,  -91.82867133,  -97.72373236,  -95.79570953,
        -86.97444618,  -95.86400264,  -97.10152252,  -96.55969156,
        -91.67385969,  -87.26878123,  -93.74353273,  -93.42867421,
        -94.71792542,  -92.26440282,  -97.98251984,  -91.97532546,
        -91.27945377,  -90.40383351,  -92.20092004,  -91.36103569,
        -99.13956   ,  -97.78408168, -100.45382611, -112.42966172,
        -96.93344958,  -97.78693872,  -99.81120051, -122.6027009 ,
        -98.25575446, -109.46484532,  375.17385407,  430.34840017,
        436.79200268,  419.35337566,  433.69908822,  436.44820817,
        424.41821393,  420.94586773,  439.81245036,  433.62979569,
         61.80303462,   67.23304442,   67.58505877,    7.1786506 ,
         46.21593416,   54.33541932,   68.67044981,   62.06592805,
         67.29490753,   67.66462864])
llh_GD_RAY_Renorm_eta: array([ -87.17892191,  -87.8517708 ,  -87.69041647,  -93.15325242,
        -86.72307161,  -87.545128  ,  -88.17294017,  -87.72468975,
        -87.47355985,  -89.63872732,  -91.66682435,  -92.67903396,
        -91.05472221,  -91.45570522,  -92.58509318,  -91.9529171 ,
        -90.93091335,  -90.22499759,  -90.50837977,  -91.57157961,
        -99.48294625,  -97.37433339,  -98.21685793, -100.17100087,
        -96.52518462,  -96.7752094 ,  -96.85630982, -100.26258387,
        -97.04582402,  -97.9676878 ,  370.43311829,  428.78130884,
        432.5114639 ,  415.1469659 ,  431.67528513,  431.51128589,
        422.78523712,  420.09457426,  437.69730674,  430.30991748,
         60.1203704 ,   62.61153473,   68.97923087,   -0.94071059,
         48.12755587,   41.89225837,   66.96670358,   46.5157263 ,
         68.92302393,   69.0632161 ])
llh_GD_RAY_Renorm_gammaeta: array([-8.74715740e+01, -8.78521973e+01, -8.83302080e+01, -8.89151161e+01,
       -8.96168086e+01, -9.04459690e+01, -8.82104442e+01, -8.86311110e+01,
       -8.91181895e+01, -8.96763045e+01, -9.03104091e+01, -9.10258967e+01,
       -8.83333323e+01, -8.91864512e+01, -9.02775014e+01, -9.16379366e+01,
       -9.33045304e+01, -9.53187690e+01, -9.34931942e+01, -9.38451935e+01,
       -9.42095264e+01, -9.45864694e+01, -9.49762984e+01, -9.53792877e+01,
       -8.67057013e+01, -8.67034358e+01, -8.67177235e+01, -8.67501676e+01,
       -8.68025112e+01, -8.68766174e+01, -8.80876734e+01, -8.88046742e+01,
       -8.97178535e+01, -9.08510335e+01, -9.22316274e+01, -9.38911539e+01,
       -8.88460280e+01, -8.96850181e+01, -9.07082758e+01, -9.19366964e+01,
       -9.33941281e+01, -9.51067577e+01, -8.83237500e+01, -8.91023705e+01,
       -9.00823651e+01, -9.12881405e+01, -9.27479292e+01, -9.44937577e+01,
       -8.78087087e+01, -8.82204367e+01, -8.87154503e+01, -8.93006431e+01,
       -8.99833204e+01, -9.07714496e+01, -8.91909291e+01, -8.87805429e+01,
       -8.84067373e+01, -8.80690103e+01, -8.77669775e+01, -8.75002898e+01,
       -9.18693502e+01, -9.20979644e+01, -9.23557887e+01, -9.26460344e+01,
       -9.29719422e+01, -9.33367259e+01, -9.27754108e+01, -9.28752094e+01,
       -9.29785201e+01, -9.30854330e+01, -9.31960373e+01, -9.33104218e+01,
       -9.13012898e+01, -9.16085926e+01, -9.19938126e+01, -9.24764886e+01,
       -9.30775243e+01, -9.38179196e+01, -9.15494977e+01, -9.16497269e+01,
       -9.17568616e+01, -9.18713882e+01, -9.19938086e+01, -9.21246382e+01,
       -9.30590841e+01, -9.36164235e+01, -9.42665865e+01, -9.50187764e+01,
       -9.58822281e+01, -9.68666493e+01, -9.19561019e+01, -9.19592922e+01,
       -9.19624879e+01, -9.19656890e+01, -9.19688957e+01, -9.19721078e+01,
       -9.09742361e+01, -9.10195008e+01, -9.10668294e+01, -9.11163505e+01,
       -9.11681994e+01, -9.12225178e+01, -9.02305768e+01, -9.02421567e+01,
       -9.02601484e+01, -9.02849493e+01, -9.03169363e+01, -9.03564590e+01,
       -9.06345755e+01, -9.07841211e+01, -9.09632913e+01, -9.11813075e+01,
       -9.14501330e+01, -9.17843523e+01, -9.15395004e+01, -9.15081150e+01,
       -9.14774073e+01, -9.14473612e+01, -9.14179609e+01, -9.13891908e+01,
       -9.94320069e+01, -9.93817031e+01, -9.93320303e+01, -9.92829841e+01,
       -9.92345600e+01, -9.91867535e+01, -9.74261392e+01, -9.74800786e+01,
       -9.75362171e+01, -9.75946203e+01, -9.76553544e+01, -9.77184859e+01,
       -9.84576168e+01, -9.87223085e+01, -9.90123665e+01, -9.93292011e+01,
       -9.96741854e+01, -1.00048642e+02, -1.01250583e+02, -1.02534437e+02,
       -1.04035182e+02, -1.05762816e+02, -1.07727259e+02, -1.09942254e+02,
       -9.65661598e+01, -9.66115499e+01, -9.66621152e+01, -9.67186782e+01,
       -9.67821208e+01, -9.68533812e+01, -9.68656272e+01, -9.69703868e+01,
       -9.70916109e+01, -9.72315264e+01, -9.73924494e+01, -9.75767701e+01,
       -9.70480733e+01, -9.72949958e+01, -9.76095645e+01, -9.80049138e+01,
       -9.84945822e+01, -9.90922225e+01, -1.01908770e+02, -1.03993192e+02,
       -1.06548034e+02, -1.09605837e+02, -1.13223298e+02, -1.17503636e+02,
       -9.62205652e+01, -9.59984964e+01, -9.61009200e+01, -9.62904552e+01,
       -9.65308136e+01, -9.70350155e+01, -9.87092863e+01, -9.96943133e+01,
       -1.00963339e+02, -1.02550930e+02, -1.04483264e+02, -1.06780383e+02,
        3.71113491e+02,  3.71792855e+02,  3.72471191e+02,  3.73148480e+02,
        3.73824701e+02,  3.74499833e+02,  4.29011417e+02,  4.29239438e+02,
        4.29465376e+02,  4.29689236e+02,  4.29911023e+02,  4.30130742e+02,
        4.33192154e+02,  4.33848674e+02,  4.34481620e+02,  4.35091657e+02,
        4.35679523e+02,  4.36246019e+02,  4.15769269e+02,  4.16384526e+02,
        4.16992684e+02,  4.17593693e+02,  4.18187506e+02,  4.18774081e+02,
        4.31977570e+02,  4.32275406e+02,  4.32568825e+02,  4.32857864e+02,
        4.33142560e+02,  4.33422954e+02,  4.32304432e+02,  4.33066954e+02,
        4.33799543e+02,  4.34502999e+02,  4.35178235e+02,  4.35826267e+02,
        4.23023088e+02,  4.23259418e+02,  4.23494226e+02,  4.23727511e+02,
        4.23959271e+02,  4.24189506e+02,  4.20217230e+02,  4.20339538e+02,
        4.20461500e+02,  4.20583114e+02,  4.20704380e+02,  4.20825298e+02,
        4.38020010e+02,  4.38335428e+02,  4.38643827e+02,  4.38945471e+02,
        4.39240620e+02,  4.39529530e+02,  4.30817912e+02,  4.31314470e+02,
        4.31799694e+02,  4.32273702e+02,  4.32736622e+02,  4.33188601e+02,
        6.03714222e+01,  6.06189064e+01,  6.08628284e+01,  6.11031945e+01,
        6.13400121e+01,  6.15732892e+01,  6.34327148e+01,  6.42002319e+01,
        6.49143926e+01,  6.55752092e+01,  6.61823701e+01,  6.67352655e+01,
        6.88856715e+01,  6.87580855e+01,  6.85956741e+01,  6.83977194e+01,
        6.81636052e+01,  6.78928366e+01,  2.61603544e-01,  1.44921313e+00,
        2.62242911e+00,  3.78159045e+00,  4.92706901e+00,  6.05927321e+00,
        4.78579797e+01,  4.75871942e+01,  4.73152221e+01,  4.70420868e+01,
        4.67678113e+01,  4.64924193e+01,  4.38210739e+01,  4.57109644e+01,
        4.75548218e+01,  4.93456117e+01,  5.10766227e+01,  5.27416946e+01,
        6.72861675e+01,  6.75809159e+01,  6.78506020e+01,  6.80948453e+01,
        6.83132249e+01,  6.85052700e+01,  4.92076975e+01,  5.17684361e+01,
        5.41780867e+01,  5.64208087e+01,  5.84857881e+01,  6.03676493e+01,
        6.88038004e+01,  6.86479424e+01,  6.84546370e+01,  6.82231782e+01,
        6.79529907e+01,  6.76436513e+01,  6.90618028e+01,  6.89980898e+01,
        6.88695870e+01,  6.86739269e+01,  6.84089829e+01,  6.80729850e+01])
max_RAY_Renorm: 439.8124503550742
llh_GD_GSS: array([ -94.71536758,  -86.66832296,  -85.11661734,  -91.14899366,
       -110.55082796,  -87.51644264,  -82.86255199, -102.83299483,
       -113.96416414,  -87.94041911,  -78.8262155 ,  -97.05987677,
        -86.11531227,  -97.82596364,  -79.83843701,  -89.4377072 ,
       -122.59808201,  -91.72486423,  -86.72522708,  -80.32708753,
        -97.51159715, -119.59834966,  -93.04160857,  -91.98075627,
        -90.99722116, -100.97644131,  -95.37444872, -108.23018596,
       -158.78465366, -114.5115615 ,  401.24734821,  468.90335441,
        453.3358237 ,  453.09309964,  470.43479979,  467.50798488,
        476.12212363,  410.3140425 , -138.02158217,  254.70328106,
         62.29736832,   38.26371366,   76.54662506,   86.98984279,
         82.01840334,   85.54408637,  -79.24526252,   84.41241626,
         87.37423655,   57.53133473])
llh_GD_GSS_Renorm_kappa: array([-101.05239745, -235.30973979, -222.99676248, -129.27674987,
       -148.93061062, -123.6040875 , -110.54000542, -152.60642936,
       -116.75847957, -134.30982321, -200.1247171 , -129.57551447,
       -104.56842374, -159.22533021, -182.05225667, -120.21115904,
       -124.58909958, -306.69146456, -153.3989625 , -131.59686808,
       -594.62413054, -118.66977382, -146.10986286, -108.56746734,
       -125.89193309, -129.68963923, -224.96225343, -105.42738168,
       -171.49692968, -112.83023771,  419.29890456,  450.74433797,
        450.26058314,  448.80429154,  452.76085339,  454.06609287,
        452.38126545,  453.80806047,  313.0408482 ,  450.63726542,
         47.1707099 ,   40.83254587,   53.82828484,   50.08145318,
         46.49145711,   68.92910587,   43.82999616,   58.47996201,
         63.3178392 ,   10.57202458])
llh_GD_GSS_Renorm_tau: array([-120.72291404, -281.21703736, -378.59934761, -144.03734418,
       -111.08680085, -229.15186499, -200.18265149, -136.226054  ,
       -528.67145121, -230.32999847, -312.33955181, -136.26957612,
       -129.95659826, -189.37181926, -322.78250542, -517.89421895,
       -129.50413497, -254.31765826, -250.15780244, -369.18705776,
       -546.52778981, -109.98596307, -251.30639301, -198.29089497,
       -440.38362245, -192.22245063, -231.73220314, -121.59516118,
       -118.90148398, -118.46058929,  227.97263345,  159.51319768,
        439.95215476,  439.30571442,  453.72716591,  454.05715585,
        439.05251163,  108.26155464, -100.41957134,   35.90915432,
        -56.52325109, -107.7438423 ,   56.00841851,  -54.13227148,
        -41.21452166, -121.89374438, -160.56923679, -102.1143827 ,
        -99.88456556,  -49.70278919])
llh_GD_GSS_Renorm_kappatau: array([-114.76058194, -103.84973776, -102.82961835, -102.02977397,
       -101.46004723, -101.13069317, -299.36262665, -279.47766021,
       -261.82484943, -247.28746103, -236.99135227, -232.3796833 ,
       -345.25954743, -312.60659357, -281.86192404, -254.68417287,
       -233.3871583 , -221.25490336, -115.2670896 , -145.57351733,
       -139.73362748, -135.03199341, -131.61230509, -129.634503  ,
       -118.02798627, -125.21853182, -131.20667044, -136.2701565 ,
       -140.66086164, -144.5997636 , -216.71739855, -192.4565358 ,
       -170.43100799, -151.42695432, -136.42019465, -126.63270995,
       -174.85863672, -157.35097274, -141.80190748, -128.69976975,
       -118.62926157, -112.29339239, -110.11096848,  -96.99652046,
       -118.36983722, -161.3930487 , -156.19016363, -153.14539991,
       -471.62637929, -430.99720846, -356.34904325, -277.71549369,
       -202.70188887, -142.5863505 , -178.26703906, -220.57144251,
       -193.66674496, -170.05738456, -151.07055521, -138.4146562 ,
       -283.67276438, -259.54365411, -237.95761568, -219.86091788,
       -206.4457068 , -199.2243238 , -129.06939824, -140.50534284,
       -136.51868454, -133.35306109, -131.08452363, -129.79552836,
       -118.22543114, -114.28840345, -110.94868419, -108.25388338,
       -106.25505795, -105.00697979, -194.86514428, -184.10413993,
       -174.88175111, -167.46027069, -162.13964855, -159.26339021,
       -291.43663743, -261.78418172, -234.73101014, -211.46201193,
       -193.5013538 , -182.83179176, -450.35716683, -383.24606228,
       -313.5358634 , -245.36520231, -184.23067434, -138.2211496 ,
       -128.55395882, -127.90410937, -127.22040682, -126.50004218,
       -125.74005885, -124.93735312, -210.30600742, -339.36824533,
       -324.70911677, -313.06530523, -305.36716412, -302.76610025,
       -240.37449678, -216.80614064, -195.63667132, -177.64025768,
       -163.76891517, -155.20054859, -306.45970118, -314.08972244,
       -262.02717123, -213.64244599, -172.28941439, -142.66746739,
       -515.06090289, -582.36113883, -568.44468621, -554.98321207,
       -546.72840708, -553.3538266 , -109.53110909, -110.36611172,
       -111.26932228, -112.25876473, -113.36108806, -114.6180139 ,
       -206.13624846, -241.13311507, -212.43484333, -186.89329229,
       -165.96316262, -151.53737686, -176.60431472, -158.97275018,
       -143.16286686, -129.62542548, -118.89717   , -111.62054738,
       -409.36341008, -352.5525692 , -293.3908279 , -235.37822088,
       -183.09015802, -143.14127593, -159.30481095, -187.32747834,
       -169.24377274, -153.66952776, -141.29485416, -132.95934096,
       -213.71490891, -286.2113924 , -265.2956909 , -247.32881479,
       -233.51517653, -225.39659853, -113.85609507, -111.66481558,
       -109.80990662, -108.17759409, -106.70601905, -105.36134363,
       -100.44739392, -106.03253181, -119.16863589, -133.40721622,
       -151.7579426 , -172.01043746, -111.770998  , -115.0182534 ,
       -114.32221351, -113.75109844, -113.30913433, -113.00068127,
        356.53975542,  375.07435815,  390.80827254,  403.44241528,
        412.64850376,  418.06602533,  170.67282212,  190.58372943,
        209.53738736,  233.62265361,  268.93828921,  323.97571879,
        439.45760459,  441.09679753,  442.6764638 ,  444.2052732 ,
        445.69262788,  447.14856712,  438.93990969,  440.43975508,
        441.88631441,  443.28692374,  444.64909914,  445.98057131,
        453.66363468,  453.54654996,  453.41935098,  453.28398792,
        453.14196206,  452.99440759,  454.00728099,  454.05132679,
        454.07956212,  454.0933486 ,  454.09389284,  454.08226313,
        440.83716075,  443.99650495,  446.5455533 ,  448.57899271,
        450.18091794,  451.40820953,  231.28984794,  347.34471354,
        427.86795904,  423.78820666,  440.19530451,  450.48509945,
         -2.64171463,   81.97372329,  158.47123245,  223.97792214,
        274.86710309,  306.52331775,  351.92065987,  386.37388155,
        383.25903092,  378.88679866,  417.16997715,  442.11850032,
        -37.09852206,  -10.23394381,    5.97291921,   26.46539162,
         47.37060685,   47.45506163,   62.2489553 ,   56.47658973,
         49.47017292,   45.54390043,   36.30033823,   40.39955699,
         55.88349114,   55.52419238,   55.18497703,   54.86391539,
         54.55916141,   54.26896464,  -42.5433203 ,  -21.55718534,
         -4.32507781,    8.35846582,   40.22587817,   50.29549202,
        -30.74760654,  -15.72017407,   -6.77328929,    8.014605  ,
         46.80277323,   46.69242567,  -95.83997874,  -56.69607667,
        -14.36851475,   68.16429733,   68.66098812,   68.91875421,
        -54.89996788,  -27.43508829,   -3.11139976,   17.26628458,
         32.72030507,   42.05957983,  -56.403024  ,  -14.2854423 ,
         18.62530331,   64.51917493,   57.68012691,   58.50563669,
        -81.03750919,  -54.16265865,  -29.99747118,   -6.13904342,
         18.6946557 ,   63.39237832,    1.44400269,    5.30893685,
          8.33204107,   10.44559048,   11.57671465,   11.64699392])
max_GSS_Renorm: 454.0938928388327
