llh_GD_EXP: array([-11.50505845, -12.10304053, -11.60809859, -10.77234389,
       -12.92376353, -12.57105203,  -4.81977551,  22.38645535,
         8.22326406,   7.08462515])
llh_GD_EXP_Renorm_alpha: array([-38.83684446, -35.82572385, -33.48462474, -58.17238346,
       -43.92144248, -43.92919026, 150.75828177, 193.14030838,
        72.94935114,  73.04274279])
llh_GD_EXP_Renorm_beta: array([-40.39177439, -37.22910792, -34.92868553, -47.34298288,
       -43.81074816, -44.20574776, 176.15394082, 194.60742216,
        73.51252935,  73.1246404 ])
llh_GD_EXP_Renorm_alphabeta: array([-40.0532045 , -39.72880114, -39.41819477, -39.12100528,
       -36.89555007, -36.5900477 , -36.31090303, -36.05657901,
       -34.5893573 , -34.27717299, -33.99019304, -33.72658246,
       -49.25854235, -51.30655678, -53.48067769, -55.77262262,
       -43.83245255, -43.85437352, -43.87651172, -43.89886782,
       -44.14776604, -44.09113657, -44.03584211, -43.98186562,
       172.51262959, 168.24520654, 163.25288044, 157.44718457,
       194.33464041, 194.05113549, 193.75735275, 193.45365218,
        73.42706329,  73.32728644,  73.2139423 ,  73.08773907,
        73.10863273,  73.09243789,  73.07605713,  73.05949169])
max_EXP_Renorm: 194.60742215786595
llh_GD_PWL: array([-10.38459568, -10.65140736, -11.36557894, -11.35547704,
        -7.78696566,  -8.03663096,  23.80136459,  23.51444695,
        -9.69504017,   1.63775104])
llh_GD_PWL_Renorm_K: array([ -2272.64783504,    -58.82117942,    -43.59191296,    -50.60824523,
          -50.79632039,    -70.18970007,   -260.18781157,    114.76359219,
       -13804.50532999,    -77.03847588])
llh_GD_PWL_Renorm_c: array([-2112.05314927,   -74.17283707,   -49.91301491,   -37.28219391,
         -78.53158517,   -83.18275888,   169.50990955,   174.33013182,
          26.18257679,    69.34401393])
lllh_GD_PWL_Renorm_p: array([-2207.11313768,   -60.36013914,   -43.37716729,   -32.84550525,
         -65.48656558,   -67.04921397,   173.86312853,   148.62997022,
           3.46035687,    62.35440508])
llh_GD_PWL_Renorm_Kc: array([-2.20787518e+03, -2.27264784e+03, -2.27264784e+03, -2.27264784e+03,
       -7.32159071e+01, -6.95929979e+01, -6.59634239e+01, -6.23606078e+01,
       -4.91218119e+01, -4.76725624e+01, -4.62653021e+01, -4.49038013e+01,
       -3.86786443e+01, -3.91402761e+01, -4.12470643e+01, -4.50618139e+01,
       -7.25092866e+01, -6.61170571e+01, -6.01857162e+01, -5.49841472e+01,
       -8.18608909e+01, -7.89400392e+01, -7.60074252e+01, -7.30833174e+01,
        4.07342714e+01, -2.95290486e+00, -6.84271439e+01, -1.55096543e+02,
        1.73008710e+02,  1.70522701e+02,  1.60522884e+02,  1.42191827e+02,
       -6.96399553e+01, -6.01687999e+02, -2.04431624e+03, -5.56377927e+03,
        3.06628554e+01,  1.38615693e+01, -1.05908124e+01, -4.15574048e+01])
llh_GD_PWL_Renorm_Kp: array([-2.24156391e+03, -2.27264784e+03, -2.27264784e+03, -2.27264784e+03,
       -5.83744551e+01, -5.72073374e+01, -5.68912822e+01, -5.74342532e+01,
       -4.31049854e+01, -4.29887387e+01, -4.30298719e+01, -4.32301960e+01,
       -3.13691600e+01, -3.28154394e+01, -3.69984294e+01, -4.32670405e+01,
       -5.81305887e+01, -5.27053524e+01, -4.95812834e+01, -4.88917760e+01,
       -6.58362649e+01, -6.54008841e+01, -6.58670783e+01, -6.73902415e+01,
        1.94510810e+02,  1.84756970e+02,  1.26546197e+02, -5.57840721e+00,
        1.76538101e+02,  1.93280995e+02,  1.93710830e+02,  1.71998640e+02,
       -2.25346290e+02, -8.35694480e+02, -2.28469741e+03, -5.67426931e+03,
        7.29919350e+01,  6.77188167e+01,  4.16481790e+01, -7.75353638e+00])
max_PWL_Renorm: 194.5108103348674
llh_GD_QEXP: array([ 33.90349405,  14.25332069,  40.2008912 ,  35.3771297 ,
        32.25190023,  17.62539263, 107.42399092,  50.52670432,
       112.60023108,  41.00350644])
llh_GD_QEXP_Renorm_a: array([ 50.22730046,  46.05814682,  56.72998703,  56.52335921,
        48.70402238,  43.28909059, 398.43187447, 300.31951989,
       223.0264906 , 218.13607044])
lllh_GD_QEXP_Renorm_q: array([230.03455881, 141.79305125, 280.43492525, 258.17584988,
       232.68450029, 163.72185519, 677.35825951,  49.09938731,
       653.90053322, 318.35981309])
llh_GD_QEXP_Renorm_aq: array([196.52489578, 161.83310644, 125.77601423,  88.39774511,
       123.14575384, 104.15903427,  84.89857642,  65.47627439,
       239.13400185, 196.08483031, 151.04340549, 104.21814014,
       220.60737325, 181.53180901, 140.86082624,  98.88020254,
       198.5440358 , 163.1894041 , 126.37346544,  88.05739404,
       140.66844309, 116.98879697,  92.73893689,  68.07552145,
       621.64827134, 565.54309842, 509.35877342, 453.49599791,
        94.036634  , 143.43930393, 195.79604025, 249.03977945,
       573.52107682, 490.03019632, 403.15678874, 313.46208624,
       298.23824097, 278.11161352, 258.02099557, 238.01232317])
max_QEXP_Renorm: 677.3582595086566
llh_GD_RAY: array([-13.50163037, -13.00974171, -12.35286228, -10.74390099,
        -9.76471527,  -7.50246055,  14.9130605 , -25.79352663,
         2.17963946,   4.32040745])
llh_GD_RAY_Renorm_gamma: array([-15.24887964, -16.35824106, -13.81923655, -13.84314796,
       -12.32686135, -12.34819294,  12.87397151, -41.22844321,
        -1.25504889,   3.61112675])
llh_GD_RAY_Renorm_eta: array([-15.35236795, -17.17473279, -14.3386308 , -14.82208967,
       -12.30013716, -14.32940245,  13.6298404 , -25.79352663,
        -3.3917592 ,   4.32040745])
llh_GD_RAY_Renorm_gammaeta: array([-15.32809335, -15.30571642, -15.28512674, -15.26621586,
       -17.00152017, -16.83211522, -16.66769798, -16.50939163,
       -14.21517358, -14.100687  , -13.99593125, -13.90178494,
       -14.58213194, -14.36173838, -14.16308002, -13.98900241,
       -12.30015415, -12.30295374, -12.30840258, -12.3163936 ,
       -13.64675426, -13.12138186, -12.74051708, -12.48935834,
        13.48018605,  13.32976771,  13.17858962,  13.02665611,
       -40.85138429, -41.22730429, -41.22843985, -41.2284432 ,
        -2.9517484 ,  -2.5178455 ,  -2.09027838,  -1.66927225,
         4.18304993,   4.04343748,   3.9015752 ,   3.75746924])
max_RAY_Renorm: 13.629840400452423
llh_GD_GSS: array([-12.82703611, -10.8897059 , -10.21349373, -14.81151443,
        -8.96314715,  -9.1586089 ,  28.0092547 ,  14.88272037,
         9.97479799,   5.46286727])
llh_GD_GSS_Renorm_kappa: array([-37.29428438, -35.94800497, -52.73110009, -33.994532  ,
       -49.51132577, -44.46676913, 196.22490685, 127.25288851,
        72.58840652,  69.32699598])
llh_GD_GSS_Renorm_tau: array([ -48.9750442 ,  -59.16225624, -108.16290619,  -71.57745626,
        -72.76865062,  -63.5165151 ,  139.32031805,  -35.36725036,
         21.25830879, -149.92437916])
llh_GD_GSS_Renorm_kappatau: array([ -56.02782984,  -38.29060021,  -37.68682362,  -37.34560941,
        -59.23109882,  -42.05244083,  -38.78835442,  -36.64630046,
       -133.32908478,  -70.89919085,  -68.61930336,  -55.57458345,
        -79.83905511,  -42.42497584,  -37.81867979,  -34.81994459,
        -69.24047517,  -56.75958309,  -52.56931861,  -49.94582587,
        -65.59097551,  -46.5174918 ,  -45.25727015,  -44.54327093,
        146.11934969,  179.17815358,  188.61522515,  192.03154628,
        -44.55312037,   44.52356362,   87.57069266,  119.95553359,
         22.08961931,   29.38708444,   56.17449159,   71.97157175,
       -168.24412933, -118.83414641,  -20.98571407,   38.48374381])
max_GSS_Renorm: 196.22490684546983
