llh_GD_EXP: array([ -91.25166099,  -88.45024845,  -85.81306198,  -98.71464136,
        -86.35791039,  -87.86491074,  -90.34517749,  -97.74759573,
        -86.49608629,  -86.72086544,  -82.67098062,  -91.02557415,
        -92.68732057,  -82.60745653,  -80.73840445,  -93.0704084 ,
        -94.03608753,  -89.58290974,  -80.34916995,  -81.51250954,
        -97.01943765,  -90.67832706,  -91.45098064,  -96.64772357,
       -106.15984284,  -92.34474558,  -95.70127114,  -95.69880666,
       -101.80037522,  -96.49124799,  458.42559173,  393.34965897,
        466.36931231,  461.27317808,  443.62781491,  449.84009547,
        446.11488874,  441.20331205,  386.54666407,  465.01154673,
         66.60160358,   78.37638486,   58.47095782,   80.87289711,
         78.02144087,   60.05386435,   84.59902412,   86.07354145,
          3.30101128,   39.4686303 ])
llh_GD_EXP_Renorm_alpha: array([ -90.39172446,  -89.02489142,  -90.4534681 , -101.77173583,
        -92.98444992,  -95.72798058, -102.51821953,  -97.05347774,
        -92.09627593,  -87.91476532,  -89.1850242 , -109.36103103,
       -101.42043628,  -91.85004275,  -87.12670096,  -99.9641987 ,
       -100.24465619,  -87.16717467,  -93.50317767,  -87.12068567,
        -97.68608424,  -94.85330621,  -96.36152643, -114.39938988,
       -108.07031879, -108.65643303,  -99.52642322, -111.92951458,
       -101.85519827, -106.90644048,  463.89288539,  403.28153234,
        466.33726072,  464.4764027 ,  452.044881  ,  450.03418507,
        450.13190893,  446.66468348,  389.28991863,  465.14356135,
         82.92717149,   81.17182848,   63.70295193,   80.89124523,
         81.80009753,   69.76191271,   83.96323994,   83.88130164,
          6.20145093,   46.17433787])
llh_GD_EXP_Renorm_beta: array([ -91.06820094,  -89.2195747 ,  -87.16501679, -100.70035306,
        -86.86701891,  -89.41695012,  -90.38285468,  -99.75132244,
        -88.0013567 ,  -93.3879308 ,  -91.21825625,  -95.04656165,
        -97.0318988 ,  -87.67530069,  -88.97231987,  -96.88796047,
        -96.08903306,  -87.10741012,  -90.87551924,  -87.52968609,
        -97.60768305,  -94.5531152 ,  -94.44676981, -102.7395483 ,
       -105.80055642,  -94.62158839, -105.84672347,  -94.58552058,
        -99.34987198,  -98.64708974,  463.35863192,  398.52216209,
        466.51948215,  465.11966789,  447.91711713,  448.95826716,
        443.17431212,  442.53329009,  380.16265239,  465.64006086,
         75.66395367,   80.52207978,   53.72745481,   79.26106382,
         77.24838682,   56.85594678,   83.76790081,   84.36209581,
         -2.59715952,   39.76835322])
llh_GD_EXP_Renorm_alphabeta: array([-9.09673591e+01, -9.08679355e+01, -9.07699196e+01, -9.06733008e+01,
       -9.05780689e+01, -9.04842135e+01, -8.91912144e+01, -8.91630377e+01,
       -8.91350441e+01, -8.91072332e+01, -8.90796044e+01, -8.90521573e+01,
       -8.74275834e+01, -8.77541667e+01, -8.81474005e+01, -8.86103070e+01,
       -8.91463123e+01, -8.97592666e+01, -1.00850011e+02, -1.01000791e+02,
       -1.01152699e+02, -1.01305741e+02, -1.01459924e+02, -1.01615253e+02,
       -8.71670897e+01, -8.76356042e+01, -8.82832742e+01, -8.91236758e+01,
       -9.01734350e+01, -9.14524999e+01, -9.00527363e+01, -9.07685019e+01,
       -9.15689372e+01, -9.24592022e+01, -9.34449460e+01, -9.45323192e+01,
       -9.14826406e+01, -9.27629646e+01, -9.42402188e+01, -9.59328518e+01,
       -9.78613817e+01, -1.00048350e+02, -9.93450533e+01, -9.89457966e+01,
       -9.85535144e+01, -9.81681718e+01, -9.77897370e+01, -9.74181812e+01,
       -8.83952079e+01, -8.88477590e+01, -8.93617155e+01, -8.99400754e+01,
       -9.05861451e+01, -9.13035552e+01, -9.23071269e+01, -9.13295697e+01,
       -9.04534876e+01, -8.96766682e+01, -8.89965141e+01, -8.84101803e+01,
       -9.08755064e+01, -9.05510176e+01, -9.02442790e+01, -8.99547917e+01,
       -8.96820686e+01, -8.94256342e+01, -9.64654518e+01, -9.80617546e+01,
       -9.98525487e+01, -1.01856569e+02, -1.04094278e+02, -1.06587848e+02,
       -9.75869688e+01, -9.81647295e+01, -9.87659150e+01, -9.93912833e+01,
       -1.00041617e+02, -1.00717724e+02, -8.79979305e+01, -8.83979436e+01,
       -8.88821424e+01, -8.94589465e+01, -9.01382294e+01, -9.09311532e+01,
       -8.85148205e+01, -8.81291156e+01, -8.78105634e+01, -8.75548343e+01,
       -8.73579423e+01, -8.72162861e+01, -9.72897449e+01, -9.77036006e+01,
       -9.81298134e+01, -9.85686761e+01, -9.90204887e+01, -9.94855582e+01,
       -9.66190454e+01, -9.71694974e+01, -9.77408542e+01, -9.83335824e+01,
       -9.89481488e+01, -9.95850191e+01, -8.71136798e+01, -8.71206979e+01,
       -8.71284690e+01, -8.71369974e+01, -8.71462880e+01, -8.71563454e+01,
       -8.86067949e+01, -8.74230298e+01, -8.70841737e+01, -8.74455215e+01,
       -8.85023607e+01, -9.04173703e+01, -8.73752957e+01, -8.72552104e+01,
       -8.71678473e+01, -8.71118047e+01, -8.70858801e+01, -8.70890895e+01,
       -9.76188197e+01, -9.76299774e+01, -9.76411564e+01, -9.76523565e+01,
       -9.76635779e+01, -9.76748204e+01, -9.44538947e+01, -9.44033382e+01,
       -9.44004461e+01, -9.44444504e+01, -9.45347970e+01, -9.46711342e+01,
       -9.43959939e+01, -9.44549374e+01, -9.46215444e+01, -9.48948523e+01,
       -9.52749586e+01, -9.57630548e+01, -9.73697722e+01, -9.48673081e+01,
       -9.44761432e+01, -9.59159143e+01, -9.92582719e+01, -1.05011469e+02,
       -1.06106451e+02, -1.06418274e+02, -1.06736137e+02, -1.07060155e+02,
       -1.07390444e+02, -1.07727125e+02, -9.44080698e+01, -9.48660434e+01,
       -9.59833772e+01, -9.77912254e+01, -1.00376708e+02, -1.03906997e+02,
       -1.00234067e+02, -9.67753897e+01, -9.49432158e+01, -9.43963104e+01,
       -9.49751675e+01, -9.66524740e+01, -9.52533891e+01, -9.64081223e+01,
       -9.80796399e+01, -1.00330603e+02, -1.03268358e+02, -1.07057584e+02,
       -9.96700562e+01, -1.00002268e+02, -1.00346815e+02, -1.00704024e+02,
       -1.01074243e+02, -1.01457838e+02, -9.95022217e+01, -1.00451661e+02,
       -1.01502462e+02, -1.02662943e+02, -1.03942780e+02, -1.05353082e+02,
        4.63436250e+02,  4.63513437e+02,  4.63590192e+02,  4.63666515e+02,
        4.63742405e+02,  4.63817862e+02,  3.99200613e+02,  3.99879596e+02,
        4.00559087e+02,  4.01239058e+02,  4.01919479e+02,  4.02600316e+02,
        4.66493726e+02,  4.66467878e+02,  4.66441938e+02,  4.66415907e+02,
        4.66389783e+02,  4.66363568e+02,  4.65030103e+02,  4.64939759e+02,
        4.64848637e+02,  4.64756740e+02,  4.64664068e+02,  4.64570621e+02,
        4.48528551e+02,  4.49132880e+02,  4.49730015e+02,  4.50319868e+02,
        4.50902352e+02,  4.51477383e+02,  4.49113411e+02,  4.49268076e+02,
        4.49422263e+02,  4.49575968e+02,  4.49729192e+02,  4.49881931e+02,
        4.44218661e+02,  4.45246884e+02,  4.46258560e+02,  4.47253283e+02,
        4.48230664e+02,  4.49190326e+02,  4.43139348e+02,  4.43740255e+02,
        4.44335929e+02,  4.44926287e+02,  4.45511251e+02,  4.46090742e+02,
        3.81463964e+02,  3.82765552e+02,  3.84067804e+02,  3.85371073e+02,
        3.86675672e+02,  3.87981876e+02,  4.65570706e+02,  4.65500825e+02,
        4.65430420e+02,  4.65359490e+02,  4.65288036e+02,  4.65216060e+02,
        7.70145326e+01,  7.82693859e+01,  7.94239197e+01,  8.04728911e+01,
        8.14105430e+01,  8.22307500e+01,  8.06181409e+01,  8.07131316e+01,
        8.08070461e+01,  8.08998787e+01,  8.09916238e+01,  8.10822756e+01,
        5.52812443e+01,  5.67898225e+01,  5.82546289e+01,  5.96770602e+01,
        6.10584471e+01,  6.24000326e+01,  7.95104271e+01,  7.97544064e+01,
        7.99929372e+01,  8.02259539e+01,  8.04533895e+01,  8.06751763e+01,
        7.80158488e+01,  7.87462674e+01,  7.94385012e+01,  8.00913255e+01,
        8.07034442e+01,  8.12735022e+01,  5.89410723e+01,  6.09403266e+01,
        6.28574553e+01,  6.46957565e+01,  6.64579760e+01,  6.81462237e+01,
        8.37980966e+01,  8.38275329e+01,  8.38562074e+01,  8.38841177e+01,
        8.39112615e+01,  8.39376363e+01,  8.43502958e+01,  8.43198080e+01,
        8.42704580e+01,  8.42020811e+01,  8.41145232e+01,  8.40076410e+01,
       -1.31649098e+00, -4.33189946e-02,  1.22210234e+00,  2.47952594e+00,
        3.72871203e+00,  4.96942846e+00,  4.07220623e+01,  4.16627489e+01,
        4.25905043e+01,  4.35054285e+01,  4.44076301e+01,  4.52972253e+01])
max_EXP_Renorm: 466.5194821474457
llh_GD_PWL: array([ -94.96607313, -192.29416681, -112.85144229,  -88.62408195,
        -87.6651105 ,  -89.14569742,  -87.97137898, -223.73062825,
        -88.9810488 ,  -99.9795112 , -119.01488664,  -91.49691481,
       -370.57545309,  -85.34733607,  -82.7094684 ,  -87.9250559 ,
        -82.03408287,  -89.74499987,  -80.98374951,  -84.21944436,
       -123.78438749,  -94.25807755, -355.01563492, -346.69356711,
        -96.26314272,  -97.79660096,  -95.05961514,  -93.77972827,
        -92.07030262, -284.37894045,  405.17528889,  382.0277767 ,
        387.32564962,  445.28049609,  422.08772208,  358.91488364,
        378.50739942,  451.28028639,  396.0131165 ,  396.34801258,
         49.62268664,   10.21893995,   60.75615141,   65.04716787,
         24.17523685,   34.11031896,   69.74917973,   30.1682791 ,
         11.33150932,   44.0929565 ])
llh_GD_PWL_Renorm_K: array([-1.48886216e+02, -1.59510248e+03, -1.11516726e+04, -2.04272149e+03,
       -2.59618875e+02, -5.44457262e+03, -9.83600977e+02, -6.07911423e+03,
       -1.05824619e+02, -2.01782670e+02, -1.02403285e+03, -1.73089803e+02,
       -1.76873031e+03, -2.20168109e+02, -1.21929017e+02, -1.48050970e+02,
       -1.70842360e+02, -1.11530913e+02, -1.08552373e+02, -1.19018029e+02,
       -6.38417554e+02, -1.27497554e+02, -6.92666167e+04, -1.82569047e+04,
       -1.86482974e+02, -1.26493229e+02, -4.39955138e+02, -1.50846858e+02,
       -1.24510030e+02, -1.85546388e+04,  4.62772414e+02, -7.11056919e+02,
        4.24648422e+02,  4.07865905e+02,  4.42476189e+02, -3.73620008e+02,
        4.07022304e+02,  3.97248497e+02,  4.61749241e+02,  3.98170089e+02,
        7.01717758e+01, -8.37295247e+02,  7.30649220e+01,  8.24119377e+01,
       -2.54182931e+00, -5.11863439e+00,  6.75256685e+01,  7.35801261e+01,
        5.51658428e+01,  7.77414494e+01])
llh_GD_PWL_Renorm_c: array([ -172.97199678,  -238.79507225,  -190.44081105,  -170.97213882,
        -121.01401559, -4563.14511245,  -184.25448277,  -314.24695881,
        -132.28165323,  -114.68963835,  -191.99264185,  -178.29350586,
        -466.05350916,  -115.85557431,  -128.40038858,  -172.59179684,
        -196.33637949,  -150.74637216,  -234.84418897,  -175.75032296,
        -206.90997441,  -182.99792382,  -568.80530692,  -457.31998675,
        -135.13097362,  -155.83576344,  -160.39955717,  -202.57065273,
        -220.15603504,  -482.88758292,   415.30189796,   457.1388831 ,
         389.92033927,   427.05574401,   454.64949728,   403.07330189,
         460.82957719,   454.52456429,   427.17069448,   410.82833375,
          58.90657995,    26.73761445,    64.09936183,    75.48598831,
          66.88574373,    74.30538494,    79.13854764,    62.19249047,
          76.94022804,    58.36252778])
lllh_GD_PWL_Renorm_p: array([ -129.42017578,  -133.51418369,  -122.35964844,  -140.15512163,
         -96.21583833, -5377.90474227,  -178.10965365,  -144.42348758,
        -101.29652659,  -103.63964395,  -100.19782541,  -127.45515117,
        -284.00278089,   -90.48791323,   -96.16641562,  -129.79001629,
        -168.0880922 ,  -107.5849338 ,  -206.38585495,  -128.32657458,
        -117.8758105 ,  -136.06288666,  -258.46744346,  -247.49997464,
        -100.49881229,  -117.80517128,  -117.19053018,  -151.71913928,
        -202.7220763 ,  -211.90308909,   394.14971177,   374.16476316,
         393.47681196,   442.98727255,   429.28511201,   387.74135314,
         425.1908981 ,   439.70643058,   418.74619129,   399.34342299,
          59.08607812,    51.2222521 ,    69.65013232,    72.80904255,
          35.03180856,    44.21421507,    66.50631443,    45.78221423,
          66.43964588,    62.57211445])
llh_GD_PWL_Renorm_Kc: array([-1.67499341e+02, -1.57259366e+02, -1.49062930e+02, -1.43506298e+02,
       -1.41203496e+02, -1.42782735e+02, -8.28559977e+02, -9.29001513e+02,
       -1.04370356e+03, -1.17164720e+03, -1.31025609e+03, -1.45444766e+03,
       -3.28774120e+03, -5.22611832e+03, -7.05914222e+03, -9.27306601e+03,
       -1.15688512e+04, -1.29943529e+04, -6.72923102e+02, -8.04062407e+02,
       -9.84757369e+02, -1.21949950e+03, -1.50153341e+03, -1.80139596e+03,
       -1.50512169e+02, -1.52140749e+02, -1.59670627e+02, -1.73763267e+02,
       -1.94930349e+02, -2.23507549e+02, -4.88537185e+03, -5.05203687e+03,
       -5.15370808e+03, -5.25333306e+03, -5.41219539e+03, -5.44457262e+03,
       -3.59629995e+02, -3.85301923e+02, -4.35820488e+02, -5.19789084e+02,
       -6.43615375e+02, -8.05923124e+02, -2.69828427e+03, -3.25820955e+03,
       -3.90256862e+03, -4.60519208e+03, -5.30318846e+03, -5.87046191e+03,
       -1.28181694e+02, -1.23700625e+02, -1.19480578e+02, -1.15551587e+02,
       -1.11944558e+02, -1.08691310e+02, -1.38869568e+02, -1.44029984e+02,
       -1.51203012e+02, -1.60484750e+02, -1.71961087e+02, -1.85706545e+02,
       -4.77991033e+02, -5.25623398e+02, -5.88528471e+02, -6.68813107e+02,
       -7.68107610e+02, -8.86990871e+02, -1.77700096e+02, -1.67412489e+02,
       -1.59970227e+02, -1.56095539e+02, -1.56512004e+02, -1.61938976e+02,
       -1.10135806e+03, -1.19556405e+03, -1.29780446e+03, -1.40754246e+03,
       -1.52380446e+03, -1.64500879e+03, -1.39611216e+02, -1.42551246e+02,
       -1.49405249e+02, -1.60425990e+02, -1.75811233e+02, -1.95700294e+02,
       -1.22190419e+02, -1.16184254e+02, -1.12240717e+02, -1.10604252e+02,
       -1.11515224e+02, -1.15211377e+02, -1.70093143e+02, -1.66264943e+02,
       -1.62487064e+02, -1.58767935e+02, -1.55116225e+02, -1.51540851e+02,
       -1.84295464e+02, -1.64294587e+02, -1.48786713e+02, -1.39799774e+02,
       -1.39285723e+02, -1.49070716e+02, -1.42138359e+02, -1.34351556e+02,
       -1.27443693e+02, -1.21558812e+02, -1.16844012e+02, -1.13449844e+02,
       -2.18073586e+02, -1.97588508e+02, -1.76765660e+02, -1.56445068e+02,
       -1.37582049e+02, -1.21232819e+02, -1.64953474e+02, -1.54717042e+02,
       -1.45229025e+02, -1.36696642e+02, -1.29334615e+02, -1.23365080e+02,
       -3.54500283e+02, -3.74346678e+02, -4.03041546e+02, -4.42274775e+02,
       -4.93684251e+02, -5.58720468e+02, -1.74870120e+02, -1.65761075e+02,
       -1.56945970e+02, -1.48563360e+02, -1.40758720e+02, -1.33684003e+02,
       -3.08298000e+02, -3.08298000e+02, -3.08298000e+02, -3.08298000e+02,
       -3.08298000e+02, -3.08297983e+02, -3.08298000e+02, -3.08297993e+02,
       -3.08295995e+02, -3.07672769e+02, -2.04120950e+02, -2.00650541e+03,
       -1.47837714e+02, -1.46382531e+02, -1.47763351e+02, -1.52247659e+02,
       -1.60068948e+02, -1.71426183e+02, -1.51520684e+02, -1.46746680e+02,
       -1.42173763e+02, -1.37831408e+02, -1.33749801e+02, -1.29959855e+02,
       -2.46754493e+02, -2.51493941e+02, -2.65247850e+02, -2.89946805e+02,
       -3.27070590e+02, -3.77265697e+02, -2.00342633e+02, -1.92087799e+02,
       -1.83729085e+02, -1.75340289e+02, -1.67003013e+02, -1.58806390e+02,
       -1.97433448e+02, -1.74260289e+02, -1.52826988e+02, -1.35188313e+02,
       -1.23350064e+02, -1.19197797e+02, -8.42795603e+03, -1.49950204e+04,
       -2.48586879e+04, -2.95091393e+04, -3.22242569e+04, -3.04359409e+04,
        4.24157347e+02,  4.33278204e+02,  4.41426649e+02,  4.48528983e+02,
        4.54508250e+02,  4.59284060e+02,  2.84423440e+02,  2.02216337e+02,
        8.61024724e+01, -6.48015842e+01, -2.50183971e+02, -4.67581259e+02,
        3.91609984e+02,  3.97599231e+02,  4.03406399e+02,  4.09023337e+02,
        4.14441706e+02,  4.19652977e+02,  4.26840662e+02,  4.23878285e+02,
        4.20833196e+02,  4.17707426e+02,  4.14502976e+02,  4.11221820e+02,
        4.62128576e+02,  4.64409839e+02,  4.64663797e+02,  4.62748404e+02,
        4.58515720e+02,  4.51811729e+02,  2.14422332e+02,  1.48907969e+02,
        7.10011712e+01, -1.98199204e+01, -1.24004406e+02, -2.41884439e+02,
        4.54557593e+02,  4.49538474e+02,  4.43415733e+02,  4.36146746e+02,
        4.27687970e+02,  4.17994943e+02,  4.49191302e+02,  4.45871378e+02,
        4.40573547e+02,  4.33183774e+02,  4.23583173e+02,  4.11647805e+02,
        4.37761852e+02,  4.45889869e+02,  4.52528477e+02,  4.57559750e+02,
        4.60860460e+02,  4.62301823e+02,  4.11134350e+02,  4.09048455e+02,
        4.06931973e+02,  4.04785404e+02,  4.02609241e+02,  4.00403974e+02,
        6.15218717e+01,  6.38172967e+01,  6.57951485e+01,  6.74380358e+01,
        6.87278304e+01,  6.96456393e+01, -1.84351537e+02, -2.27817231e+02,
       -2.92648012e+02, -3.82576559e+02, -5.01234836e+02, -6.51910629e+02,
        6.48245248e+01,  6.63352978e+01,  6.77930968e+01,  6.91964608e+01,
        7.05439016e+01,  7.18339034e+01,  7.72098748e+01,  7.87213288e+01,
        7.99897453e+01,  8.10043098e+01,  8.17538898e+01,  8.22270286e+01,
        5.27387514e+01,  4.60459267e+01,  3.83991486e+01,  2.97581576e+01,
        2.00820599e+01,  9.32938841e+00,  6.03741031e+01,  5.34145374e+01,
        4.49836512e+01,  3.49995067e+01,  2.33783027e+01,  1.00345660e+01,
        8.02116228e+01,  8.04413688e+01,  7.98131371e+01,  7.82691309e+01,
        7.57489836e+01,  7.21897122e+01,  7.23117534e+01,  7.74438073e+01,
        8.08883500e+01,  8.24454651e+01,  8.19011965e+01,  7.90271641e+01,
        7.60243879e+01,  7.54413645e+01,  7.38038362e+01,  7.10373866e+01,
        6.70639892e+01,  6.18019491e+01,  6.10097383e+01,  6.44609918e+01,
        6.76675700e+01,  7.06146544e+01,  7.32868147e+01,  7.56679864e+01])
llh_GD_PWL_Renorm_Kp: array([-1.14356070e+02, -1.03382011e+02, -9.78002560e+01, -9.86729075e+01,
       -1.06576574e+02, -1.21709910e+02, -1.85035033e+02, -2.69915341e+02,
       -3.98744873e+02, -5.83957626e+02, -8.38820285e+02, -1.17468594e+03,
       -1.09932651e+02, -1.77422262e+02, -4.19912059e+02, -1.02781985e+03,
       -2.38570689e+03, -5.26243061e+03, -1.06481940e+02, -9.74888676e+01,
       -1.40001452e+02, -2.77541097e+02, -5.78433444e+02, -1.13764943e+03,
       -9.29734736e+01, -9.90635249e+01, -1.15720272e+02, -1.42967659e+02,
       -1.78966311e+02, -2.19702378e+02, -5.37858298e+03, -5.38015442e+03,
       -5.41223609e+03, -5.44457262e+03, -5.44457262e+03, -5.44457262e+03,
       -1.35048238e+02, -1.01820897e+02, -9.66637402e+01, -1.47220868e+02,
       -2.91903723e+02, -5.70554377e+02, -2.28667701e+02, -4.02294995e+02,
       -7.19813934e+02, -1.26709378e+03, -2.17910068e+03, -3.66787540e+03,
       -1.00348582e+02, -9.99508354e+01, -1.00087330e+02, -1.00747165e+02,
       -1.01924436e+02, -1.03617009e+02, -1.12950669e+02, -1.24835082e+02,
       -1.38841025e+02, -1.54331251e+02, -1.70527374e+02, -1.86597441e+02,
       -1.05522268e+02, -1.33888729e+02, -1.94947958e+02, -3.00711290e+02,
       -4.65109658e+02, -7.02156348e+02, -1.11750331e+02, -1.01118418e+02,
       -9.71838847e+01, -1.01353553e+02, -1.14504253e+02, -1.36919414e+02,
       -3.74381568e+02, -4.93350617e+02, -6.46891400e+02, -8.41913120e+02,
       -1.08638954e+03, -1.39003223e+03, -9.42507417e+01, -1.04342241e+02,
       -1.20613742e+02, -1.42214255e+02, -1.67528482e+02, -1.94322468e+02,
       -9.18901256e+01, -9.11703476e+01, -9.37199658e+01, -9.89163016e+01,
       -1.05900926e+02, -1.13787527e+02, -1.29370744e+02, -1.29623522e+02,
       -1.30654948e+02, -1.32623115e+02, -1.35781694e+02, -1.40588018e+02,
       -1.37443424e+02, -1.11940292e+02, -9.60511461e+01, -9.39751626e+01,
       -1.07967190e+02, -1.35923521e+02, -1.01722876e+02, -9.80555239e+01,
       -9.65621361e+01, -9.71405127e+01, -9.96944534e+01, -1.04305176e+02,
       -1.76744530e+02, -1.49255944e+02, -1.26906563e+02, -1.11719498e+02,
       -1.04135071e+02, -1.03370236e+02, -1.17341253e+02, -1.08927328e+02,
       -1.03420472e+02, -1.01043169e+02, -1.02020751e+02, -1.07032229e+02,
       -1.13022759e+02, -1.21146215e+02, -1.47893060e+02, -2.00455386e+02,
       -2.87908300e+02, -4.22337569e+02, -1.27947919e+02, -1.21886696e+02,
       -1.18043453e+02, -1.16516204e+02, -1.17403772e+02, -1.20912699e+02,
       -6.10129576e+02, -1.44822604e+03, -3.29822076e+03, -7.24967470e+03,
       -1.55657555e+04, -3.29569259e+04, -4.69500786e+02, -9.05901711e+02,
       -1.71361230e+03, -3.16457549e+03, -5.73374675e+03, -1.02604684e+04,
       -9.98260833e+01, -1.04138461e+02, -1.13580325e+02, -1.27780160e+02,
       -1.45744343e+02, -1.65908940e+02, -1.16617127e+02, -1.16195024e+02,
       -1.16551155e+02, -1.17707878e+02, -1.19704152e+02, -1.22602013e+02,
       -1.03543623e+02, -1.02130972e+02, -1.18501294e+02, -1.58512729e+02,
       -2.26814971e+02, -3.23650873e+02, -1.46848353e+02, -1.43644630e+02,
       -1.42105660e+02, -1.42170575e+02, -1.43735639e+02, -1.46672598e+02,
       -1.71255978e+02, -1.40750619e+02, -1.16094165e+02, -1.01948961e+02,
       -1.00593232e+02, -1.09890979e+02, -4.13612217e+02, -8.29320936e+02,
       -1.62354052e+03, -3.08428097e+03, -5.71370837e+03, -1.03793690e+04,
        4.09412012e+02,  4.22826351e+02,  4.34485211e+02,  4.44513583e+02,
        4.53007871e+02,  4.59824497e+02,  3.98931239e+02,  3.75147763e+02,
        2.88622011e+02,  1.28622653e+02, -1.05965202e+02, -3.98779088e+02,
        3.99983055e+02,  4.06003338e+02,  4.11498045e+02,  4.16397083e+02,
        4.20566951e+02,  4.23705122e+02,  4.37557915e+02,  4.31771051e+02,
        4.25670119e+02,  4.19293589e+02,  4.12675589e+02,  4.05846447e+02,
        4.34552726e+02,  4.37853892e+02,  4.39715047e+02,  4.40686870e+02,
        4.41269298e+02,  4.41822418e+02,  3.41480075e+02,  2.71357938e+02,
        1.76600598e+02,  5.84440976e+01, -7.88852067e+01, -2.27170595e+02,
        4.22604780e+02,  4.19729401e+02,  4.16759956e+02,  4.13876200e+02,
        4.11229199e+02,  4.08927312e+02,  4.43094209e+02,  4.43132873e+02,
        4.39962128e+02,  4.33859046e+02,  4.25219194e+02,  4.14334599e+02,
        4.28216491e+02,  4.36175127e+02,  4.42917389e+02,  4.48703665e+02,
        4.53724539e+02,  4.58075705e+02,  3.99415064e+02,  3.99402698e+02,
        3.99309201e+02,  3.99137098e+02,  3.98888608e+02,  3.98565693e+02,
        6.42797886e+01,  6.88476837e+01,  7.27766609e+01,  7.60405089e+01,
        7.85649173e+01,  8.01012920e+01,  6.65806964e+01,  5.87342465e+01,
        1.73185916e+01, -7.10763921e+01, -2.23208539e+02, -4.59627092e+02,
        7.05159759e+01,  7.12638299e+01,  7.18892668e+01,  7.23875013e+01,
        7.27533575e+01,  7.29812145e+01,  7.47318152e+01,  7.64779020e+01,
        7.80454060e+01,  7.94298124e+01,  8.06245164e+01,  8.16214777e+01,
        2.94344707e+01,  2.35905764e+01,  1.77117150e+01,  1.20027530e+01,
        6.64429563e+00,  1.77256400e+00,  3.80189689e+01,  3.08457105e+01,
        2.31047951e+01,  1.52428539e+01,  7.69780503e+00,  8.36935838e-01,
        6.82172433e+01,  6.91812467e+01,  6.95798983e+01,  6.95795688e+01,
        6.92869399e+01,  6.86836677e+01,  5.40484722e+01,  6.01184938e+01,
        6.44805877e+01,  6.76670603e+01,  7.01256722e+01,  7.21011638e+01,
        6.76703640e+01,  6.76089139e+01,  6.64858622e+01,  6.45720606e+01,
        6.21151074e+01,  5.91815179e+01,  6.65825870e+01,  7.01175203e+01,
        7.31373600e+01,  7.55722027e+01,  7.73056637e+01,  7.81442073e+01])
max_PWL_Renorm: 464.6637967048242
llh_GD_QEXP: array([ 396.21632242,  333.40676217,  495.96479095,  402.27945056,
        406.15341995,  506.43630371,  484.10690241,  499.78285137,
        462.48200374,  558.21273957,  512.4950822 ,  642.06585669,
        408.08143895,  510.38002589,  220.07861811,  427.20721039,
        619.22950239,  609.23541271,  661.9701449 ,  515.75492811,
        467.37232991,  334.98692668,  423.25667012,  443.02484962,
        338.99697916,  562.27152944,  219.68227182,  534.95691835,
        399.42576583,  426.4040526 , 2708.13312572, 1941.21003416,
       2513.49838473, 2036.03629616, 2622.67506021, 2507.82972352,
       2618.20713267, 2683.54184062, 1989.52776192, 2387.88588915,
        480.35404469,  970.36223833, 1056.1654085 ,  464.83707664,
        780.92648893,  941.46134364,  864.02524789,  915.4576206 ,
        835.43767694,  677.51074402])
llh_GD_QEXP_Renorm_a: array([ 133.96158526,  159.10143814,  229.96575913,  229.42576777,
        218.55308444,  156.95531589,  170.2373352 ,  226.48768539,
        168.92698142,  172.83395149,  267.88133222,  274.21868667,
        147.85053617,  276.86444506,  153.14727797,  257.17938608,
        248.65854289,  204.4919672 ,  233.84528034,  197.29413456,
        188.82088297,  167.87987091,  195.85968774,  214.69077768,
        126.39918234,  195.76068539,  125.52431196,  210.48033302,
        177.23100734,  188.14983942, 1402.58147094, 1420.8312361 ,
       1339.82994952, 1182.06109356, 1326.79952882, 1215.29929263,
       1416.84634141, 1397.68708468,  835.32777833, 1271.60298511,
        260.30291255,  434.5136814 ,  473.0280981 ,  426.84017809,
        426.47400419,  477.05493598,  415.77410258,  427.84470156,
        406.42109051,  457.19028361])
lllh_GD_QEXP_Renorm_q: array([ 534.79322113,  380.67555461,  572.88380079,  460.03640155,
        476.69365571,  654.40001354,  616.88591732,  579.22701107,
        588.19622574,  698.27815326,  600.20621934,  748.37065909,
        513.44192635,  591.35270999,  236.17852481,  494.3933993 ,
        742.82687266,  771.76713918,  807.20484668,  662.2638666 ,
        562.21750944,  381.63824708,  501.41076201,  516.77280631,
        418.94029462,  667.5680625 ,  285.89081736,  623.71433668,
        495.63760608,  512.1757039 , 3046.17844075, 2126.42772956,
       2880.20705394, 2431.07171077, 3022.66454121, 2981.81560697,
       2926.03078069, 3020.21129894, 2486.07421187, 2791.08319972,
        551.28709169, 1116.84178508, 1178.05879763,  459.93392411,
        900.3478003 , 1051.20101478, 1007.24294273, 1054.88723003,
        977.59962246,  751.06258403])
llh_GD_QEXP_Renorm_aq: array([ 480.65937368,  424.78030889,  367.38903097,  308.90606228,
        249.95180184,  191.3278246 ,  349.63320004,  318.21730081,
        286.51095828,  254.61656444,  222.65534937,  190.7658805 ,
        528.01592428,  481.90743214,  434.42657033,  385.47547074,
        335.01788663,  283.11477134,  428.9321778 ,  397.20304694,
        364.83747443,  331.83955432,  298.23360726,  264.06912548,
        442.07885015,  406.68025631,  370.48585419,  333.50879681,
        295.79505792,  257.4314222 ,  590.98704719,  524.76403768,
        455.52922118,  383.35311279,  308.73189715,  232.717902  ,
        559.41578096,  499.65781779,  437.4791591 ,  372.93110957,
        306.34348721,  238.41105651,  533.19272147,  485.8431873 ,
        437.03660836,  386.66992583,  334.71066229,  281.23761004,
        533.70532035,  477.16434422,  418.52074288,  357.88694944,
        295.60641339,  232.30814738,  632.30382414,  563.47765312,
        491.36218488,  415.72231169,  336.73212704,  255.21578494,
        556.23717094,  511.11170033,  464.77399943,  417.2063057 ,
        368.44563941,  318.60270693,  687.55231458,  624.83379257,
        559.88673953,  492.41879844,  422.24416683,  349.38751155,
        461.66302363,  409.05391688,  355.95046992,  302.77266507,
        250.00861497,  198.18840823,  549.59606161,  506.80978246,
        462.94063578,  417.96421663,  371.89788948,  324.81571818,
        224.09766639,  212.07850028,  200.12790878,  188.2527421 ,
        176.45979285,  164.75577077,  462.08276411,  429.18869125,
        395.72769279,  361.73272921,  327.25608629,  292.37208617,
        679.85692963,  614.61543404,  546.7820433 ,  476.12967493,
        402.62354703,  326.55027984,  700.16758189,  625.37270238,
        547.03529626,  465.06943233,  379.84422446,  292.38415378,
        735.32438794,  660.56817924,  582.40394376,  500.42535963,
        414.54158607,  325.23644317,  601.46219164,  538.37123107,
        473.00995686,  405.59502332,  336.60241034,  266.80936425,
        514.09855556,  464.34501523,  412.7909163 ,  359.33941334,
        304.01428941,  247.02271917,  352.30242115,  322.45821378,
        292.14955435,  261.44019883,  230.41573449,  199.18489229,
        461.26390719,  419.96143145,  377.43985847,  333.6789956 ,
        288.7226562 ,  242.70209949,  477.09873892,  436.36087767,
        394.46263447,  351.33400375,  306.9502785 ,  261.35565786,
        378.57302077,  337.35201806,  295.44007505,  253.06570016,
        210.523442  ,  168.16769626,  608.08998922,  546.5547011 ,
        482.50131994,  415.49613608,  345.24883813,  271.79817886,
        262.90502081,  239.84954254,  216.77699405,  193.74488548,
        170.81494967,  148.05228157,  570.82704405,  516.3038251 ,
        459.83202009,  401.11905574,  339.95573132,  276.31407127,
        453.73745988,  410.55887403,  366.07308201,  320.31574886,
        273.41070466,  225.59359154,  469.77602625,  426.07449454,
        381.00118557,  334.54257438,  286.76860065,  237.86258287,
       2835.88131252, 2619.41293327, 2395.30310315, 2162.10811488,
       1918.74687354, 1665.05881733, 2030.41041569, 1932.73442809,
       1833.3939345 , 1732.42210276, 1629.90035115, 1525.96792738,
       2683.01896329, 2479.15072665, 2267.53963338, 2047.39806668,
       1818.55148461, 1581.88576508, 2263.4361369 , 2090.76176466,
       1913.44028193, 1732.30683287, 1548.70842433, 1364.5168288 ,
       2807.58039003, 2584.94527795, 2353.24822107, 2111.24765426,
       1858.4672449 , 1595.89994454, 2757.99636248, 2524.66047488,
       2280.58798966, 2025.37800436, 1760.12912198, 1488.14066463,
       2731.56580729, 2531.54641216, 2324.83829842, 2110.37339443,
       1887.39476004, 1655.83835253, 2812.5684685 , 2598.73472847,
       2377.29986996, 2146.90965037, 1906.5976226 , 1656.3207883 ,
       2224.75834391, 1964.95552942, 1711.90629242, 1470.1160522 ,
       1242.63311677, 1030.93346509, 2595.77373356, 2393.21885674,
       2182.71251455, 1964.0446735 , 1737.84167224, 1505.92930407,
        506.69391678,  462.98247407,  420.24540888,  378.55794441,
        337.97848069,  298.55012823, 1028.21620297,  936.92053272,
        842.57377118,  744.92502373,  643.98295983,  540.17616457,
       1086.07914885,  991.88332715,  894.96655739,  794.83478214,
        691.1096251 ,  583.69806474,  455.20762839,  450.48057411,
        445.7529373 ,  441.02489666,  436.29663352,  431.56833182,
        836.64483787,  771.45040525,  704.76971221,  636.68647763,
        567.38476063,  497.16836711,  975.37576486,  897.78874774,
        818.18415781,  736.34566453,  652.14734623,  565.62352085,
        929.16283692,  848.79348995,  766.03465937,  680.93808872,
        593.77414598,  505.09457258,  972.78265649,  888.23366812,
        801.01547988,  711.04442235,  618.46894316,  523.76943915,
        901.6994187 ,  823.62964114,  743.36895634,  661.05102991,
        577.01625312,  491.85391802,  710.59450931,  669.57027137,
        628.00555543,  585.93001599,  543.38949943,  500.44815353])
max_QEXP_Renorm: 3046.1784407455416
llh_GD_RAY: array([ -82.23718152,  -82.09837638,  -83.30931532,  -87.49312733,
        -81.89374388,  -82.80845774,  -83.26120959,  -82.8634067 ,
        -81.95235811,  -95.73904978,  -82.79323364,  -89.2686997 ,
        -79.6180389 ,  -86.5905483 ,  -81.01335251,  -88.96755594,
        -89.95422392, -102.66313388,  -79.66106847,  -90.03310644,
        -99.92862162,  -93.12787489,  -92.96301878,  -94.01952181,
        -91.0603265 ,  -93.66486917,  -91.11248332,  -93.91326232,
        -98.4416313 ,  -93.96508062,  385.08206369,  436.5340866 ,
        452.65581233,  432.4688273 ,  445.64435769,  450.88304524,
        434.50768125,  420.37126031,  457.51823712,  448.91954481,
         68.32607869,   72.68398215,   81.76897558,   15.15384891,
         47.0404069 ,   55.08729574,   76.88583471,   46.52965316,
         83.84962666,   80.93595857])
llh_GD_RAY_Renorm_gamma: array([ -87.7647579 ,  -87.05648664,  -90.92564517,  -89.6930686 ,
        -83.62369222,  -89.7371601 ,  -91.44568655,  -90.18437082,
        -86.95006151,  -83.98755576,  -89.39300991,  -89.17985485,
        -90.03827009,  -88.36999472,  -92.34108438,  -88.16302507,
        -87.65282836,  -86.86987841,  -88.3247641 ,  -87.71366214,
        -95.87659304,  -94.64776089,  -97.03701014, -106.99377383,
        -93.82091437,  -94.6504178 ,  -96.47207535, -114.39592957,
        -95.08138171, -104.6356383 ,  385.7141087 ,  441.83254489,
        450.07640293,  429.60849193,  445.95114628,  449.59657833,
        435.07284977,  431.30459607,  454.50699032,  445.8627914 ,
         67.84780373,   74.95810479,   81.50544168,   15.12185777,
         51.35998254,   59.59749394,   77.66082424,   68.15907578,
         81.62079142,   81.46957389])
llh_GD_RAY_Renorm_eta: array([-84.00493523, -84.54481201, -84.4032409 , -88.76740445,
       -83.47702616, -84.27459615, -86.02070614, -84.43342116,
       -84.21077354, -85.5067781 , -88.13266133, -88.9633668 ,
       -87.6076984 , -87.95338695, -88.96458965, -88.37232172,
       -87.49976338, -86.80667392, -87.12644081, -88.05203177,
       -96.74727201, -94.51663966, -95.43799143, -97.4370074 ,
       -93.44350276, -93.79587586, -93.90026672, -97.52791713,
       -91.85009869, -95.17149289, 384.96235739, 442.26750397,
       446.54802972, 428.1331718 , 445.53666338, 445.68379429,
       435.87687245, 433.11280197, 453.09276489, 443.97383799,
        67.60447791,  70.34268229,  80.66386516,  10.70336724,
        55.50194802,  49.50278462,  75.67673858,  53.94120173,
        80.8015496 ,  79.91268736])
llh_GD_RAY_Renorm_gammaeta: array([ -84.2930408 ,  -84.6565858 ,  -85.10066486,  -85.62965837,
        -86.2474566 ,  -86.95780893,  -84.80055167,  -85.08896514,
        -85.41112194,  -85.76801091,  -86.16057329,  -86.58974218,
        -84.90329656,  -85.53356354,  -86.30193723,  -87.21582528,
        -88.28345748,  -89.51534773,  -88.89408346,  -89.02258813,
        -89.15293431,  -89.28513833,  -89.41921705,  -89.55518784,
        -83.47048736,  -83.47195589,  -83.48209608,  -83.50160617,
        -83.53121116,  -83.571655  ,  -84.69740883,  -85.22870983,
        -85.87513985,  -86.6426145 ,  -87.5371126 ,  -88.56562746,
        -86.58164721,  -87.20881069,  -87.90470864,  -88.67231008,
        -89.5152341 ,  -90.43791192,  -84.89530238,  -85.46671686,
        -86.15379431,  -86.96223314,  -87.89813229,  -88.968937  ,
        -84.46107325,  -84.75529418,  -85.09546686,  -85.48340499,
        -85.92076315,  -86.40911716,  -85.23607874,  -84.9831962 ,
        -84.74812854,  -84.53096281,  -84.33177041,  -84.15059398,
        -88.26991066,  -88.41997292,  -88.5837791 ,  -88.76221317,
        -88.95609192,  -89.16614686,  -88.99323119,  -89.02344635,
        -89.05401437,  -89.08493728,  -89.11621705,  -89.14785561,
        -87.79798272,  -88.02722958,  -88.3037427 ,  -88.63595385,
        -89.03171966,  -89.49758894,  -88.00591838,  -88.06063339,
        -88.11761866,  -88.17696103,  -88.2387472 ,  -88.30306333,
        -89.30969645,  -89.69865417,  -90.13317538,  -90.61429084,
        -91.14249811,  -91.7180101 ,  -88.34072675,  -88.30971129,
        -88.27926677,  -88.24938459,  -88.22005606,  -88.19127247,
        -87.52014408,  -87.54099456,  -87.56232979,  -87.58416504,
        -87.60651591,  -87.62939829,  -86.79534574,  -86.78985003,
        -86.79077785,  -86.79871281,  -86.81421161,  -86.83778484,
        -87.22698979,  -87.34257093,  -87.47721435,  -87.63613028,
        -87.82555657,  -88.05256667,  -87.99759429,  -87.94533227,
        -87.89515926,  -87.84698963,  -87.80073883,  -87.75632358,
        -96.6112367 ,  -96.47918825,  -96.35106716,  -96.22681176,
        -96.10635831,  -95.98964119,  -94.53477654,  -94.5531087 ,
        -94.57163793,  -94.59036598,  -94.60929464,  -94.62842568,
        -95.62712059,  -95.8285736 ,  -96.04283646,  -96.27037748,
        -96.51164362,  -96.76705679,  -98.38260477,  -99.46675378,
       -100.69230807, -102.05946333, -103.56668554, -105.21192959,
        -93.48919241,  -93.53707875,  -93.58747466,  -93.64070783,
        -93.69712007,  -93.75706645,  -93.88709888,  -93.98690078,
        -94.09628054,  -94.21626446,  -94.34790161,  -94.49225919,
        -94.10617137,  -94.35270743,  -94.64770634,  -94.99918847,
        -95.41521152,  -95.90367697,  -99.00838201, -100.80038354,
       -102.90626067, -105.32055534, -108.03837228, -111.06096952,
        -91.7968592 ,  -92.10396667,  -92.55191443,  -92.97532957,
        -93.37584595,  -93.95182416,  -95.88449695,  -96.78361166,
        -97.89206393,  -99.22650274, -100.79538222, -102.59961028,
        385.06982533,  385.17726849,  385.28468676,  385.39208002,
        385.49944818,  385.60679111,  442.20562467,  442.14365965,
        442.0816088 ,  442.019472  ,  441.95724916,  441.89494016,
        447.07146922,  447.58825776,  448.09850977,  448.60233895,
        449.09985763,  449.59117629,  428.34587042,  428.55792476,
        428.76933363,  428.98009588,  429.19021038,  429.39967607,
        445.59612851,  445.65550896,  445.71480488,  445.77401642,
        445.83314373,  445.89218697,  446.26638348,  446.84085251,
        447.40734989,  447.96602423,  448.51702339,  449.06049355,
        435.76274079,  435.64836642,  435.5337492 ,  435.41888903,
        435.3037858 ,  435.18843941,  432.85778357,  432.60166518,
        432.34444733,  432.08613065,  431.82671591,  431.56620404,
        453.2982203 ,  453.50252421,  453.70568319,  453.9077035 ,
        454.10859109,  454.3083516 ,  444.24889477,  444.52219434,
        444.79374962,  445.06357368,  445.33167976,  445.59808118,
         67.63937308,   67.67422347,   67.70902908,   67.74378992,
         67.77850597,   67.81317724,   71.0755685 ,   71.78350256,
         72.4667364 ,   73.12554086,   73.76019283,   74.37096303,
         80.80591127,   80.94068037,   81.06817173,   81.18838736,
         81.30133207,   81.40701343,   11.3467487 ,   11.9859415 ,
         12.62101809,   13.25205789,   13.87914745,   14.50238047,
         54.92245567,   54.33856036,   53.75045644,   53.15834266,
         52.56242158,   51.96289886,   51.01690865,   52.51214563,
         53.98529857,   55.43325769,   56.85306586,   58.24197531,
         75.98234201,   76.28052727,   76.57131718,   76.85473007,
         77.13077985,   77.39947609,   56.24089713,   58.46488444,
         60.60290218,   62.64658466,   64.58964608,   66.42789014,
         80.94236946,   81.07525143,   81.20019789,   81.31721457,
         81.4263105 ,   81.5274978 ,   80.19139728,   80.45137988,
         80.69259707,   80.91502434,   81.11865339,   81.30349386])
max_RAY_Renorm: 454.50699031819784
llh_GD_GSS: array([ -94.78276093,  -86.87205293,  -85.35687934,  -91.29625977,
       -110.72678375,  -87.71731078,  -83.05984261, -102.99287614,
       -114.10390087,  -88.19724923,  -79.83154345,  -97.85108549,
        -87.14517922,  -98.47240306,  -80.81289237,  -90.28243272,
       -123.78601108,  -92.66861166,  -87.54133066,  -80.97983944,
        -97.65059812, -119.94647646,  -93.26275143,  -92.18539628,
        -91.18753511, -101.17265034,  -95.62229627, -108.47566215,
       -159.04727043, -114.75507949,  398.71630921,  465.68320311,
        450.20932108,  450.4619098 ,  466.66348795,  463.89654558,
        472.20336427,  407.87401398, -138.50475742,  253.26124612,
         62.05114602,   38.03853439,   76.17082315,   86.67373091,
         81.74003224,   85.2891961 ,  -79.32255727,   84.0948469 ,
         87.07648507,   57.28461088])
llh_GD_GSS_Renorm_kappa: array([ -93.32687345, -159.30576204, -147.15244193, -111.37768727,
       -127.06485175, -107.68117259,  -95.09839929, -129.04662167,
       -105.51971968, -117.14990076, -138.42041306, -111.61224712,
        -96.30643494, -124.07132585, -130.14282434, -103.10817589,
       -111.43075372, -211.57222345, -121.62296504, -114.82344446,
       -363.06811641, -112.15894069, -131.51793759, -103.9490475 ,
       -117.77139433, -120.88975809, -174.43400205, -100.67660278,
       -148.50205926, -107.18185199,  452.66295393,  464.81155065,
        465.5712112 ,  460.656127  ,  470.00670976,  470.21433229,
        470.19390254,  470.18674922,  396.51685756,  468.46578834,
         78.73299107,   74.28363682,   79.77406996,   79.95766415,
         79.11472933,   83.10969776,   77.87376893,   81.93105024,
         83.07347999,   65.77444272])
llh_GD_GSS_Renorm_tau: array([-102.89827242, -189.22268117, -233.99758221, -116.64496913,
       -108.62347419, -172.62135261, -154.18887351, -111.93558612,
       -298.17545979, -174.25491879, -203.19297619, -113.2030741 ,
       -109.74160766, -142.40953427, -215.42683322, -302.33949125,
       -118.67952848, -178.22919766, -181.34898732, -341.29273919,
       -295.99630036, -115.63051363, -191.32465657, -157.9604735 ,
       -274.87042146, -153.8170185 , -177.9332642 , -123.21232218,
       -104.08185334, -103.88521351,  334.5014363 ,  460.0006111 ,
        467.45205163,  463.15249909,  469.8294504 ,  470.29003169,
        467.18425812,  196.6970404 ,  109.3350999 ,  154.21919026,
        -28.69194168,  -70.61252617,   79.28610869,   80.11349552,
         80.28978647,  -88.06511233,  -85.2472458 ,  -68.77269736,
         79.63127302,   13.13648867])
llh_GD_GSS_Renorm_kappatau: array([-101.83077515, -101.43407726, -101.39122441,  -90.41041268,
        -93.31759448,  -93.26849803, -187.67180676, -179.01199702,
       -168.64987517, -160.37838792, -155.18565106, -154.30909844,
       -269.93031453, -220.616769  , -178.14130998, -161.18697164,
       -148.19691207, -142.14125946, -114.54620482, -103.22840172,
       -116.04729242, -113.5068834 , -111.80379788, -111.05240592,
       -103.67716343, -108.9262296 , -113.00197025, -116.28011733,
       -119.0251845 , -121.4217114 , -159.08953436, -132.94718047,
       -136.96786265, -124.66207701, -114.91323271, -108.80955508,
       -154.80715354, -125.41813589, -115.16166259, -106.44626249,
        -99.78226093,  -95.76631998, -108.79089133,  -94.05930438,
        -86.73301067,  -99.1204629 , -129.33139849, -128.32334472,
       -314.92321851, -314.92321852, -241.98113609, -206.39989687,
       -162.39734948, -122.44044383, -162.55210374, -131.44581496,
       -152.87967954, -138.12873232, -126.15698451, -118.51207632,
       -192.39697242, -170.65682667, -157.40976337, -146.36003399,
       -138.57737508, -135.38365685, -108.84045837, -109.54436013,
       -101.26294684, -112.45662644, -111.55577057, -111.25572105,
       -111.03969165, -105.25821543,  -98.85427862,  -97.57397057,
        -96.70082797,  -96.26700475, -143.51535263, -135.5072276 ,
       -130.30753376, -126.31346203, -123.7609602 , -122.91456214,
       -207.05165   , -176.49652112, -159.7676514 , -145.15967233,
       -134.08269804, -128.32066509, -336.03462716, -313.57034056,
       -229.70292971, -183.99551493, -145.37917719, -114.24190389,
       -116.24045338, -115.08641434, -113.86575888, -112.57519256,
       -111.21241832, -109.77641111, -155.25337342, -141.65042076,
       -209.30668511, -204.63015377, -202.77760703, -204.70321386,
       -173.13113124, -158.00763713, -145.02781884, -133.95878944,
       -125.65003192, -121.12533152,           nan,           nan,
                 nan,           nan,           nan,           nan,
       -308.28699685, -308.29806619, -269.76057862, -298.14902894,
       -301.03197908, -316.8928136 , -106.42458255, -105.75781535,
       -105.0087847 , -104.14354861, -103.10555659, -101.78947608,
       -174.83127296, -152.07242479, -169.97100697, -154.66039512,
       -141.90665384, -133.4491494 , -147.61065178, -136.99303114,
       -126.70323103, -117.73571249, -110.56819918, -105.75648688,
       -308.29799955, -268.82414075, -202.68824095, -186.87951447,
       -154.93125163, -128.53536195, -136.89353609, -127.23002003,
       -144.53450647, -134.85018277, -127.16865231, -122.2239034 ,
       -165.06665986, -139.05572078, -189.92941197, -180.62246889,
       -173.98385143, -171.35350176, -105.31893637, -102.93136242,
       -100.55699284,  -98.25218953,  -96.17084693,  -94.60025803,
       -103.05103248,  -93.88949721, -103.91643915, -116.26356504,
       -127.1749802 , -139.61065665,  -99.84008598, -105.09442267,
       -104.83448684, -105.25361494, -107.24863868, -107.19296411,
        233.86028394,  425.94007512,  435.8324765 ,  443.68404725,
        449.27069953,  452.35067501,  440.98833415,  440.26487781,
        438.56577181,  434.8013021 ,  423.48099236,  226.70845851,
        455.93491645,  455.02608266,  453.92713489,  452.55880297,
        450.78782211,  448.36691835,  450.55495977,  449.68801537,
        448.6817949 ,  447.48829789,  446.03413696,  444.19973803,
        468.52597105,  468.57728343,  468.6272555 ,  468.67544762,
        468.72143425,  468.76479149,  467.88603974,  467.81739674,
        467.74273406,  467.66022523,  467.56779723,  467.46304903,
        455.45596821,  456.03946676,  456.01642354,  455.04363113,
        451.80190357,  285.44795717,  179.53026161,  286.29623996,
        378.58498036,  442.73679206,  460.96776133,  468.0271989 ,
        110.60464593,  231.7920171 ,  285.88555672,  333.16551537,
        370.27851229,  393.09888609,  189.17999793,  426.84476576,
        446.60958157,  441.49538592,  443.87775678,  462.34670441,
        -72.06369588,  -42.23445179,  -17.5438726 ,    4.33500299,
         19.30021112,   35.09732538,  -23.70295708,   81.44646118,
         82.19647175,   79.80327296,   77.82821865,   74.39481257,
         79.35689282,   79.43828323,   79.52032119,   79.60259003,
         79.68474815,   79.76651683,   67.52426572,   55.4367365 ,
        -37.35411221,  -19.87348582,   -2.80318821,   11.65572824,
         68.70137486,   59.96054698,  -34.82681496,  -21.00226746,
         -6.56154616,    5.51744704, -113.43036473, -108.16680055,
        -90.47671772,  -60.41907129,  -27.47471539,   12.47340063,
       -129.52736151,  -12.18003535,   43.03892588,   58.26532691,
         69.83547707,   76.76382248, -105.55432726,  -58.45221505,
        -17.6927981 ,   14.44584709,   40.37353949,   82.08211164,
         67.46380106,   65.59586613,   43.85662386,  -55.52154517,
        -33.38953956,  -12.81177284,  -23.80565545,   11.42328089,
         65.09474394,   66.24026483,   66.76572764,   66.6263041 ])
max_GSS_Renorm: nan
