llh_GD_EXP: array([ -91.25166099,  -88.45024845,  -85.81306198,  -98.71464136,
        -86.35791039,  -87.86491074,  -90.34517749,  -97.74759573,
        -86.49608629,  -86.72086544,  -82.67098062,  -91.02557415,
        -92.68732057,  -82.60745653,  -80.73840445,  -93.0704084 ,
        -94.03608753,  -89.58290974,  -80.34916995,  -81.51250954,
        -97.01943765,  -90.67832706,  -91.45098064,  -96.64772357,
       -106.15984284,  -92.34474558,  -95.70127114,  -95.69880666,
       -101.80037522,  -96.49124799,  458.42559173,  393.34965897,
        466.36931231,  461.27317808,  443.62781491,  449.84009547,
        446.11488874,  441.20331205,  386.54666407,  465.01154673,
         66.60160358,   78.37638486,   58.47095782,   80.87289711,
         78.02144087,   60.05386435,   84.59902412,   86.07354145,
          3.30101128,   39.4686303 ])
llh_GD_EXP_Renorm_alpha: array([ -99.17788331,  -97.53509212,  -99.2525201 , -113.36616851,
       -102.33667389, -105.72777422, -114.32607317, -109.22422358,
       -101.24924195,  -96.69094338, -100.63635348, -123.2690593 ,
       -112.97864645, -101.23218236,  -96.67593506, -111.14442798,
       -118.12558568,  -96.80330223, -103.20314529,  -96.32401435,
       -105.86376193, -103.1538457 , -104.49857018, -125.26001566,
       -117.66538796, -118.35857109, -107.85642646, -122.26787138,
       -110.46202173, -116.29532151,  452.18542613,  393.44561927,
        453.44009735,  452.53219729,  442.70050979,  440.87263777,
        440.96226575,  437.73988665,  377.94111536,  452.89726809,
         70.89604176,   70.55459428,   56.13091367,   70.4338051 ,
         70.77447939,   61.84285178,   70.20819391,   64.26570148,
         -4.06232448,   38.50931485])
llh_GD_EXP_Renorm_beta: array([ -98.78287982,  -96.91552284,  -95.0803496 , -109.22177314,
        -94.92336669,  -97.11005086,  -98.08040657, -115.62570571,
        -95.76246887, -105.98539161, -105.67740219, -103.46548633,
       -105.58344137,  -96.41993591, -101.39979278, -105.42865166,
       -114.35026802,  -96.90252675, -105.04426991,  -98.25656995,
       -105.04614644, -104.17627675, -103.77903949, -119.78386748,
       -113.17908236, -104.38669803, -125.13578191, -103.00836959,
       -106.67214811, -106.00362661,  450.13056576,  382.61688351,
        452.63630067,  451.59461   ,  435.09787509,  436.16070228,
        430.22005743,  429.55702236,  361.5736256 ,  451.9981614 ,
         65.22907037,   69.38414013,   42.53980082,   68.39807965,
         66.67190993,   45.94093518,   70.87744642,   69.56367069,
        -21.02766993,   27.08282099])
llh_GD_EXP_Renorm_alphabeta: array([ -98.83792856,  -98.89343424,  -98.94939876,  -99.005824  ,
        -99.06271188,  -99.12006433,  -96.9983849 ,  -97.08310631,
        -97.16970075,  -97.25818217,  -97.3485648 ,  -97.44086318,
        -95.32018977,  -95.66955366,  -96.13280654,  -96.71541524,
        -97.42403278,  -98.26660813, -109.76741684, -110.32793477,
       -110.90367509, -111.49499568, -112.10226436, -112.72585914,
        -95.11323191,  -95.55831245,  -96.27259319,  -97.27626755,
        -98.59648437, -100.26842669,  -97.88092348,  -98.78621688,
        -99.83566067, -101.04055018, -102.41390799, -103.97065259,
        -99.3837867 , -100.96290067, -102.84897392, -105.07954799,
       -107.69928543, -110.76086741, -114.62426989, -113.65267022,
       -112.71035465, -111.7968105 , -110.9115624 , -110.05416972,
        -96.20882933,  -96.75718981,  -97.41284899,  -98.18204374,
        -99.07203831, -100.09122626, -104.09706355, -102.40719933,
       -100.90916142,  -99.59596744,  -98.460234  ,  -97.49436951,
       -104.80116129, -103.98054342, -103.21330755, -102.49729969,
       -101.83045028, -101.21077132, -105.22136054, -107.26118285,
       -109.62183232, -112.34678946, -115.4874645 , -119.10451238,
       -106.45183746, -107.37729601, -108.36294782, -109.41215567,
       -110.52853442, -111.71597135,  -96.65284501,  -97.01737618,
        -97.52188167,  -98.17840386,  -99.00249767, -100.01304601,
       -100.31652646,  -99.3872149 ,  -98.60020398,  -97.94478753,
        -97.41122712,  -96.99080923, -106.1246945 , -106.85798955,
       -107.63018252, -108.44301709, -109.29834207, -110.19811869,
       -114.85885433, -115.37746611, -115.90623659, -116.44529952,
       -116.99478903, -117.55483954,  -96.8877628 ,  -96.87319611,
        -96.85882611,  -96.84465226,  -96.83067403,  -96.81689086,
       -100.50252357,  -97.80415299,  -96.52097548,  -96.37580799,
        -97.2909137 ,  -99.43118576,  -97.76243885,  -97.34782777,
        -97.00810456,  -96.73914107,  -96.53735577,  -96.39976125,
       -105.15412358, -105.26500963, -105.3788233 , -105.49558425,
       -105.61531309, -105.73803144, -103.74901018, -103.42088439,
       -103.18797539, -103.04707172, -102.99561566, -103.03166053,
       -103.32592688, -103.06785641, -102.99636938, -103.10567953,
       -103.39252178, -103.85616264, -109.9479455 , -104.83891608,
       -103.03090846, -103.86670618, -107.26875873, -113.82546323,
       -113.75029359, -114.34334855, -114.95903701, -115.59818979,
       -116.26168013, -116.95042526, -103.20475595, -103.0536073 ,
       -103.86183874, -105.63336242, -108.4621316 , -112.56939353,
       -115.07240481, -108.64902782, -104.91191345, -103.20638723,
       -103.17883373, -104.70178935, -103.22905872, -104.15620316,
       -105.80650152, -108.24927746, -111.6257691 , -116.17546949,
       -107.12045424, -107.59800755, -108.1057712 , -108.64481399,
       -109.21631665, -109.82157805, -106.95507045, -108.05495052,
       -109.31480565, -110.74910099, -112.37560839, -114.21580833,
        450.47114149,  450.79635489,  451.10602135,  451.39995349,
        451.67796107,  451.93985077,  384.17495137,  385.72940409,
        387.2802529 ,  388.82744523,  390.37086548,  391.91033614,
        452.77806857,  452.91099039,  453.03498684,  453.14997765,
        453.25588145,  453.35261585,  451.74338959,  451.88727801,
        452.02624257,  452.16025024,  452.28926773,  452.41326139,
        436.2810473 ,  437.43325955,  438.55365957,  439.64140793,
        440.69567663,  441.71564741,  436.86990452,  437.56740277,
        438.25300402,  438.92651701,  439.58775213,  440.23652129,
        431.90681727,  433.54614395,  435.13602142,  436.67447954,
        438.15959168,  439.58947109,  430.80327823,  432.0250769 ,
        433.22162457,  434.39214065,  435.5358576 ,  436.65202054,
        363.95957996,  366.32619392,  368.67574441,  371.01029778,
        373.33169192,  375.64151988,  452.14443026,  452.28482971,
        452.41931683,  452.54784827,  452.67038021,  452.7868684 ,
         66.69721398,   67.97419055,   69.04571557,   69.89463631,
         70.50115051,   70.84306221,   69.59684564,   69.79493153,
         69.97807932,   70.14596106,   70.29823963,   70.43456895,
         44.7595853 ,   46.88143761,   48.90866502,   50.84444948,
         52.69174271,   54.45316542,   68.77590298,   69.12616819,
         69.4480505 ,   69.74068281,   70.00315716,   70.23452629,
         67.55989831,   68.35631972,   69.05630022,   69.65437842,
         70.14453795,   70.52024362,   48.67173846,   51.24021191,
         53.65324025,   55.91661316,   58.03465193,   60.00989492,
         70.83505645,   70.77550053,   70.69843947,   70.60352933,
         70.49042143,   70.35876234,   69.07370416,   68.50007773,
         67.83969623,   67.08938027,   66.24586294,   65.30578681,
        -18.50705639,  -16.01708285,  -13.5588233 ,  -11.13329508,
         -8.7414538 ,   -6.38418959,   28.84115338,   30.55671264,
         32.22991026,   33.86121741,   35.45116094,   37.00031884])
max_EXP_Renorm: 453.44009734885236
llh_GD_PWL: array([ -94.96607313, -192.29416681, -112.85144229,  -88.62408195,
        -87.6651105 ,  -89.14569742,  -87.97137898, -223.73062825,
        -88.9810488 ,  -99.9795112 , -119.01488664,  -91.49691481,
       -370.57545309,  -85.34733607,  -82.7094684 ,  -87.9250559 ,
        -82.03408287,  -89.74499987,  -80.98374951,  -84.21944436,
       -123.78438749,  -94.25807755, -355.01563492, -346.69356711,
        -96.26314272,  -97.79660096,  -95.05961514,  -93.77972827,
        -92.07030262, -284.37894045,  405.17528889,  382.0277767 ,
        387.32564962,  445.28049609,  422.08772208,  358.91488364,
        378.50739942,  451.28028639,  396.0131165 ,  396.34801258,
         49.62268664,   10.21893995,   60.75615141,   65.04716787,
         24.17523685,   34.11031896,   69.74917973,   30.1682791 ,
         11.33150932,   44.0929565 ])
llh_GD_PWL_Renorm_K: array([-1.64647377e+02, -1.77666644e+03, -1.23123536e+04, -2.27244291e+03,
       -2.91213079e+02, -5.45138516e+03, -1.09966283e+03, -6.72348430e+03,
       -1.18291930e+02, -2.25671159e+02, -1.14391230e+03, -1.92217098e+02,
       -1.96900345e+03, -2.47106222e+02, -1.35012220e+02, -1.79567040e+02,
       -1.90359400e+02, -1.23888861e+02, -1.22593777e+02, -1.33664280e+02,
       -7.10616800e+02, -1.42736173e+02, -7.62554064e+04, -2.01322867e+04,
       -2.06510879e+02, -1.41482490e+02, -4.91847366e+02, -1.78299215e+02,
       -1.35869526e+02, -2.04599101e+04,  4.47848340e+02, -8.74342259e+02,
        3.98142796e+02,  3.76340467e+02,  4.30080272e+02, -4.98214139e+02,
        3.88769028e+02,  3.72998754e+02,  4.53455702e+02,  3.69354050e+02,
        4.88430101e+01, -9.61271151e+02,  5.76142360e+01,  7.39061990e+01,
       -2.32376003e+01, -2.62725508e+01,  5.56406869e+01,  6.48260407e+01,
        4.06169919e+01,  6.22601298e+01])
llh_GD_PWL_Renorm_c: array([-2.20715937e+02, -2.48759679e+02, -2.16218808e+02, -2.06984409e+02,
       -1.39509466e+02, -5.45138516e+03, -2.40126678e+02, -3.24715172e+02,
       -1.61068673e+02, -1.25201076e+02, -2.12900917e+02, -2.25100841e+02,
       -4.79425455e+02, -1.31579026e+02, -1.54244706e+02, -2.27235852e+02,
       -2.64802661e+02, -1.88652514e+02, -3.56766948e+02, -2.30375804e+02,
       -2.33680285e+02, -2.37447359e+02, -5.74105484e+02, -4.61358010e+02,
       -1.53549201e+02, -1.90359542e+02, -1.86578287e+02, -2.76911608e+02,
       -3.12992436e+02, -4.90207300e+02,  3.71538246e+02,  4.42585255e+02,
        3.38340441e+02,  3.93282386e+02,  4.35590709e+02,  3.99151917e+02,
        4.53393617e+02,  4.34385953e+02,  3.98501614e+02,  3.76848355e+02,
        2.22360040e+01,  1.92610880e+00,  3.96095310e+01,  5.98900196e+01,
        6.05238074e+01,  6.65800820e+01,  6.28056703e+01,  3.90353956e+01,
        5.93016720e+01,  2.71633563e+01])
lllh_GD_PWL_Renorm_p: array([ -159.48043493,  -136.03049175,  -146.72980999,  -176.62711434,
        -109.85156856, -5451.38516104,  -239.01548646,  -148.47959354,
        -114.3218816 ,  -109.50515676,  -113.9458818 ,  -159.67799526,
        -282.53696159,  -100.77685145,  -111.91165888,  -155.00123336,
        -225.33652806,  -128.12172089,  -293.52705839,  -159.90690676,
        -135.57155144,  -164.3382941 ,  -258.37368215,  -247.31324125,
        -112.03244045,  -134.07044648,  -138.82596418,  -185.5044063 ,
        -282.16939011,  -212.18296598,   361.24941964,   341.97389554,
         360.7670389 ,   397.79908531,   415.88565851,   388.17285458,
         417.66281377,   426.36044527,   400.34243889,   368.27056519,
          46.04596964,    36.95864741,    58.02313621,    65.21320113,
          29.91380415,    40.3036208 ,    60.34688662,    35.8676867 ,
          60.47457888,    51.18901799])
llh_GD_PWL_Renorm_Kc: array([-2.04655281e+02, -1.86336730e+02, -1.72005916e+02, -1.62136063e+02,
       -1.57240206e+02, -1.57875338e+02, -8.89634428e+02, -1.00362474e+03,
       -1.13523393e+03, -1.28321826e+03, -1.44444028e+03, -1.61267657e+03,
       -3.35198605e+03, -5.58041563e+03, -7.60541753e+03, -1.00716241e+04,
       -1.26641069e+04, -1.43217589e+04, -7.28231077e+02, -8.66376327e+02,
       -1.06553294e+03, -1.32981730e+03, -1.65113551e+03, -1.99520617e+03,
       -1.67397790e+02, -1.67144676e+02, -1.74608745e+02, -1.90379388e+02,
       -2.14916325e+02, -2.48507608e+02, -5.45138516e+03, -5.45138516e+03,
       -5.45138516e+03, -5.45138516e+03, -5.45138516e+03, -5.45138516e+03,
       -4.05147190e+02, -4.22554518e+02, -4.74598525e+02, -5.68624048e+02,
       -7.10130961e+02, -8.96296967e+02, -2.87426476e+03, -3.49571819e+03,
       -4.21869552e+03, -5.01534122e+03, -5.81544779e+03, -6.47416401e+03,
       -1.54166524e+02, -1.46675522e+02, -1.39751336e+02, -1.33420886e+02,
       -1.27713088e+02, -1.22658994e+02, -1.51341585e+02, -1.56713149e+02,
       -1.64769569e+02, -1.75609616e+02, -1.89323169e+02, -2.05988894e+02,
       -5.18174312e+02, -5.69500922e+02, -6.39995111e+02, -7.31761354e+02,
       -8.46433992e+02, -9.84463701e+02, -2.14155565e+02, -1.95972311e+02,
       -1.82783610e+02, -1.75176554e+02, -1.73771952e+02, -1.79223374e+02,
       -1.18293806e+03, -1.29217628e+03, -1.41169464e+03, -1.54081793e+03,
       -1.67830092e+03, -1.82209194e+03, -1.54641131e+02, -1.56547613e+02,
       -1.63616235e+02, -1.76065922e+02, -1.94066784e+02, -2.17732051e+02,
       -1.42029041e+02, -1.32348125e+02, -1.25798025e+02, -1.22575251e+02,
       -1.22887646e+02, -1.26955582e+02, -2.22311141e+02, -2.14544054e+02,
       -2.07023091e+02, -1.99756269e+02, -1.92752011e+02, -1.86019167e+02,
       -2.31151939e+02, -1.96939091e+02, -1.71721145e+02, -1.56951726e+02,
       -1.54125521e+02, -1.64755505e+02, -1.73560631e+02, -1.60562264e+02,
       -1.49293239e+02, -1.39864918e+02, -1.32398236e+02, -1.27024940e+02,
       -3.15691328e+02, -2.71699951e+02, -2.31746157e+02, -1.96262602e+02,
       -1.65776888e+02, -1.40945797e+02, -2.10322725e+02, -1.92141259e+02,
       -1.75909068e+02, -1.61774454e+02, -1.49899840e+02, -1.40463968e+02,
       -3.88054600e+02, -4.06982469e+02, -4.37729638e+02, -4.81928109e+02,
       -5.41224284e+02, -6.17107967e+02, -2.22051513e+02, -2.05314363e+02,
       -1.89857510e+02, -1.75768155e+02, -1.63143456e+02, -1.52092132e+02,
       -1.28967145e+03, -1.28967145e+03, -1.28967145e+03, -1.28967145e+03,
       -1.28967145e+03, -1.28966090e+03, -1.28967145e+03, -1.28966807e+03,
       -1.28845340e+03, -1.10348806e+03, -3.30145571e+02, -2.02410174e+03,
       -1.64039521e+02, -1.60595863e+02, -1.61082741e+02, -1.65727257e+02,
       -1.74733291e+02, -1.88278580e+02, -1.82886431e+02, -1.74575055e+02,
       -1.66795240e+02, -1.59570223e+02, -1.52924929e+02, -1.46886109e+02,
       -2.73150880e+02, -2.75093985e+02, -2.89092281e+02, -3.16889561e+02,
       -3.59846573e+02, -4.18460456e+02, -2.71378024e+02, -2.53835068e+02,
       -2.37034541e+02, -2.21023485e+02, -2.05855350e+02, -1.91590903e+02,
       -2.59627592e+02, -2.16397386e+02, -1.80655735e+02, -1.53529758e+02,
       -1.36179917e+02, -1.29839823e+02, -8.54197687e+03, -1.54096695e+04,
       -2.65789495e+04, -3.21777133e+04, -3.54159651e+04, -3.36655412e+04,
        3.86174923e+02,  4.00887500e+02,  4.13951071e+02,  4.25277032e+02,
        4.34770586e+02,  4.42330416e+02,  2.58768598e+02,  1.70094119e+02,
        4.05279379e+01, -1.30662525e+02, -3.42934355e+02, -5.93248164e+02,
        3.42165586e+02,  3.52562884e+02,  3.62550615e+02,  3.72116000e+02,
        3.81245768e+02,  3.89926137e+02,  3.92826089e+02,  3.90190793e+02,
        3.87509969e+02,  3.84784075e+02,  3.82013563e+02,  3.79198880e+02,
        4.47997405e+02,  4.52945527e+02,  4.54964358e+02,  4.53878995e+02,
        4.49503403e+02,  4.41640164e+02,  1.88330163e+02,  1.14455419e+02,
        2.50811657e+01, -8.04099552e+01, -2.02559423e+02, -3.41768060e+02,
        4.47278971e+02,  4.41934893e+02,  4.34914544e+02,  4.26154475e+02,
        4.15589063e+02,  4.03150539e+02,  4.31098546e+02,  4.29192514e+02,
        4.24380917e+02,  4.16517042e+02,  4.05444580e+02,  3.90997304e+02,
        4.14785355e+02,  4.27427993e+02,  4.37789701e+02,  4.45729311e+02,
        4.51095950e+02,  4.53728606e+02,  3.76906146e+02,  3.75667303e+02,
        3.74420477e+02,  3.73165703e+02,  3.71903017e+02,  3.70632455e+02,
        2.78909452e+01,  3.29415505e+01,  3.74028279e+01,  4.12501798e+01,
        4.44577201e+01,  4.69982131e+01, -2.23308994e+02, -2.67840413e+02,
       -3.38447780e+02, -4.39218314e+02, -5.74221297e+02, -7.47206852e+02,
        4.14422774e+01,  4.44739037e+01,  4.73750932e+01,  5.01428464e+01,
        5.27740809e+01,  5.52656291e+01,  6.31927807e+01,  6.61082607e+01,
        6.85933819e+01,  7.06324450e+01,  7.22090874e+01,  7.33062595e+01,
        4.41281010e+01,  3.65467954e+01,  2.75823145e+01,  1.71793093e+01,
        5.28083679e+00, -8.17153502e+00,  5.12020165e+01,  4.37701674e+01,
        3.42878836e+01,  2.26517691e+01,  8.75438044e+00, -7.51550520e+00,
        6.59853060e+01,  6.77812438e+01,  6.82687195e+01,  6.73763864e+01,
        6.50285448e+01,  6.11449611e+01,  5.45137119e+01,  6.33131994e+01,
        6.95833291e+01,  7.31126042e+01,  7.36691309e+01,  7.09992286e+01,
        6.03028869e+01,  6.12982451e+01,  6.07103129e+01,  5.84481704e+01,
        5.44149754e+01,  4.85077203e+01,  3.24113875e+01,  3.86325932e+01,
        4.43831505e+01,  4.96429292e+01,  5.43907424e+01,  5.86042952e+01])
llh_GD_PWL_Renorm_Kp: array([-1.35635175e+02, -1.18215025e+02, -1.08478893e+02, -1.07461073e+02,
       -1.15635833e+02, -1.32930840e+02, -1.88292228e+02, -2.78355964e+02,
       -4.18600561e+02, -6.23935331e+02, -9.10684924e+02, -1.29326489e+03,
       -1.19357946e+02, -1.83581497e+02, -4.38992559e+02, -1.09251196e+03,
       -2.57095696e+03, -5.74141983e+03, -1.24496467e+02, -1.05745299e+02,
       -1.47302461e+02, -2.95868483e+02, -6.27795330e+02, -1.25224526e+03,
       -1.02029778e+02, -1.06149741e+02, -1.23578036e+02, -1.54337452e+02,
       -1.96205426e+02, -2.44186402e+02, -5.45138516e+03, -5.45138516e+03,
       -5.45138516e+03, -5.45138516e+03, -5.45138516e+03, -5.45138516e+03,
       -1.67855919e+02, -1.17384045e+02, -1.04428226e+02, -1.57202592e+02,
       -3.17649399e+02, -6.31335170e+02, -2.32197115e+02, -4.13502584e+02,
       -7.52607710e+02, -1.34619096e+03, -2.34864489e+03, -4.00590112e+03,
       -1.12332212e+02, -1.11237532e+02, -1.10998044e+02, -1.11587846e+02,
       -1.12996202e+02, -1.15226228e+02, -1.19316988e+02, -1.32732553e+02,
       -1.49177447e+02, -1.67801876e+02, -1.87530549e+02, -2.07184180e+02,
       -1.13455095e+02, -1.40153764e+02, -2.04738096e+02, -3.20999032e+02,
       -5.05398855e+02, -7.74865433e+02, -1.34287720e+02, -1.16613762e+02,
       -1.08270425e+02, -1.10688131e+02, -1.24698045e+02, -1.50318320e+02,
       -3.78642923e+02, -5.08015850e+02, -6.78067629e+02, -8.97481896e+02,
       -1.17636299e+03, -1.52696386e+03, -1.02112722e+02, -1.11771428e+02,
       -1.29571144e+02, -1.54452566e+02, -1.84344232e+02, -2.16309663e+02,
       -1.03780487e+02, -1.00787728e+02, -1.02480239e+02, -1.07962986e+02,
       -1.16009544e+02, -1.25340681e+02, -1.53150082e+02, -1.52442490e+02,
       -1.53055839e+02, -1.55271904e+02, -1.59574984e+02, -1.66906702e+02,
       -1.74475727e+02, -1.34562964e+02, -1.09557605e+02, -1.03342748e+02,
       -1.17823752e+02, -1.49885835e+02, -1.18014925e+02, -1.11295134e+02,
       -1.07845182e+02, -1.07432875e+02, -1.09827419e+02, -1.15055098e+02,
       -2.37121232e+02, -1.89913454e+02, -1.53995546e+02, -1.30390232e+02,
       -1.18437733e+02, -1.16315748e+02, -1.41740413e+02, -1.27806132e+02,
       -1.18361592e+02, -1.13526720e+02, -1.13422898e+02, -1.18787601e+02,
       -1.24202924e+02, -1.28878302e+02, -1.55722550e+02, -2.12843748e+02,
       -3.10746592e+02, -4.63518349e+02, -1.50615176e+02, -1.40303091e+02,
       -1.33470584e+02, -1.30119046e+02, -1.30286949e+02, -1.34235632e+02,
       -6.16829030e+02, -1.48950650e+03, -3.44374597e+03, -7.67342705e+03,
       -1.66929811e+04, -3.58076035e+04, -4.74478340e+02, -9.31348149e+02,
       -1.79013180e+03, -3.35380325e+03, -6.15889454e+03, -1.11664955e+04,
       -1.08414181e+02, -1.11414455e+02, -1.21175500e+02, -1.37210976e+02,
       -1.58225528e+02, -1.82136809e+02, -1.31292532e+02, -1.29742329e+02,
       -1.29417910e+02, -1.30340151e+02, -1.32568266e+02, -1.36217693e+02,
       -1.16588454e+02, -1.10239801e+02, -1.25599627e+02, -1.69162802e+02,
       -2.46343882e+02, -3.57548547e+02, -1.76303621e+02, -1.70023216e+02,
       -1.66576695e+02, -1.65829490e+02, -1.67625097e+02, -1.71816348e+02,
       -2.22717418e+02, -1.72155066e+02, -1.34330165e+02, -1.12892865e+02,
       -1.09057640e+02, -1.19139502e+02, -4.17957263e+02, -8.52787771e+02,
       -1.69681216e+03, -3.27044554e+03, -6.14056910e+03, -1.13004198e+04,
        3.83670491e+02,  4.02825166e+02,  4.18864616e+02,  4.31980270e+02,
        4.42285064e+02,  4.49360218e+02,  3.85703050e+02,  3.69879889e+02,
        2.78732040e+02,  9.95720577e+01, -1.69610319e+02, -5.09894978e+02,
        3.70913136e+02,  3.80008714e+02,  3.87966809e+02,  3.94617424e+02,
        3.99607984e+02,  4.02067968e+02,  3.92203662e+02,  3.86443674e+02,
        3.80529248e+02,  3.74469809e+02,  3.68274140e+02,  3.69564875e+02,
        4.24060235e+02,  4.28862174e+02,  4.31100434e+02,  4.31649192e+02,
        4.31325795e+02,  4.30732282e+02,  3.41632592e+02,  2.65200232e+02,
        1.57520846e+02,  1.96662283e+01, -1.43463113e+02, -3.21621979e+02,
        4.14230878e+02,  4.10033426e+02,  4.05425993e+02,  4.00746713e+02,
        3.96287513e+02,  3.92261572e+02,  4.33521116e+02,  4.35544785e+02,
        4.32592329e+02,  4.25026384e+02,  4.13395735e+02,  3.98115334e+02,
        4.13745765e+02,  4.24493463e+02,  4.33100843e+02,  4.40035331e+02,
        4.45649458e+02,  4.50126822e+02,  3.68499838e+02,  3.68703538e+02,
        3.68882134e+02,  3.69036070e+02,  3.69165770e+02,  3.69271635e+02,
        5.33638812e+01,  5.95767439e+01,  6.46558385e+01,  6.85442080e+01,
        7.10858534e+01,  7.17578687e+01,  6.02935832e+01,  5.59834070e+01,
        1.26113778e+01, -8.51208601e+01, -2.56845540e+02, -5.26973765e+02,
        5.89573289e+01,  5.96000168e+01,  5.99314341e+01,  5.99283903e+01,
        5.95636510e+01,  5.88050526e+01,  6.74618277e+01,  6.93884399e+01,
        7.09922950e+01,  7.22646702e+01,  7.31896918e+01,  7.37455921e+01,
        2.24680701e+01,  1.44344118e+01,  6.15522344e+00, -2.02510998e+00,
       -9.79294904e+00, -1.69057762e+01,  3.27031348e+01,  2.34371544e+01,
        1.30911923e+01,  2.33081754e+00, -8.16724350e+00, -1.78194339e+01,
        6.24969562e+01,  6.33530079e+01,  6.31961451e+01,  6.22963577e+01,
        6.08345359e+01,  5.87747715e+01,  4.66635089e+01,  5.40882318e+01,
        5.88617711e+01,  6.17874637e+01,  6.35619854e+01,  6.45804299e+01,
        6.23950491e+01,  6.22560468e+01,  6.03735668e+01,  5.71372533e+01,
        5.29153459e+01,  4.77883056e+01,  5.63124611e+01,  6.05737965e+01,
        6.38997767e+01,  6.61439510e+01,  6.70362373e+01,  6.60782673e+01])
max_PWL_Renorm: 454.9643579658993
llh_GD_QEXP: array([ 396.21632242,  333.40676217,  495.96479095,  402.27945056,
        406.15341995,  506.43630371,  484.10690241,  499.78285137,
        462.48200374,  558.21273957,  512.4950822 ,  642.06585669,
        408.08143895,  510.38002589,  220.07861811,  427.20721039,
        619.22950239,  609.23541271,  661.9701449 ,  515.75492811,
        467.37232991,  334.98692668,  423.25667012,  443.02484962,
        338.99697916,  562.27152944,  219.68227182,  534.95691835,
        399.42576583,  426.4040526 , 2708.13312572, 1941.21003416,
       2513.49838473, 2036.03629616, 2622.67506021, 2507.82972352,
       2618.20713267, 2683.54184062, 1989.52776192, 2387.88588915,
        480.35404469,  970.36223833, 1056.1654085 ,  464.83707664,
        780.92648893,  941.46134364,  864.02524789,  915.4576206 ,
        835.43767694,  677.51074402])
llh_GD_QEXP_Renorm_a: array([ -888.14434664,  -862.88947955,  -791.77620755,  -792.31776521,
        -803.22291465,  -865.04477129,  -851.70777492,  -795.26444481,
        -853.02336925,  -849.10088775,  -888.33503861,  -881.97810951,
       -1008.87754862,  -879.32434534, -1003.55096048,  -899.07136985,
        -907.62084854,  -951.95626532,  -922.48674094,  -959.18528549,
        -792.67142774,  -813.68698711,  -785.60950252,  -766.72082554,
        -855.34571015,  -785.70882376,  -856.22484367,  -770.94363506,
        -804.30144638,  -793.34472383, -2045.68573446, -2027.38269113,
       -2108.6313949 , -2266.9784543 , -2121.7044075 , -2233.60608421,
       -2031.37910368, -2050.59464293, -2615.72432781, -2177.09095925,
       -1286.44098145, -1111.50091731, -1072.89096127, -1119.19507753,
       -1119.56225243, -1068.85481753, -1130.29205091, -1118.1878153 ,
       -1139.67228194, -1088.76655287])
lllh_GD_QEXP_Renorm_q: array([ 604.79437015,  479.86601209,  596.62507981,  502.71040386,
        520.9267432 ,  688.6256732 ,  653.17903555,  603.18929287,
        630.3404411 ,  721.02936239,  643.41987889,  767.97884465,
        638.65830643,  632.64410817,  450.57600969,  564.81823367,
        769.655843  ,  806.77728447,  829.46574828,  720.67385704,
        589.61229179,  457.12546698,  536.68678343,  542.78485406,
        506.07459729,  679.90757908,  415.96471001,  637.36114977,
        539.20325445,  548.33102455, 3093.51075531, 2291.77786611,
       2957.5976089 , 2643.54167391, 3087.60885109, 3079.71435251,
       2980.65572487, 3070.62062149, 2972.71503961, 2899.56584577,
        828.51357923, 1144.9357608 , 1191.91237254,  621.80079359,
        961.57508834, 1074.30948041, 1055.43494656, 1092.2172523 ,
       1034.19465227,  824.81477205])
llh_GD_QEXP_Renorm_aq: array([ 4.20003792e+02,  2.34208700e+02,  4.55601128e+01, -1.50787143e+02,
       -3.65751779e+02, -6.14760011e+02,  3.12731810e+02,  1.44473929e+02,
       -2.66448212e+01, -2.04710718e+02, -3.98104946e+02, -6.18441535e+02,
        4.13369915e+02,  2.29777024e+02,  4.52046221e+01, -1.42124233e+02,
       -3.36808331e+02, -5.48989507e+02,  3.32766372e+02,  1.62360559e+02,
       -9.27292480e+00, -1.84071796e+02, -3.66599177e+02, -5.65926380e+02,
        3.48363860e+02,  1.75300244e+02,  8.86758586e-01, -1.77049531e+02,
       -3.63653508e+02, -5.69010103e+02,  4.92127627e+02,  2.95043367e+02,
        9.61423399e+01, -1.08153029e+02, -3.27141113e+02, -5.78341181e+02,
        4.61739567e+02,  2.69730706e+02,  7.60083868e+01, -1.22665783e+02,
       -3.34555029e+02, -5.75480672e+02,  4.18993608e+02,  2.34452037e+02,
        4.89020597e+01, -1.39498991e+02, -3.35533911e+02, -5.49724445e+02,
        4.42125464e+02,  2.53286902e+02,  6.26122919e+01, -1.33250512e+02,
       -3.42628331e+02, -5.80886814e+02,  5.19983497e+02,  3.18498696e+02,
        1.15605335e+02, -9.16352257e+01, -3.11313705e+02, -5.60530136e+02,
        4.43575030e+02,  2.43223419e+02,  4.14650477e+01, -1.64080266e+02,
       -3.79268748e+02, -6.16188257e+02,  5.50472611e+02,  3.32639130e+02,
        1.13798582e+02, -1.08051016e+02, -3.38435263e+02, -5.90400906e+02,
        4.38789938e+02,  2.37264198e+02,  3.13055746e+01, -1.85837948e+02,
       -4.27806528e+02, -7.09324634e+02,  4.34354481e+02,  2.35591298e+02,
        3.55225054e+01, -1.68041152e+02, -3.80480227e+02, -6.13035269e+02,
        2.76548041e+02,  9.99520998e+01, -8.24972853e+01, -2.77438848e+02,
       -4.95548187e+02, -7.44204002e+02,  3.76037776e+02,  1.86549313e+02,
       -4.77753025e+00, -2.00723261e+02, -4.07587919e+02, -6.37018976e+02,
        5.51860125e+02,  3.33637200e+02,  1.14104549e+02, -1.09314111e+02,
       -3.43587330e+02, -6.04233126e+02,  5.83609775e+02,  3.59854282e+02,
        1.34257809e+02, -9.68816198e+01, -3.43465857e+02, -6.25521333e+02,
        6.03146859e+02,  3.76414755e+02,  1.48356112e+02, -8.38170477e+01,
       -3.27954184e+02, -6.01912067e+02,  5.09653920e+02,  2.97820828e+02,
        8.36211378e+01, -1.37184390e+02, -3.74934415e+02, -6.47930292e+02,
        4.10340426e+02,  2.30667278e+02,  4.98069312e+01, -1.34454158e+02,
       -3.27894375e+02, -5.42964970e+02,  2.96472266e+02,  1.35020418e+02,
       -2.84974419e+01, -1.97160711e+02, -3.77729431e+02, -5.81555439e+02,
        3.64934920e+02,  1.92740584e+02,  1.93002370e+01, -1.57540124e+02,
       -3.43139393e+02, -5.48582560e+02,  3.70222418e+02,  1.97319634e+02,
        2.34482463e+01, -1.53102244e+02, -3.36700927e+02, -5.36949018e+02,
        3.38295205e+02,  1.69441396e+02, -2.28934450e+00, -1.81362471e+02,
       -3.77386188e+02, -6.03923595e+02,  4.87824247e+02,  2.95473667e+02,
        1.02258996e+02, -9.36646531e+01, -2.97624614e+02, -5.22608801e+02,
        2.60691545e+02,  1.03973321e+02, -5.62811691e+01, -2.24752069e+02,
       -4.10359987e+02, -6.23529556e+02,  4.51352851e+02,  2.65086385e+02,
        7.80160363e+01, -1.11486096e+02, -3.07981351e+02, -5.22474025e+02,
        3.67032431e+02,  1.94314604e+02,  2.00600833e+01, -1.58363907e+02,
       -3.47379377e+02, -5.59498031e+02,  3.74906247e+02,  2.01014807e+02,
        2.57969698e+01, -1.53069552e+02, -3.41382654e+02, -5.51008629e+02,
        2.41088178e+03,  1.72747590e+03,  1.04154572e+03,  3.47669964e+02,
       -3.69865002e+02, -1.14973357e+03,  1.72301985e+03,  1.15267907e+03,
        5.78201578e+02, -6.75169614e+00, -6.16788919e+02, -1.28017922e+03,
        2.29418874e+03,  1.62964140e+03,  9.61546860e+02,  2.82778135e+02,
       -4.26131336e+02, -1.20858773e+03,  2.02402672e+03,  1.40178998e+03,
        7.71887598e+02,  1.21378503e+02, -5.79510238e+02, -1.37784931e+03,
        2.40569689e+03,  1.72273768e+03,  1.03640034e+03,  3.39543510e+02,
       -3.88021620e+02, -1.19272988e+03,  2.39868050e+03,  1.71607065e+03,
        1.02843404e+03,  3.25417110e+02, -4.20961526e+02, -1.26704418e+03,
        2.31411085e+03,  1.64674342e+03,  9.76781893e+02,  2.98890112e+02,
       -4.01964351e+02, -1.16190382e+03,  2.39124252e+03,  1.71105315e+03,
        1.02824528e+03,  3.37251410e+02, -3.77936759e+02, -1.15628612e+03,
        2.30235939e+03,  1.62159203e+03,  9.11003888e+02,  1.25464436e+02,
       -7.92814036e+02, -1.77903040e+03,  2.24422825e+03,  1.58734364e+03,
        9.25741476e+02,  2.50299422e+02, -4.62847810e+02, -1.26207091e+03,
        5.71604213e+02,  3.08782436e+02,  3.24658411e+01, -2.70412318e+02,
       -6.10212773e+02, -9.66504875e+02,  8.46859661e+02,  5.48283987e+02,
        2.48165286e+02, -5.65295964e+01, -3.73834223e+02, -7.20650753e+02,
        8.87227742e+02,  5.82239676e+02,  2.76278338e+02, -3.26967691e+01,
       -3.50459699e+02, -6.90816752e+02,  3.97402079e+02,  1.71450926e+02,
       -5.79571567e+01, -2.94711362e+02, -5.45791816e+02, -8.20243986e+02,
        6.89470236e+02,  4.16563205e+02,  1.41448840e+02, -1.39483174e+02,
       -4.34575119e+02, -7.58590923e+02,  7.86370959e+02,  4.98054610e+02,
        2.08609657e+02, -8.40915033e+01, -3.85646238e+02, -7.08498338e+02,
        7.70002066e+02,  4.83843430e+02,  1.95574048e+02, -9.85678747e+01,
       -4.07749598e+02, -7.48871683e+02,  8.01609260e+02,  5.10403035e+02,
        2.17411238e+02, -8.06910326e+01, -3.92337354e+02, -7.34217981e+02,
        7.51731579e+02,  4.68440327e+02,  1.82778125e+02, -1.09364391e+02,
       -4.17729899e+02, -7.59331158e+02,  5.72189646e+02,  3.18774980e+02,
        6.33471290e+01, -1.97020555e+02, -4.68710649e+02, -7.62930618e+02])
max_QEXP_Renorm: 3093.5107553103753
llh_GD_RAY: array([ -82.23718152,  -82.09837638,  -83.30931532,  -87.49312733,
        -81.89374388,  -82.80845774,  -83.26120959,  -82.8634067 ,
        -81.95235811,  -95.73904978,  -82.79323364,  -89.2686997 ,
        -79.6180389 ,  -86.5905483 ,  -81.01335251,  -88.96755594,
        -89.95422392, -102.66313388,  -79.66106847,  -90.03310644,
        -99.92862162,  -93.12787489,  -92.96301878,  -94.01952181,
        -91.0603265 ,  -93.66486917,  -91.11248332,  -93.91326232,
        -98.4416313 ,  -93.96508062,  385.08206369,  436.5340866 ,
        452.65581233,  432.4688273 ,  445.64435769,  450.88304524,
        434.50768125,  420.37126031,  457.51823712,  448.91954481,
         68.32607869,   72.68398215,   81.76897558,   15.15384891,
         47.0404069 ,   55.08729574,   76.88583471,   46.52965316,
         83.84962666,   80.93595857])
llh_GD_RAY_Renorm_gamma: array([ -98.03515769,  -96.92142916, -103.42094312, -101.23889323,
        -91.86520662, -101.31514914, -104.37247372, -102.09617782,
        -96.7568574 ,  -92.18625063,  -99.55647891,  -99.2170861 ,
       -100.60470302,  -97.95848875, -104.66347923,  -97.64582961,
        -96.90181488,  -96.56809342,  -97.88978695,  -96.98755339,
       -104.16242994, -102.79018616, -105.5032839 , -117.86603336,
       -101.94958183, -102.79305462, -104.84691554, -128.69666897,
       -103.26556704, -114.78116066,  368.14793761,  421.30895058,
        425.57569651,  411.49146461,  423.83616886,  425.42747883,
        416.17045543,  412.98014021,  426.01539016,  423.78891876,
         55.61883575,   58.67685888,   50.85563348,    1.34381121,
         40.8074529 ,   48.79454981,   58.0195772 ,   55.83216805,
         50.1080037 ,   51.0662357 ])
llh_GD_RAY_Renorm_eta: array([ -92.11356062,  -92.7192114 ,  -92.55734311,  -98.19830477,
        -91.61879123,  -92.41198208,  -94.50056549,  -92.59168947,
        -92.34053251,  -94.74341934,  -97.28322446,  -98.35744971,
        -96.6528276 ,  -97.0619273 ,  -98.3590809 ,  -97.58569979,
        -96.5325604 ,  -96.17955449,  -96.17932135,  -97.18310412,
       -104.44261797, -102.35334232, -103.18032248, -105.13325799,
       -101.57284483, -101.78723237, -101.86123552, -105.22535523,
       -103.02402966, -102.93405   ,  362.93765578,  419.81014739,
        422.86652484,  407.18620857,  422.20108309,  422.30037461,
        414.4211519 ,  411.90332623,  425.84513126,  421.09926323,
         54.02939154,   56.14476995,   55.63311003,   -7.34167389,
         42.445036  ,   36.2055574 ,   58.6380042 ,   40.83690975,
         55.32586422,   56.85143333])
llh_GD_RAY_Renorm_gammaeta: array([-9.24848081e+01, -9.29833523e+01, -9.36256995e+01, -9.44295739e+01,
       -9.54151898e+01, -9.66069398e+01, -9.30879368e+01, -9.35237503e+01,
       -9.40321093e+01, -9.46189368e+01, -9.52908521e+01, -9.60554251e+01,
       -9.32124628e+01, -9.40918466e+01, -9.52298047e+01, -9.66684227e+01,
       -9.84622872e+01, -1.00682709e+02, -9.85811781e+01, -9.89801548e+01,
       -9.93958427e+01, -9.98288785e+01, -1.00279929e+02, -1.00749691e+02,
       -9.15970844e+01, -9.15914598e+01, -9.16034749e+01, -9.16348720e+01,
       -9.16875639e+01, -9.17636127e+01, -9.29637094e+01, -9.37009771e+01,
       -9.46500753e+01, -9.58417737e+01, -9.73145763e+01, -9.91179764e+01,
       -9.53466030e+01, -9.63427972e+01, -9.75076627e+01, -9.88636095e+01,
       -1.00437556e+02, -1.02261418e+02, -9.32027465e+01, -9.40056433e+01,
       -9.50273335e+01, -9.63001769e+01, -9.78651719e+01, -9.97749540e+01,
       -9.26821603e+01, -9.31056392e+01, -9.36189427e+01, -9.42305630e+01,
       -9.49499017e+01, -9.57877589e+01, -9.42543482e+01, -9.38083796e+01,
       -9.34041335e+01, -9.30405999e+01, -9.27169241e+01, -9.24323243e+01,
       -9.75020077e+01, -9.77506364e+01, -9.80323126e+01, -9.83503530e+01,
       -9.87081343e+01, -9.91090475e+01, -9.84672501e+01, -9.85812025e+01,
       -9.86994169e+01, -9.88220029e+01, -9.89490701e+01, -9.90807280e+01,
       -9.69052086e+01, -9.72301963e+01, -9.76447327e+01, -9.81682275e+01,
       -9.88216765e+01, -9.96265991e+01, -9.71638916e+01, -9.72736930e+01,
       -9.73918330e+01, -9.75188340e+01, -9.76552367e+01, -9.78015982e+01,
       -9.89047646e+01, -9.95484801e+01, -1.00301234e+02, -1.01174537e+02,
       -1.02181405e+02, -1.03337698e+02, -9.75941770e+01, -9.76026916e+01,
       -9.76112437e+01, -9.76198334e+01, -9.76284608e+01, -9.76371262e+01,
       -9.65763983e+01, -9.66229684e+01, -9.66724066e+01, -9.67248558e+01,
       -9.67804668e+01, -9.68393979e+01, -9.62143179e+01, -9.62554996e+01,
       -9.63034119e+01, -9.63583554e+01, -9.64206138e+01, -9.64904483e+01,
       -9.62721734e+01, -9.64003818e+01, -9.65702721e+01, -9.67910193e+01,
       -9.70744768e+01, -9.74351061e+01, -9.71533893e+01, -9.71242851e+01,
       -9.70957807e+01, -9.70678656e+01, -9.70405295e+01, -9.70137621e+01,
       -1.04401324e+02, -1.04360456e+02, -1.04320012e+02, -1.04279990e+02,
       -1.04240388e+02, -1.04201202e+02, -1.02407658e+02, -1.02464530e+02,
       -1.02524043e+02, -1.02586280e+02, -1.02651326e+02, -1.02719266e+02,
       -1.03426336e+02, -1.03698338e+02, -1.03997935e+02, -1.04326710e+02,
       -1.04686210e+02, -1.05077927e+02, -1.06234808e+02, -1.07552057e+02,
       -1.09099310e+02, -1.10888472e+02, -1.12932095e+02, -1.15248207e+02,
       -1.01606886e+02, -1.01646035e+02, -1.01691113e+02, -1.01743011e+02,
       -1.01802692e+02, -1.01871186e+02, -1.01871953e+02, -1.01972329e+02,
       -1.02090648e+02, -1.02229321e+02, -1.02390865e+02, -1.02577883e+02,
       -1.02043287e+02, -1.02283947e+02, -1.02596359e+02, -1.02994420e+02,
       -1.03492524e+02, -1.04105246e+02, -1.06901166e+02, -1.09037368e+02,
       -1.11671381e+02, -1.14844107e+02, -1.18629549e+02, -1.23168495e+02,
       -1.01867628e+02, -1.01405532e+02, -1.01341598e+02, -1.01417376e+02,
       -1.01582062e+02, -1.02044749e+02, -1.03677401e+02, -1.04675294e+02,
       -1.05970964e+02, -1.07601808e+02, -1.09597017e+02, -1.11980460e+02,
        3.63686789e+02,  3.64434355e+02,  3.65180335e+02,  3.65924705e+02,
        3.66667445e+02,  3.67408531e+02,  4.20035345e+02,  4.20256886e+02,
        4.20474747e+02,  4.20688907e+02,  4.20899343e+02,  4.21106032e+02,
        4.23385348e+02,  4.23861916e+02,  4.24295256e+02,  4.24684358e+02,
        4.25028180e+02,  4.25325654e+02,  4.07829396e+02,  4.08463366e+02,
        4.09088018e+02,  4.09703250e+02,  4.10308966e+02,  4.10905069e+02,
        4.22459365e+02,  4.22709549e+02,  4.22951555e+02,  4.23185303e+02,
        4.23410711e+02,  4.23627695e+02,  4.22891345e+02,  4.23436149e+02,
        4.23933687e+02,  4.24382806e+02,  4.24782306e+02,  4.25130953e+02,
        4.14678527e+02,  4.14933429e+02,  4.15185847e+02,  4.15435770e+02,
        4.15683186e+02,  4.15928085e+02,  4.12059365e+02,  4.12214672e+02,
        4.12369243e+02,  4.12523077e+02,  4.12676172e+02,  4.12828528e+02,
        4.25938253e+02,  4.26008905e+02,  4.26056792e+02,  4.26081635e+02,
        4.26083170e+02,  4.26061160e+02,  4.21540175e+02,  4.21962651e+02,
        4.22366428e+02,  4.22751232e+02,  4.23116779e+02,  4.23462775e+02,
        5.42748664e+01,  5.45143047e+01,  5.47476454e+01,  5.49748281e+01,
        5.51957931e+01,  5.54104816e+01,  5.67901601e+01,  5.73446687e+01,
        5.78057853e+01,  5.81712050e+01,  5.84389582e+01,  5.86076505e+01,
        5.51257868e+01,  5.45633083e+01,  5.39425809e+01,  5.32617237e+01,
        5.25200337e+01,  5.17177553e+01, -6.05145867e+00, -4.77841458e+00,
       -3.52215789e+00, -2.28227586e+00, -1.05832024e+00,  1.50197802e-01,
        4.22139894e+01,  4.19819494e+01,  4.17489333e+01,  4.15149584e+01,
        4.12800418e+01,  4.10442009e+01,  3.81802612e+01,  4.01103810e+01,
        4.19874635e+01,  4.38028810e+01,  4.55480503e+01,  4.72146098e+01,
        5.86760336e+01,  5.86696802e+01,  5.86197855e+01,  5.85277144e+01,
        5.83953784e+01,  5.82251456e+01,  4.35566029e+01,  4.61253076e+01,
        4.85161486e+01,  5.07040453e+01,  5.26661173e+01,  5.43817095e+01,
        5.47687431e+01,  5.41510479e+01,  5.34702802e+01,  5.27252921e+01,
        5.19160938e+01,  5.10434112e+01,  5.63256936e+01,  5.57167169e+01,
        5.50112406e+01,  5.41983032e+01,  5.32709584e+01,  5.22266528e+01])
max_RAY_Renorm: 426.0831704893915
llh_GD_GSS: array([ -94.78276093,  -86.87205293,  -85.35687934,  -91.29625977,
       -110.72678375,  -87.71731078,  -83.05984261, -102.99287614,
       -114.10390087,  -88.19724923,  -79.83154345,  -97.85108549,
        -87.14517922,  -98.47240306,  -80.81289237,  -90.28243272,
       -123.78601108,  -92.66861166,  -87.54133066,  -80.97983944,
        -97.65059812, -119.94647646,  -93.26275143,  -92.18539628,
        -91.18753511, -101.17265034,  -95.62229627, -108.47566215,
       -159.04727043, -114.75507949,  398.71630921,  465.68320311,
        450.20932108,  450.4619098 ,  466.66348795,  463.89654558,
        472.20336427,  407.87401398, -138.50475742,  253.26124612,
         62.05114602,   38.03853439,   76.17082315,   86.67373091,
         81.74003224,   85.2891961 ,  -79.32255727,   84.0948469 ,
         87.07648507,   57.28461088])
llh_GD_GSS_Renorm_kappa: array([-1.07483914e+02, -3.37862029e+02, -3.29293013e+02, -1.44936852e+02,
       -1.65139603e+02, -1.37432665e+02, -1.27613914e+02, -1.70859037e+02,
       -1.24540741e+02, -1.46773413e+02, -2.89935701e+02, -1.47922005e+02,
       -1.12154215e+02, -2.00136202e+02, -2.52402532e+02, -1.41524159e+02,
       -1.34351197e+02, -4.32833975e+02, -1.90569452e+02, -1.42594158e+02,
       -1.00449511e+03, -1.24338942e+02, -1.54429534e+02, -1.13831287e+02,
       -1.31947904e+02, -1.35892085e+02, -2.78641978e+02, -1.10663043e+02,
       -1.83810249e+02, -1.18265937e+02,  3.53142572e+02,  4.28587001e+02,
        4.23901265e+02,  4.34010310e+02,  4.17377549e+02,  4.22093850e+02,
        4.13246546e+02,  4.21528794e+02,  1.69412161e+02,  4.14939304e+02,
        2.07317361e+00, -7.12438175e-02,  2.45597138e+01,  7.29028759e+00,
       -4.88524498e+00,  5.11379037e+01, -8.43370489e+00,  3.06790729e+01,
        3.95313739e+01, -8.64705383e+01])
llh_GD_GSS_Renorm_tau: array([-1.42895277e+02, -3.65540939e+02, -5.35869491e+02, -1.63421429e+02,
       -1.17731984e+02, -2.57261179e+02, -2.22646092e+02, -1.57769221e+02,
       -6.56012329e+02, -2.61192912e+02, -4.11302386e+02, -1.57128013e+02,
       -1.51104685e+02, -2.15659152e+02, -4.07180345e+02, -6.26681227e+02,
       -1.39446873e+02, -3.08851155e+02, -2.83026866e+02, -5.89666420e+03,
       -8.66880903e+02, -1.12916456e+02, -2.81534094e+02, -2.25794176e+02,
       -5.09331172e+02, -2.19464995e+02, -2.52942947e+02, -1.25650124e+02,
       -1.40507628e+02, -1.39137490e+02,  9.87396515e+01,  1.40607400e+02,
        4.16434712e+02,  4.24927442e+02,  4.20822824e+02,  4.24371017e+02,
        1.67414274e+02,  8.14992533e+01, -2.79568280e+02,  3.23225576e+00,
       -7.84017935e+01, -1.31892937e+02,  2.88535368e+01, -7.54416430e+01,
       -6.61518749e+01, -1.44639437e+02, -1.99169040e+02, -1.25256781e+02,
       -1.21942094e+02, -1.33585507e+02])
llh_GD_GSS_Renorm_kappatau: array([-1.20183791e+02, -1.10826575e+02, -1.09653894e+02, -1.08722292e+02,
       -1.08042521e+02, -1.07625817e+02, -4.29176787e+02, -4.03718918e+02,
       -3.80915974e+02, -3.61633585e+02, -3.46991901e+02, -3.38441417e+02,
       -4.92230362e+02, -4.50486891e+02, -4.11705083e+02, -3.77421596e+02,
       -3.49860589e+02, -3.32251385e+02, -1.18782353e+02, -1.64340196e+02,
       -1.57706722e+02, -1.52294160e+02, -1.48249061e+02, -1.45735439e+02,
       -1.27971460e+02, -1.36690391e+02, -1.44022499e+02, -1.50254501e+02,
       -1.55670257e+02, -1.60534465e+02, -2.41169432e+02, -2.14215135e+02,
       -1.89907856e+02, -1.68990502e+02, -1.52410546e+02, -1.41376914e+02,
       -1.98835972e+02, -1.79660028e+02, -1.62659545e+02, -1.48310387e+02,
       -1.37191403e+02, -1.30006891e+02, -1.15917671e+02, -1.03216311e+02,
       -1.90580734e+02, -1.82339471e+02, -1.76092651e+02, -1.72147709e+02,
       -5.90987515e+02, -4.91787176e+02, -3.94467018e+02, -3.01584046e+02,
       -2.17930742e+02, -1.52816727e+02, -1.87681298e+02, -2.43674115e+02,
       -2.13619653e+02, -1.87421768e+02, -1.66343892e+02, -1.52057293e+02,
       -3.93740365e+02, -3.65134661e+02, -3.39543993e+02, -3.17878443e+02,
       -3.01309575e+02, -2.91346764e+02, -1.35223009e+02, -1.61007306e+02,
       -1.56460409e+02, -1.52795751e+02, -1.50092432e+02, -1.48436584e+02,
       -1.27010019e+02, -1.22742079e+02, -1.19120586e+02, -1.16195335e+02,
       -1.14019951e+02, -1.12652182e+02, -2.43226110e+02, -2.30820725e+02,
       -2.20111270e+02, -2.11360846e+02, -2.04872780e+02, -2.00996808e+02,
       -3.85562698e+02, -3.50566875e+02, -3.18782859e+02, -2.91328952e+02,
       -2.69690541e+02, -2.55841028e+02, -5.23045601e+02, -4.37418179e+02,
       -3.54946039e+02, -2.78137871e+02, -2.11245990e+02, -1.61544754e+02,
       -1.38818189e+02, -1.38163609e+02, -1.37476395e+02, -1.36753874e+02,
       -1.35993203e+02, -1.35191368e+02, -2.59774505e+02, -4.86968022e+02,
       -4.67183514e+02, -4.50840720e+02, -4.38854967e+02, -4.32373345e+02,
       -2.90558928e+02, -2.63803041e+02, -2.39882057e+02, -2.19539015e+02,
       -2.03707217e+02, -1.93559378e+02,             nan,             nan,
                   nan,             nan,             nan,             nan,
       -1.11062560e+03, -1.07643169e+03, -1.04194075e+03, -1.00963363e+03,
       -9.84355290e+02, -9.75942392e+02, -1.14051195e+02, -1.15294884e+02,
       -1.16656141e+02, -1.18166743e+02, -1.19876434e+02, -1.21869511e+02,
       -2.94980904e+02, -2.60003554e+02, -2.27894675e+02, -1.99667240e+02,
       -1.76684053e+02, -1.60780441e+02, -1.85481231e+02, -1.66766144e+02,
       -1.50078015e+02, -1.35852435e+02, -1.24618319e+02, -1.17017943e+02,
       -4.56506136e+02, -3.83937967e+02, -3.14156741e+02, -2.49229977e+02,
       -1.92625650e+02, -1.50211708e+02, -1.64661351e+02, -1.97638512e+02,
       -1.78188425e+02, -1.61533585e+02, -1.48345028e+02, -1.39454324e+02,
       -2.40676848e+02, -3.60351532e+02, -3.34343549e+02, -3.11820089e+02,
       -2.93938194e+02, -2.82215179e+02, -1.21173525e+02, -1.18403382e+02,
       -1.16309211e+02, -1.14592021e+02, -1.13117887e+02, -1.11816579e+02,
       -1.06146411e+02, -1.12700382e+02, -1.26323009e+02, -1.41683324e+02,
       -1.66996876e+02, -1.84889424e+02, -1.21638969e+02, -1.20723938e+02,
       -1.19943752e+02, -1.19303015e+02, -1.18806489e+02, -1.18459099e+02,
        2.86592864e+02,  3.06310278e+02,  3.23023149e+02,  3.36421990e+02,
        3.46165519e+02,  3.51877387e+02,  1.62950572e+02,  1.82977199e+02,
        2.06721728e+02,  2.38201995e+02,  2.84598971e+02,  4.28481537e+02,
        4.18055452e+02,  4.19506688e+02,  4.20775275e+02,  4.21861935e+02,
        4.22761161e+02,  4.23454999e+02,  4.26623823e+02,  4.28191289e+02,
        4.29619239e+02,  4.30913069e+02,  4.32075978e+02,  4.33107741e+02,
        4.20311065e+02,  4.19801886e+02,  4.19300214e+02,  4.18806947e+02,
        4.18322556e+02,  4.17847166e+02,  4.24083641e+02,  4.23779400e+02,
        4.23462625e+02,  4.23134816e+02,  4.22797261e+02,  4.22451055e+02,
        1.92787137e+02,  2.27002009e+02,  2.60764578e+02,  2.90871700e+02,
        3.15518350e+02,  3.44538364e+02,  2.31715558e+02,  3.44378442e+02,
        4.17517476e+02,  3.89273179e+02,  4.06771207e+02,  4.17816801e+02,
       -1.78724869e+02, -8.60513596e+01, -2.63243007e+00,  6.87612967e+01,
        1.24547816e+02,  1.60095029e+02,  3.36928106e+02,  3.52625759e+02,
        3.37232255e+02,  3.38808750e+02,  3.79265866e+02,  4.05697412e+02,
       -4.81701463e+01, -2.24129977e+01, -4.81943179e+00,  1.94515361e+01,
        1.67840570e+00,  2.07737587e+00,  4.34020218e+01,  2.67532265e+01,
        1.45842830e+01,  7.24316087e+00, -7.04870781e+00, -1.63210624e+00,
        2.81181794e+01,  2.74268161e+01,  2.67802698e+01,  2.61743709e+01,
        2.56052316e+01,  2.50692374e+01, -5.41000785e+01, -3.21712415e+01,
       -1.65837061e+01, -1.52554130e-02,  7.17611626e+00,  7.32697268e+00,
       -4.62068230e+01, -3.29284180e+01, -2.07330354e+01,  1.22494505e+01,
       -4.80925368e+00, -4.79442684e+00, -1.02170433e+02, -5.86020345e+01,
       -5.30847117e+00,  5.00026948e+01,  5.06495786e+01,  5.10311691e+01,
       -1.19474623e+02, -8.92770838e+01, -6.24954771e+01, -3.99252266e+01,
       -2.25441889e+01, -1.15544603e+01, -6.51093885e+01, -1.81088242e+01,
        1.34206501e+01,  2.70375978e+01,  2.91267563e+01,  3.03599326e+01,
       -8.91082046e+01, -6.18146163e+01, -3.41525039e+01, -6.93517791e+00,
        2.02246578e+01,  3.94830131e+01, -9.90732889e+01, -9.44753098e+01,
       -9.07755179e+01, -8.80451848e+01, -8.63611945e+01, -8.58064873e+01])
max_GSS_Renorm: nan
