llh_GD_EXP: array([-7.04624557e+067, -3.40646768e+050, -9.59439161e+086,
       -1.17117366e+019, -2.63000821e+102, -3.36638484e+103,
       -6.31722943e+018, -9.72703843e+066, -1.04832782e+052,
       -6.78538424e+067, -1.86420578e+111, -3.20896280e+071,
       -3.16090921e+034, -1.82101123e+041, -5.94872760e+065,
       -2.95682049e+070, -7.41057181e+066, -1.64168742e+020,
       -6.33591805e+073, -1.25828958e+075, -1.93510187e+083,
       -2.37333781e+071, -2.95222594e+040, -2.04643285e+049,
       -7.47480210e+021,  3.33931786e+001, -2.20628104e+084,
       -2.43217913e+027, -1.73453887e+010, -3.52017904e+090,
       -1.14965686e+048, -1.62684203e+061, -6.17072225e+068,
       -1.24355551e+038, -2.90835503e+061, -3.91217327e+053,
       -4.43118709e+070, -1.86772934e+103, -3.62290188e+030,
       -7.28838907e+067, -2.45371776e+039, -6.65064526e+075,
       -3.22209427e+033, -1.01833861e+032, -1.33747258e+093,
       -6.06567004e+038, -6.56943946e+065, -1.05144966e+113,
       -7.60138813e+034, -6.08505367e+037])
llh_GD_EXP_Renorm_alpha: array([ 1.22398865e+04,  9.09749895e+03,  1.16359124e+04, -1.25843023e+02,
        2.37842879e+03,  9.95446965e+02,  3.27277739e+03,  4.23001681e+03,
        3.68071563e+03,  4.80520795e+03,  6.29016801e+03,  1.19385206e+04,
        5.70381619e+03,  6.84409178e+03,  6.97378236e+02,  3.03152220e+03,
        4.75953380e+03,  1.46853154e+03,  1.23247519e+04,  8.03156959e+03,
        5.09194096e+03,  4.00964693e+03,  2.81164154e+03,  6.29896186e+03,
        2.77207276e+03, -5.59731012e+00,  6.94481078e+03,  2.21041461e+03,
        1.23258312e+03,  3.12838652e+03,  1.79759123e+04,  5.10587336e+03,
        1.57556487e+04,  1.69494210e+04,  2.68972672e+04, -8.14952252e+02,
        9.80868188e+03,  1.16704180e+04,  1.37646147e+04,  2.96355867e+04,
        4.35606484e+03,  4.59805540e+03,  4.93881703e+03,  4.71066848e+03,
        9.08525728e+03,  3.36341677e+03,  9.83324350e+03,  6.48772850e+03,
        2.42299476e+03,  3.72450955e+03])
llh_GD_EXP_Renorm_beta: array([ 6019.54207645,  4626.96372661, 15697.81877745,  3322.56394612,
       18480.68775384, 18680.09081605,  1268.37390956, 12084.16770035,
        9368.24093567, 12236.92018597, 18620.99100353,  1580.04844702,
        1522.33687405,  6712.97567752, 10973.81432149, 11764.2618165 ,
       11158.20601543,  3289.69303921,   453.1483678 , 12543.12259943,
       10635.01279077,  9115.94631968,  5167.64316284,  1794.35956059,
        1447.68087003,  -133.40732865, 10769.77585608,  3486.01158897,
         128.66580015, 11560.56418379, 21179.41720604, 26789.39354069,
       30032.92384871, 10013.15045348, 21137.03734146, 23535.9024845 ,
       30828.16102928, 44837.78314736,  4814.84564167,  1711.83926019,
        5832.30006415, 11343.75697577,  4847.79722565,  3159.1086376 ,
       13952.12634692,  5740.16476728,  1179.377909  , 16946.35770018,
        5147.48408339,  5588.54250604])
llh_GD_EXP_Renorm_alphabeta: array([ 6.66455408e+03,  7.37762509e+03,  8.16581873e+03,  9.03696845e+03,
        9.99976300e+03,  1.10638397e+04,  5.09792286e+03,  5.61627140e+03,
        6.18661694e+03,  6.81403066e+03,  7.50410092e+03,  8.26299064e+03,
        1.50410533e+04,  1.44116160e+04,  1.38083612e+04,  1.32301918e+04,
        1.26760572e+04,  1.21449516e+04,  1.76276315e+03,  9.36984078e+02,
        4.92105143e+02,  2.40946487e+02,  8.19029142e+01, -3.37715772e+01,
        1.38209290e+04,  1.03300611e+04,  7.71375505e+03,  5.75344022e+03,
        4.28682065e+03,  3.19256747e+03,  1.23291220e+04,  8.12542672e+03,
        5.34291949e+03,  3.50680481e+03,  2.30202740e+03,  1.51350621e+03,
        1.45179622e+03,  1.66179567e+03,  1.90238529e+03,  2.17816468e+03,
        2.49438434e+03,  2.85700820e+03,  1.04100285e+04,  8.96565037e+03,
        7.71949718e+03,  6.64450328e+03,  5.71743713e+03,  4.91833876e+03,
        8.20325174e+03,  7.18143489e+03,  6.28534739e+03,  5.49975482e+03,
        4.81133590e+03,  4.20841419e+03,  1.07142668e+04,  9.37933684e+03,
        8.20895859e+03,  7.18291089e+03,  6.28354859e+03,  5.49546839e+03,
        1.59511115e+04,  1.36623792e+04,  1.17007309e+04,  1.00198170e+04,
        8.57981232e+03,  7.34643570e+03,  2.10539235e+03,  2.80910883e+03,
        3.75129275e+03,  5.01095319e+03,  6.69345696e+03,  8.94002814e+03,
        1.83614512e+03,  2.21596856e+03,  2.67583892e+03,  3.23249358e+03,
        3.90589611e+03,  4.72001063e+03,  6.73155180e+03,  6.75017927e+03,
        6.76885823e+03,  6.78758881e+03,  6.80637117e+03,  6.82520545e+03,
        7.38788767e+03,  4.97262628e+03,  3.34697894e+03,  2.25495847e+03,
        1.52268655e+03,  1.03053968e+03,  9.69378286e+03,  7.98694058e+03,
        6.58025207e+03,  5.42109002e+03,  4.46599646e+03,  3.67925010e+03,
        9.88023480e+03,  8.74828829e+03,  7.74580579e+03,  6.85805713e+03,
        6.07195073e+03,  5.37587101e+03,  2.93012847e+03,  2.61019203e+03,
        2.32557378e+03,  2.07240144e+03,  1.84719577e+03,  1.64683615e+03,
        7.29786035e+02,  1.16390927e+03,  1.85854725e+03,  2.97810276e+03,
        4.78154355e+03,  7.67805884e+03,  1.17696726e+04,  1.10437427e+04,
        1.03624424e+04,  9.72305468e+03,  9.12302474e+03,  8.55994973e+03,
        9.56910436e+03,  8.61109318e+03,  7.75001972e+03,  6.97601255e+03,
        6.28018759e+03,  5.65455629e+03,  8.10258828e+03,  7.20310216e+03,
        6.40458903e+03,  5.69559104e+03,  5.06594068e+03,  4.50662258e+03,
        4.73628212e+03,  4.34129806e+03,  3.97956693e+03,  3.64823396e+03,
        3.34469045e+03,  3.06655249e+03,  2.14662831e+03,  2.56746912e+03,
        3.07077138e+03,  3.67327181e+03,  4.39512737e+03,  5.26061307e+03,
        1.58904985e+03,  1.74389023e+03,  1.91353917e+03,  2.09947142e+03,
        2.30331288e+03,  2.52685534e+03, -1.02699119e+02, -7.44858807e+01,
       -5.05097302e+01, -3.19534458e+01, -1.88892150e+01, -1.04205828e+01,
        1.01140998e+04,  9.49873846e+03,  8.92120972e+03,  8.37918018e+03,
        7.87045678e+03,  7.39297886e+03,  3.26622217e+03,  3.06036824e+03,
        2.86754381e+03,  2.68690210e+03,  2.51765167e+03,  2.35905289e+03,
        1.96634670e+02,  2.80920102e+02,  3.87625187e+02,  5.24627062e+02,
        7.01940331e+02,  9.32371051e+02,  9.57973477e+03,  7.94140020e+03,
        6.58609719e+03,  5.46450827e+03,  4.53583481e+03,  3.76639063e+03,
        2.06864002e+04,  2.02056631e+04,  1.97369060e+04,  1.92798357e+04,
        1.88341658e+04,  1.83996159e+04,  2.07353461e+04,  1.61237293e+04,
        1.26137206e+04,  9.93938605e+03,  7.89498402e+03,  6.32327476e+03,
        2.73466288e+04,  2.49106005e+04,  2.27021818e+04,  2.07006525e+04,
        1.88870491e+04,  1.72440112e+04,  1.07722399e+04,  1.15975876e+04,
        1.24952673e+04,  1.34718638e+04,  1.45345079e+04,  1.56909141e+04,
        2.18727117e+04,  2.26357499e+04,  2.34271429e+04,  2.42479148e+04,
        2.50991241e+04,  2.59818646e+04,  2.09868910e+02, -8.00264013e+02,
       -8.14885495e+02, -8.14951953e+02, -8.14952250e+02, -8.14952252e+02,
        2.60109089e+04,  2.19779971e+04,  1.86047260e+04,  1.57849232e+04,
        1.34281986e+04,  1.14577760e+04,  3.67826937e+04,  3.02047607e+04,
        2.48397848e+04,  2.04698001e+04,  1.69140865e+04,  1.40224820e+04,
        5.53500925e+03,  6.38509242e+03,  7.39221920e+03,  8.58947341e+03,
        1.00169272e+04,  1.17227775e+04,  2.39173875e+03,  3.40790464e+03,
        4.97904971e+03,  7.47559437e+03,  1.15533007e+04,  1.83316453e+04,
        5.59470115e+03,  5.36661187e+03,  5.14765332e+03,  4.93746168e+03,
        4.73568770e+03,  4.54199606e+03,  9.97775024e+03,  8.77455858e+03,
        7.71480779e+03,  6.78143656e+03,  5.95941729e+03,  5.23551139e+03,
        4.86069871e+03,  4.87363382e+03,  4.88660266e+03,  4.89960532e+03,
        4.91264187e+03,  4.92571241e+03,  3.34546341e+03,  3.54251357e+03,
        3.75086494e+03,  3.97115844e+03,  4.20407200e+03,  4.45032262e+03,
        1.31242410e+04,  1.23450664e+04,  1.16117359e+04,  1.09215527e+04,
        1.02719797e+04,  9.66062993e+03,  5.32008699e+03,  4.93021044e+03,
        4.56837404e+03,  4.23257186e+03,  3.92094226e+03,  3.63175796e+03,
        1.60719771e+03,  2.18572372e+03,  2.96499142e+03,  4.01222047e+03,
        5.41796048e+03,  7.30390923e+03,  1.47826749e+04,  1.28933554e+04,
        1.12435820e+04,  9.80298690e+03,  8.54507406e+03,  7.44671775e+03,
        4.62593158e+03,  4.15622575e+03,  3.73324376e+03,  3.35237397e+03,
        3.00946727e+03,  2.70079241e+03,  5.27487849e+03,  4.97850184e+03,
        4.69846434e+03,  4.43386993e+03,  4.18387191e+03,  3.94767034e+03])
max_EXP_Renorm: 44837.783147362556
llh_GD_PWL: array([-51.21262703, -77.83619229,          nan,          nan,
                nan, -67.02602017,          nan,          nan,
                nan,          nan, -82.06142644, -76.97403448,
       -81.83760183, -81.49334049, -81.73603175, -85.90277036,
       -80.37573588, -81.23759603, -82.1291315 , -78.50786183,
                nan,          nan,          nan,          nan,
                nan,          nan,          nan,          nan,
                nan,          nan,  95.66688281, 580.11279411,
       526.14055567, 564.651401  , 575.81056488, 588.73647193,
       428.23494629, 556.99337948, 577.3341967 , 580.60737916,
                nan, -60.04329581,          nan,          nan,
                nan,          nan, -62.12910231,          nan,
                nan,          nan])
llh_GD_PWL_Renorm_K: array([-2.84491338e+02, -2.11436492e+02, -6.16687708e+03, -2.51083029e+02,
       -3.43975708e+02, -2.16956826e+02, -2.74469065e+02, -3.50062526e+04,
       -1.03634747e+03, -1.34878223e+03, -3.20968811e+02, -1.05268116e+04,
       -3.13813140e+02, -1.20402603e+03, -2.70553240e+02, -3.18739268e+02,
       -5.75352315e+02, -3.26457342e+02, -2.81936448e+02, -1.63405854e+04,
       -2.65157774e+02, -1.91896576e+03, -3.28164044e+02, -5.72976104e+02,
       -9.69788934e+03, -2.86658089e+02, -3.24657744e+02, -2.89648269e+03,
       -2.83037312e+02, -2.95144195e+02, -2.51114771e+04,  4.08021964e+03,
        6.22664143e+02,  2.39279636e+03,  1.95665142e+03,  4.13470450e+03,
       -3.16575069e+05,  3.42967907e+03,  3.87817604e+03,  3.61872155e+03,
        7.69655535e+02,  7.23710285e+02,  2.94211399e+02,  7.41972258e+02,
       -2.99701570e+03,  6.62242001e+02,  7.04785914e+02,  7.35526164e+02,
       -1.80997688e+02, -1.28433454e+03])
llh_GD_PWL_Renorm_c: array([ -392.11232941,  -456.35470059, -1950.3031245 ,  -337.79937033,
        -299.53040772,  -307.53409416,  -333.17945466,  -378.97559576,
        -423.43083498,  -433.48632046,  -388.86130397, -7041.38202202,
        -404.09211729,  -448.29321761,  -360.84258909,  -362.73914627,
        -383.78599444,  -287.94838546,  -416.32977453,  -389.33086172,
        -370.98104368,  -377.99204354,  -395.17471833,  -376.46508568,
       -8204.78605861,  -409.25871985,  -412.2124066 ,  -397.44276334,
        -405.23479944,  -285.08731525,    25.48970848,  3995.02853168,
        3861.94292951,  4040.86235125,  4107.0993775 ,  3752.76529748,
        3622.22715995,  4081.66325941,  3973.33916391,  4038.92557708,
         792.75599693,   729.85485544,   781.22371695,   739.54776393,
         610.17206595,   612.73628352,   680.83104427,   791.07467698,
         650.36299374, -1117.18395192])
lllh_GD_PWL_Renorm_p: array([  -273.5794422 ,   -389.47238891,  -1396.56614929,   -229.67305089,
         -199.38679461,   -209.85088202,   -231.25174776,   -253.37875798,
         -216.7649243 ,   -297.56000615,   -278.3817777 , -10264.91678909,
         -287.56220311,   -347.42625817,   -249.13196244,   -241.20225296,
         -294.12270857,   -213.63768103,   -302.69565408,   -426.67840035,
         -270.08445447,   -257.6903901 ,   -300.97432263,   -282.11987663,
        -9665.07826772,   -305.06109334,   -306.39764916,   -326.8851975 ,
         -298.45524328,   -219.57212213,   1848.91219152,   4027.12546587,
         3999.5849371 ,   3847.50647522,   3833.24079624,   3328.67401224,
         2636.86719118,   3794.08672126,   4075.98781414,   3798.05368203,
          751.12004233,    725.45412556,    677.31071201,    665.48528957,
          694.19585312,    420.4766407 ,    695.57390847,    724.30571827,
          515.20955525,   -946.43545257])
llh_GD_PWL_Renorm_Kc: array([  -383.84245562,   -366.51867393,   -349.30978054,   -332.35162174,
         -315.79017685,   -299.78143173,   -408.0114235 ,   -361.36934966,
         -316.4403515 ,   -275.93639067,   -242.8054361 ,   -220.18708098,
        -4127.52293153,  -4434.43430459,  -4757.85646243,  -5095.96037112,
        -5446.12732801,  -5804.73845865,   -324.41150854,   -310.1577936 ,
         -296.53624565,   -283.67839947,   -271.72115685,   -260.80678521,
         -304.66833083,   -293.01526074,   -287.35763929,   -288.65721006,
         -297.87773689,   -315.98937189,   -288.02005087,   -270.439303  ,
         -254.68163076,   -241.09144811,   -230.02502437,   -221.85186268,
         -324.63348431,   -315.42343809,   -306.49912719,   -297.90013959,
         -289.66726896,   -281.84251036,  -5337.08113266, -11672.81192294,
       -24195.48865153, -33360.29377479, -42329.93596874, -47019.47890617,
         -621.90255984,   -643.51905159,   -679.95623459,   -734.25751938,
         -809.59557231,   -909.21400402,   -658.16923904,   -671.63011334,
         -711.6277609 ,   -788.29757825,   -912.6377414 ,  -1095.95874998,
         -381.05987384,   -370.63915085,   -360.30788772,   -350.11861508,
         -340.12661239,   -330.38982737,  -8517.35373031,  -9491.33596616,
        -9978.27212307, -10267.65433751, -10399.64662807, -10494.761508  ,
         -395.64000477,   -381.59707194,   -367.56347001,   -353.64760309,
         -339.96617047,   -326.64386483,   -614.79152074,   -616.35077285,
         -640.24634196,   -698.09393058,   -802.72090001,   -967.38702269,
         -343.66075614,   -327.29855232,   -312.15424804,   -298.55884859,
         -286.85523028,   -277.39781813,   -355.52635551,   -342.16723693,
         -331.05923792,   -322.67355558,   -317.4933087 ,   -316.01298368,
         -419.89679859,   -396.1749315 ,   -385.47015607,   -393.04137338,
         -424.05803414,   -483.37437695,   -287.00653897,   -276.75154535,
         -272.15087829,   -274.02249207,   -283.16815257,   -300.3816936 ,
         -393.93602002,   -371.60774053,   -349.94088004,   -329.50630483,
         -310.91905215,   -294.8326641 ,   -631.63161002,   -631.63152463,
         -631.61946714,   -629.92503449,   -479.4817615 ,  -1323.17371883,
         -358.01969189,   -340.74375674,   -323.82767444,   -307.52652997,
         -292.11512193,   -277.8876197 ,   -787.60180171,   -860.15602805,
         -968.22564567,  -1120.5404713 ,  -1325.73171672,  -1591.02099424,
         -392.43944152,   -381.7265468 ,   -370.9432152 ,   -360.13925057,
         -349.36861756,   -338.68944658,   -423.46980405,   -407.7993062 ,
         -402.94089258,   -412.92806768,   -441.89273379,   -493.93030069,
        -8789.93607383,  -9178.66969247,  -9411.15001707,  -9572.93230633,
        -9697.88934252,  -9697.88934252,   -396.10962201,   -376.9927804 ,
         -357.78135923,   -338.7814795 ,   -320.33609869,   -302.82379597,
         -406.5866331 ,   -393.00165161,   -379.24102916,   -365.40685213,
         -351.61281184,   -337.98417204,   -926.39206317,  -1049.40299278,
        -1238.31863744,  -1511.36439458,  -1882.096585  ,  -2352.90027053,
         -394.87787108,   -375.55581977,   -356.079323  ,   -336.74195448,
         -317.87338869,   -299.83854805,   -285.69745585,   -279.90277059,
         -276.66160973,   -276.26683977,   -279.01447213,   -285.20485837,
        -9981.58672272, -11924.04795927, -14115.74506905, -16554.72438323,
       -19225.31805786, -22095.09500802,   4002.34434519,   4016.88945105,
         4030.83108705,   4044.15231688,   4056.83590245,   4068.86429766,
         3172.15801322,   2940.43902922,   2640.28078127,   2265.40394368,
         1809.08133016,   1264.08622067,   3857.64513081,   3767.00785492,
         3623.40499515,   3420.94943506,   3153.19087062,   2813.05499431,
         4015.03094933,   3881.1977055 ,   3675.18885157,   3388.54929884,
         3012.46449367,   2538.03105284,   3865.43330256,   3951.19904204,
         4023.36901524,   4080.00672604,   4119.00606854,   4138.07284305,
         -174.21807104,   -174.21807104,   -174.21807104,   -174.21807104,
         -174.21806301,   -147.44136834,   3979.22759942,   3917.76167585,
         3845.05600954,   3760.5173376 ,   3663.53280067,   3553.47030651,
         3972.2918438 ,   3957.62404   ,   3942.53442712,   3927.03404373,
         3911.13375244,   3894.84424326,   4114.39353205,   4122.59290778,
         4099.93156642,   4042.58880072,   3946.38594657,   3806.75710685,
          791.82457073,    790.07970304,    787.58582009,    784.32006759,
          780.25909242,    775.37903714,    729.80953349,    728.8086783 ,
          727.80150814,    726.78805346,    725.76834455,    724.74241166,
          746.39818131,    716.67864973,    670.91127904,    607.48648309,
          524.71939058,    420.87635092,    756.88928375,    766.78242191,
          772.27289538,    772.97099138,    768.45829877,    758.28585064,
         -399.20861565,   -654.67480461,   -978.31607906,  -1373.73823446,
        -1842.7776061 ,  -2385.07843017,    629.82629322,    645.9200665 ,
          658.19597421,    666.32661359,    669.96347863,    668.73458507,
          680.58463158,    684.77269776,    688.90038706,    692.96663564,
          696.97036743,    700.91049395,    788.26057436,    783.98191498,
          777.99923709,    770.23902211,    760.62563317,    749.08130913,
          440.98069869,    364.91038673,    278.30924914,    180.76108995,
           71.89186584,    -48.61447917,  -1190.06031002,  -1205.52114069,
        -1221.08221306,  -1236.74380863,  -1252.50620839,  -1268.36969272])
llh_GD_PWL_Renorm_Kp: array([-2.64245188e+02, -2.58251113e+02, -2.55733240e+02, -2.56835791e+02,
       -2.61754950e+02, -2.70800050e+02, -3.22750686e+02, -2.63545397e+02,
       -2.19206592e+02, -1.94106265e+02, -1.87427957e+02, -1.94300110e+02,
       -1.74789285e+03, -2.17741704e+03, -2.69934473e+03, -3.33065268e+03,
       -4.09267320e+03, -5.01626159e+03, -2.21993864e+02, -2.17145579e+02,
       -2.15290431e+02, -2.16724532e+02, -2.22051479e+02, -2.32535308e+02,
       -1.89239009e+02, -1.90474929e+02, -2.03669897e+02, -2.28099763e+02,
       -2.61482468e+02, -3.00511175e+02, -1.99333587e+02, -1.93218528e+02,
       -1.91126282e+02, -1.92589039e+02, -1.97268896e+02, -2.05196535e+02,
       -2.28843336e+02, -2.28154149e+02, -2.29450440e+02, -2.33178720e+02,
       -2.40158642e+02, -2.52143255e+02, -2.02792259e+02, -3.58690012e+02,
       -9.99007665e+02, -2.71364258e+03, -6.76363988e+03, -1.57907127e+04,
       -2.09112395e+02, -2.24959673e+02, -2.72056338e+02, -3.59264160e+02,
       -4.96380768e+02, -6.95386320e+02, -2.38310784e+02, -2.05123243e+02,
       -2.18260374e+02, -3.04375096e+02, -4.96205881e+02, -8.27885167e+02,
       -2.75417710e+02, -2.74579061e+02, -2.76150921e+02, -2.80551049e+02,
       -2.88447629e+02, -3.01042567e+02, -1.03377625e+04, -1.04949192e+04,
       -1.05268116e+04, -1.05268116e+04, -1.05268116e+04, -1.05268116e+04,
       -2.81195079e+02, -2.77756271e+02, -2.77448306e+02, -2.80505533e+02,
       -2.87236643e+02, -2.98094991e+02, -2.83596436e+02, -2.37351945e+02,
       -2.29728285e+02, -2.89552230e+02, -4.52977022e+02, -7.54555726e+02,
       -2.37191877e+02, -2.29647646e+02, -2.26644226e+02, -2.28243624e+02,
       -2.34743495e+02, -2.47421163e+02, -2.30303946e+02, -2.25227411e+02,
       -2.26514755e+02, -2.34450942e+02, -2.49281955e+02, -2.72543984e+02,
       -2.47793593e+02, -2.19260322e+02, -2.18954917e+02, -2.56632239e+02,
       -3.36900575e+02, -4.51682813e+02, -2.10142498e+02, -2.16178958e+02,
       -2.30934324e+02, -2.52338632e+02, -2.77351918e+02, -3.02783851e+02,
       -2.76831881e+02, -2.56286716e+02, -2.42219616e+02, -2.35474524e+02,
       -2.36916499e+02, -2.48897025e+02, -3.11270655e+02, -2.21285231e+02,
       -2.61863184e+02, -6.62246161e+02, -1.97334002e+03, -5.66446181e+03,
       -2.58915576e+02, -2.51360170e+02, -2.47355642e+02, -2.46792353e+02,
       -2.49586196e+02, -2.55706024e+02, -2.30988970e+02, -2.42329891e+02,
       -3.15957076e+02, -4.84445409e+02, -7.87718474e+02, -1.26349037e+03,
       -2.99491580e+02, -2.99815981e+02, -3.01945014e+02, -3.05863071e+02,
       -3.11549314e+02, -3.18986052e+02, -2.45954635e+02, -2.25666563e+02,
       -2.29444352e+02, -2.65318967e+02, -3.38353581e+02, -4.45478228e+02,
       -9.66602619e+03, -9.69788934e+03, -9.69788934e+03, -9.69788934e+03,
       -9.69788934e+03, -9.69788934e+03, -2.86496271e+02, -2.72523410e+02,
       -2.63623924e+02, -2.60122873e+02, -2.62367266e+02, -2.70910000e+02,
       -2.98378572e+02, -2.93464003e+02, -2.91896014e+02, -2.93911145e+02,
       -2.99775628e+02, -3.09843378e+02, -2.59759626e+02, -2.25850098e+02,
       -2.66990621e+02, -4.49382114e+02, -8.73085086e+02, -1.66499483e+03,
       -2.83060028e+02, -2.72188020e+02, -2.65907515e+02, -2.64095989e+02,
       -2.66530217e+02, -2.72940417e+02, -2.22081322e+02, -2.28441261e+02,
       -2.38061813e+02, -2.50146213e+02, -2.63881938e+02, -2.78776037e+02,
        4.68120888e+02, -1.44557046e+03, -4.02827147e+03, -7.44401890e+03,
       -1.18899363e+04, -1.76173578e+04,  4.03732051e+03,  4.04670233e+03,
        4.05524469e+03,  4.06291444e+03,  4.06967021e+03,  4.07546039e+03,
        3.99753889e+03,  3.88833922e+03,  3.64945993e+03,  3.25760048e+03,
        2.68991814e+03,  1.92066282e+03,  3.96712586e+03,  4.00296387e+03,
        3.93751318e+03,  3.75564376e+03,  3.44859964e+03,  3.01887101e+03,
        3.86570961e+03,  3.76916224e+03,  3.53866826e+03,  3.18959802e+03,
        2.76380180e+03,  2.32786715e+03,  3.53301463e+03,  3.71087173e+03,
        3.85790442e+03,  3.97183948e+03,  4.05360472e+03,  4.10828378e+03,
        3.61507677e+03,  3.66344569e+03,  9.46089001e+02, -8.95650629e+03,
       -3.71805132e+04, -1.12780105e+05,  3.73873041e+03,  3.67952336e+03,
        3.61962427e+03,  3.56217551e+03,  3.51002333e+03,  3.46540963e+03,
        4.05281067e+03,  4.02755194e+03,  4.00046380e+03,  3.97176893e+03,
        3.94166424e+03,  3.91032411e+03,  3.91857215e+03,  3.98094115e+03,
        3.98250288e+03,  3.92759340e+03,  3.83048563e+03,  3.71698299e+03,
        7.54105477e+02,  7.56993842e+02,  7.59791223e+02,  7.62488566e+02,
        7.65061099e+02,  7.67468453e+02,  7.25235006e+02,  7.25005923e+02,
        7.24766853e+02,  7.24517775e+02,  7.24258667e+02,  7.23989510e+02,
        6.81591627e+02,  6.58514149e+02,  6.08922137e+02,  5.37247155e+02,
        4.52253699e+02,  3.66618711e+02,  6.99088091e+02,  7.24624063e+02,
        7.42124785e+02,  7.52159377e+02,  7.55907459e+02,  7.54814756e+02,
        6.10292173e+02,  4.24721254e+02,  1.07778819e+02, -3.72837684e+02,
       -1.04659905e+03, -1.92813060e+03,  4.83537044e+02,  5.42780419e+02,
        5.97239613e+02,  6.45886130e+02,  6.87634544e+02,  7.21339391e+02,
        6.97198919e+02,  6.98719638e+02,  7.00136728e+02,  7.01450963e+02,
        7.02663224e+02,  7.03774506e+02,  7.25940210e+02,  7.27373939e+02,
        7.28778873e+02,  7.30275036e+02,  7.31919267e+02,  7.33698075e+02,
        4.37894370e+02,  3.46747778e+02,  2.44594074e+02,  1.35417949e+02,
        2.42539334e+01, -8.31576859e+01, -9.80577532e+02, -1.01644812e+03,
       -1.05456491e+03, -1.09579691e+03, -1.14181815e+03, -1.19679183e+03])
max_PWL_Renorm: 4138.072843051393
llh_GD_QEXP: array([          nan,           nan,           nan,           nan,
                 nan,           nan,           nan,           nan,
                 nan,           nan,  124.85289842,  472.2572839 ,
        104.30444928,  445.97198346,  477.75887979,  389.20583776,
        457.1820991 ,  199.68669969,  285.99602929,  401.51106204,
                 nan,           nan,           nan,           nan,
                 nan,           nan,           nan,           nan,
                 nan,           nan, 1321.15079802, 2456.60153175,
       2226.04330275, 2549.75983419, 2023.34805535, 1768.3424094 ,
       2264.50958493, 2181.14502816, 1470.32260468, 2138.84969692,
                 nan,           nan,           nan,           nan,
                 nan,           nan,           nan,           nan,
                 nan,           nan])
llh_GD_QEXP_Renorm_a: array([ 648.45965733,  569.04845028,  533.44690343,  586.26445511,
        591.00500312,  680.69614041,  544.07383984,  641.87460166,
        290.10184329,  641.02437937,  385.14407752,  375.55282772,
        328.80028418,  489.99709428,  490.72402521,  487.3478659 ,
        457.62737425,  511.86792011,  501.98098814,  368.69203327,
        334.06577741,  226.14109298,  425.05157073,  262.15205755,
        382.12964372,   39.0742175 ,  370.50025211,   11.42429467,
        416.26266527,  438.33350459, 8403.15931376, 8015.39325304,
       8151.48012846, 8419.47172561, 8084.42839311, 6313.09888375,
       8109.31224266, 8295.31068402, 8165.27005637, 8245.5798056 ,
       2273.54928722, 2044.72485605, 2215.22024996, 2410.98281777,
       2093.29475153, 2119.00317349, 2371.39932559, 1330.53380228,
       2071.67415854, 2269.04685508])
lllh_GD_QEXP_Renorm_q: array([ 1.92404950e+03,  1.77276531e+03,  1.87892548e+03,  1.83566946e+03,
        1.60034178e+03,  1.25286063e+03,  1.75554466e+03,  1.14702555e+02,
        1.03525938e+03,  8.64178020e+02,  3.18056980e+02,  1.17414697e+03,
        2.61210136e+02,  1.12441459e+03,  1.19370249e+03,  9.99545384e+02,
        1.14682060e+03,  5.75560282e+02,  7.70686226e+02,  1.01674339e+03,
        1.09639808e+03,  1.09495450e+03,  9.49897558e+02,  2.26817154e+00,
        1.18042779e+03,  5.94859743e+02,  1.34303036e+03, -2.11225061e+02,
        7.94041041e+02,  1.16684208e+03,  8.80489337e+03,  1.47092149e+04,
        1.35596794e+04,  1.52139809e+04,  1.25072566e+04,  1.07014980e+04,
        1.37500821e+04,  1.33493610e+04,  9.58032239e+03,  1.31264526e+04,
        3.01582448e+03,  3.40412878e+03,  3.83054545e+03,  4.57885258e+03,
        4.67543043e+03,  4.49920076e+03,  3.93353916e+03,  2.49141640e+03,
        4.28707761e+03,  4.74205851e+03])
llh_GD_QEXP_Renorm_aq: array([ 1.76962389e+03,  1.60759504e+03,  1.43639817e+03,  1.25471119e+03,
        1.06193631e+03,  8.58874121e+02,  1.62419569e+03,  1.46772159e+03,
        1.30258933e+03,  1.12864208e+03,  9.46701916e+02,  7.58935663e+02,
        1.71527106e+03,  1.54202241e+03,  1.35800724e+03,  1.16290138e+03,
        9.57873925e+02,  7.46191906e+02,  1.68308346e+03,  1.52230979e+03,
        1.35225363e+03,  1.17236265e+03,  9.83096496e+02,  7.86439074e+02,
        1.47226646e+03,  1.33839596e+03,  1.19851448e+03,  1.05278930e+03,
        9.01924559e+02,  7.47293898e+02,  1.17624376e+03,  1.09775855e+03,
        1.01744313e+03,  9.35388988e+02,  8.51750220e+02,  7.66751836e+02,
        1.60525449e+03,  1.44683748e+03,  1.27971055e+03,  1.10398834e+03,
        9.20855089e+02,  7.32874554e+02,  1.85186795e+02,  2.58024176e+02,
        3.32771221e+02,  4.08972311e+02,  4.86175121e+02,  5.63944567e+02,
        9.21284924e+02,  8.08354924e+02,  6.97432709e+02,  5.89425508e+02,
        4.85130003e+02,  3.85194425e+02,  8.32677821e+02,  8.01020976e+02,
        7.69224251e+02,  7.37305861e+02,  7.05285462e+02,  6.73184139e+02,
        3.27577769e+02,  3.37121495e+02,  3.46687010e+02,  3.56273170e+02,
        3.65878829e+02,  3.75502845e+02,  1.06971194e+03,  9.61041106e+02,
        8.48375715e+02,  7.32303379e+02,  6.13813863e+02,  4.94309878e+02,
        2.70758575e+02,  2.80344642e+02,  2.89967232e+02,  2.99625226e+02,
        3.09317494e+02,  3.19042897e+02,  1.04182959e+03,  9.56409550e+02,
        8.68106891e+02,  7.76992277e+02,  6.83290839e+02,  5.87416323e+02,
        1.10345478e+03,  1.00975182e+03,  9.12440290e+02,  8.11520273e+02,
        7.07208200e+02,  6.00000205e+02,  9.31168142e+02,  8.60998933e+02,
        7.89086850e+02,  7.15542396e+02,  6.40547996e+02,  5.64366724e+02,
        1.05734575e+03,  9.64565992e+02,  8.68468524e+02,  7.69212733e+02,
        6.67178826e+02,  5.63008558e+02,  5.66500141e+02,  5.57426012e+02,
        5.48338514e+02,  5.39238289e+02,  5.30125994e+02,  5.21002306e+02,
        7.33346645e+02,  6.95603242e+02,  6.57483200e+02,  6.19019303e+02,
        5.80250181e+02,  5.41220489e+02,  9.28900364e+02,  8.38638682e+02,
        7.46301892e+02,  6.52395860e+02,  5.57591297e+02,  4.62709889e+02,
        9.97932816e+02,  8.95174568e+02,  7.88226107e+02,  6.77535756e+02,
        5.63978611e+02,  4.48896200e+02,  9.77856331e+02,  8.55856481e+02,
        7.29921868e+02,  6.01652550e+02,  4.73224578e+02,  3.47186647e+02,
        8.80637589e+02,  8.09289197e+02,  7.35871513e+02,  6.60483654e+02,
        5.83322775e+02,  5.04700000e+02,  3.64258168e+01,  7.16751347e+01,
        1.07963131e+02,  1.45228252e+02,  1.83400766e+02,  2.22403379e+02,
        1.08006925e+03,  9.74987816e+02,  8.64888900e+02,  7.49781795e+02,
        6.30130695e+02,  5.06997555e+02,  5.02045623e+02,  4.13907427e+02,
        3.30426631e+02,  2.51438544e+02,  1.76707647e+02,  1.05989465e+02,
        1.22476744e+03,  1.10007602e+03,  9.68014521e+02,  8.28060675e+02,
        6.80512190e+02,  5.26936256e+02, -1.75186636e+02, -1.39176923e+02,
       -1.03880762e+02, -7.01086216e+01, -3.88281288e+01, -1.11970490e+01,
        7.42496443e+02,  6.89993500e+02,  6.36595252e+02,  5.82390786e+02,
        5.27497438e+02,  4.72062281e+02,  1.07506615e+03,  9.79412240e+02,
        8.79519909e+02,  7.75190583e+02,  6.66493540e+02,  5.53886931e+02,
        8.74739006e+03,  8.68991841e+03,  8.63248194e+03,  8.57508422e+03,
        8.51772880e+03,  8.46041930e+03,  1.38295330e+04,  1.29139674e+04,
        1.19651181e+04,  1.09890514e+04,  9.99575583e+03,  8.99899920e+03,
        1.28304583e+04,  1.20797262e+04,  1.13101361e+04,  1.05259200e+04,
        9.73295044e+03,  8.93861634e+03,  1.43440259e+04,  1.34356965e+04,
        1.24882994e+04,  1.15041682e+04,  1.04897112e+04,  9.45613892e+03,
        1.18942233e+04,  1.12697697e+04,  1.06363397e+04,  9.99706711e+03,
        9.35572645e+03,  8.71662375e+03,  9.99809472e+03,  9.31676889e+03,
        8.66057548e+03,  8.03148300e+03,  7.43048528e+03,  6.85779926e+03,
        1.29920474e+04,  1.22102738e+04,  1.14075898e+04,  1.05886782e+04,
        9.76016174e+03,  8.93045124e+03,  1.26675797e+04,  1.19668753e+04,
        1.12493233e+04,  1.05182153e+04,  9.77812835e+03,  9.03487588e+03,
        9.37701827e+03,  9.17385110e+03,  8.97096624e+03,  8.76851268e+03,
        8.56664239e+03,  8.36550960e+03,  1.24633456e+04,  1.17833708e+04,
        1.10887579e+04,  1.03828008e+04,  9.66988383e+03,  8.95540471e+03,
        2.91269098e+03,  2.80843160e+03,  2.70312179e+03,  2.59685546e+03,
        2.48974584e+03,  2.38192605e+03,  3.21746639e+03,  3.02714122e+03,
        2.83365568e+03,  2.63770145e+03,  2.44016177e+03,  2.24209897e+03,
        3.61740649e+03,  3.39785631e+03,  3.17187460e+03,  2.93973748e+03,
        2.70209921e+03,  2.46006262e+03,  4.30335187e+03,  4.01863515e+03,
        3.72305805e+03,  3.41509676e+03,  3.09365720e+03,  2.75853142e+03,
        4.35268444e+03,  4.01489426e+03,  3.66026863e+03,  3.28810177e+03,
        2.89962655e+03,  2.49889609e+03,  4.19848624e+03,  3.88458344e+03,
        3.55629627e+03,  3.21333633e+03,  2.85690078e+03,  2.49024335e+03,
        3.72881410e+03,  3.51815166e+03,  3.30120047e+03,  3.07778438e+03,
        2.84798481e+03,  2.61223262e+03,  2.30626367e+03,  2.12778140e+03,
        1.95592125e+03,  1.79051827e+03,  1.63133467e+03,  1.47809827e+03,
        4.00252788e+03,  3.70611869e+03,  3.39746315e+03,  3.07709131e+03,
        2.74681709e+03,  2.41001742e+03,  4.43299962e+03,  4.11157127e+03,
        3.77553329e+03,  3.42303477e+03,  3.05325261e+03,  2.66727096e+03])
max_QEXP_Renorm: 15213.98086820613
llh_GD_RAY: array([ -79.12488215,  -78.63671072,  -76.60949888,  -79.30043127,
        -79.18877314,  -75.80378881,  -79.61045425,  -85.69321047,
        -76.6250615 ,  -74.9031061 ,  -82.21243475, -101.14658026,
        -80.25909961,  -80.67477515,  -85.03831913,  -86.85588493,
        -89.99987937,  -76.25474224,  -77.45339477,  -84.34015677,
        -93.72491184,  -88.93272263,  -91.33054774, -115.78127982,
        -97.27764803,  -89.15555024,  -89.68050421,  -88.70332424,
        -89.74036493, -106.08339738,  304.77769783,  593.64346024,
        592.61994358,  513.89075844,  565.3832695 ,  587.4399164 ,
        592.99008236,  588.92274414,  587.84446862,  584.31002641,
        -58.55729519,  -60.69416346,  -74.68988014,  -58.24266109,
        -73.24753168,  -57.93661254,  -57.85162207,  -68.34069073,
        -57.89266767,  -58.48735923])
llh_GD_RAY_Renorm_gamma: array([-173.44469416, -176.57522873, -189.81045691, -178.03401743,
       -181.40498574, -173.56123369, -173.22263096, -177.11777535,
       -181.74693867, -183.01976059, -198.29723176, -214.57409717,
       -209.01352988, -197.32849562, -201.02674465, -217.15300864,
       -197.85783305, -213.25335925, -215.16473736, -197.46742973,
       -213.11596354, -224.36049544, -219.79354346, -223.50105484,
       -211.37157757, -217.51000775, -211.40390595, -217.0531512 ,
       -219.26922972, -225.94826266, 3660.38356801, 4172.59859338,
       4168.54021817, 4017.94062363, 4114.12923089, 4160.30536834,
       4172.9558161 , 4161.90514032, 4159.91716005, 4153.91598273,
        787.53551047,  769.87874374,  486.33600843,  786.45445295,
        615.43648824,  802.29324424,  798.44174391,  666.53565324,
        796.82192896,  807.19712062])
llh_GD_RAY_Renorm_eta: array([-173.23592089, -177.10706274, -183.61950212, -176.59358278,
       -173.13798214, -173.18601103, -184.61394362, -176.99518693,
       -179.74562484, -177.78422865, -198.12522176, -212.62315495,
       -207.17547809, -198.18437341, -202.0259506 , -220.86331184,
       -198.11723572, -204.26337995, -208.84157954, -197.4224449 ,
       -212.07615015, -211.64382755, -213.84607761, -229.27154517,
       -237.72809618, -211.51174893, -211.54670991, -211.25839596,
       -212.18999906, -227.32035333, 3676.47371789, 4177.33482837,
       4174.76647212, 4012.63122492, 4106.13103616, 4162.11680215,
       4175.6929924 , 4165.67480424, 4163.08244098, 4154.77172707,
        782.01121951,  757.30412269,  569.26435035,  791.0046306 ,
        448.5141513 ,  802.89857864,  796.70443135,  697.88491434,
        793.45361323,  803.1950044 ])
llh_GD_RAY_Renorm_gammaeta: array([-173.17345518, -173.1420316 , -173.14144006, -173.17153422,
       -173.23219785, -173.32330692, -177.02835421, -176.95057969,
       -176.87372459, -176.79777495, -176.72271745, -176.6485394 ,
       -184.34967059, -185.12654516, -185.95285393, -186.831412  ,
       -187.76514198, -188.75709318, -174.71988469, -173.57360883,
       -173.14337019, -173.39412337, -174.30527239, -175.84013186,
       -173.3112254 , -173.81117069, -174.62632045, -175.74268766,
       -177.17269248, -178.99987937, -173.1468163 , -173.13879492,
       -173.16178568, -173.21566684, -173.30031774, -173.41558136,
       -182.21917072, -179.90695789, -177.79934991, -176.01077451,
       -174.6319105 , -173.70471898, -177.01255999, -177.02997929,
       -177.04744501, -177.06495731, -177.08251635, -177.10012231,
       -180.00427572, -180.27138849, -180.54732903, -180.83247099,
       -181.12719479, -181.43188683, -178.35180558, -178.96765746,
       -179.6382129 , -180.37067261, -181.1728527 , -182.05302099,
       -198.14853207, -198.17225265, -198.19638966, -198.22094945,
       -198.24593855, -198.27136368, -212.89943582, -213.17655849,
       -213.45449566, -213.73322717, -214.01274018, -214.29302939,
       -207.42292244, -207.67530612, -207.93269288, -208.19514604,
       -208.46272846, -208.73550248, -197.99970059, -197.82763743,
       -197.67220588, -197.5388818 , -197.43365708, -197.36208495,
       -201.87102724, -201.72031068, -201.57371183, -201.43114255,
       -201.29251564, -201.15774481, -220.30464943, -219.75566825,
       -219.21628184, -218.68640544, -218.16595573, -217.65485055,
       -198.0765045 , -198.03704615, -197.99882969, -197.96182616,
       -197.92600856, -197.89135188, -205.20718782, -206.25234889,
       -207.40627975, -208.67634646, -210.06971846, -211.59324158,
       -209.61781542, -210.4345049 , -211.29283188, -212.19393832,
       -213.13892389, -214.12884844, -197.37255056, -197.34027198,
       -197.32666609, -197.33239858, -197.35777457, -197.40282312,
       -212.19403756, -212.32168459, -212.45938233, -212.60740646,
       -212.76601705, -212.93545908, -212.20589449, -213.09471115,
       -214.35993538, -216.04363609, -218.20385613, -220.93423616,
       -214.44301254, -215.11599268, -215.86880239, -216.70623228,
       -217.63435148, -218.66057634, -228.33990025, -227.44612845,
       -226.58892684, -225.76703039, -224.97921037, -224.22427252,
       -233.8280146 , -229.00480557, -223.3379223 , -217.79028762,
       -213.57978705, -211.55332242, -211.81706419, -212.27288859,
       -212.90230475, -213.72419214, -214.75412976, -216.00846769,
       -211.42003951, -211.32841092, -211.27017823, -211.24544153,
       -211.25634755, -211.30713427, -211.38475924, -211.67556687,
       -212.1765696 , -212.93163486, -213.97606361, -215.33858885,
       -212.70757276, -213.36984568, -214.18785548, -215.17186177,
       -216.33417719, -217.69207006, -227.1185377 , -226.91868282,
       -226.72077266, -226.52479132, -226.33072299, -226.13855196,
       3674.17116602, 3671.86990966, 3669.5699653 , 3667.27134745,
       3664.97406864, 3662.67813936, 4176.6858083 , 4176.02755681,
       4175.36009641, 4174.68344899, 4173.99763579, 4173.30267733,
       4173.91874543, 4173.05704751, 4172.18141538, 4171.29188422,
       4170.38848721, 4169.47125553, 4013.39501673, 4014.15704176,
       4014.91729878, 4015.67578659, 4016.43250404, 4017.18745007,
       4107.29754656, 4108.45603358, 4109.6065292 , 4110.74906523,
       4111.88367329, 4113.01038479, 4161.86056554, 4161.6034822 ,
       4161.34555223, 4161.08677577, 4160.82715291, 4160.56668374,
       4175.31090661, 4174.92583455, 4174.53778019, 4174.1467474 ,
       4173.75273998, 4173.35576167, 4165.14808012, 4164.61741907,
       4164.08282362, 4163.54429605, 4163.00183844, 4162.45545265,
       4162.6380739 , 4162.19110032, 4161.74152107, 4161.28933685,
       4160.83454828, 4160.37715588, 4154.64996125, 4154.52803434,
       4154.4059463 , 4154.28369714, 4154.16128684, 4154.03871537,
        782.83328344,  783.64428376,  784.44428956,  785.23336294,
        786.01155928,  786.77892753,  759.22626865,  761.10419084,
        762.93935301,  764.73313702,  766.48683924,  768.20166826,
        558.26668387,  546.97956814,  535.40520061,  523.54708376,
        511.41053947,  499.00327927,  790.37980135,  789.7465968 ,
        789.10500612,  788.4550153 ,  787.79660712,  787.12976102,
        475.7177731 ,  501.94809897,  527.06806735,  551.0025564 ,
        573.71668342,  595.19675623,  802.81315252,  802.72737577,
        802.64124872,  802.55477172,  802.46794509,  802.38076915,
        796.95830862,  797.21029312,  797.46038265,  797.70857495,
        797.95486761,  798.19925813,  693.75662407,  689.51284629,
        685.15264891,  680.67529727,  676.08024178,  671.36710277,
        793.95326889,  794.44677945,  794.93413976,  795.41534333,
        795.89038232,  796.35924766,  803.83052975,  804.44507751,
        805.03848031,  805.61056517,  806.16115452,  806.6900674 ])
max_RAY_Renorm: 4177.3348283685755
llh_GD_GSS: array([ -82.28762083,  -84.52523423,  -95.26654214,  -92.35149783,
        -82.81326987, -103.34201073,  -78.2010323 , -100.51982642,
        -75.04287628,  -73.39537314,  -91.23906112,  -91.67349451,
        -77.84991168, -113.25295222,  -77.15464172,  -87.12646139,
        -77.29515356,  -76.15560965,  -80.48769592,  -95.43731752,
        -89.71554721,  -91.4362392 ,  -90.33230875, -115.06399315,
       -115.96104818,  -99.19797163,  -89.75491851, -112.5260045 ,
       -118.76437973, -117.8175793 ,  604.34162627,  602.7437406 ,
        603.23213252,  603.59410324,  605.66516326,  599.04467594,
        604.89255341,  603.06695679,  603.909226  ,  605.81170359,
        -85.76637486,  -69.89034466,  -63.10194478,  -72.02510721,
        -64.98362379,  -67.87502213,  -72.17788256,  -71.13567446,
        -66.82463651,  -64.56299288])
llh_GD_GSS_Renorm_kappa: array([-240.18435326, -244.07377   , -207.6002981 , -287.8878245 ,
       -190.5169806 , -310.55640423, -190.53878483, -614.66738454,
       -191.52622111, -190.73301811, -336.48597191, -276.84938434,
       -235.91132062, -322.8458559 , -215.82577542, -294.76008565,
       -212.42205355, -254.06038933, -370.55446042, -245.10493713,
       -242.67355887, -230.14615532, -323.13850539, -467.45672086,
       -236.9517142 , -268.76915256, -250.16034063, -345.15730993,
       -328.33112783, -275.66246736, 4190.0298108 , 4190.95898008,
       4195.47538548, 4199.23340445, 4196.43935943, 4188.7974377 ,
       4199.75496665, 4193.76304935, 4199.0592611 , 4198.44203023,
        759.32439212,  803.86506792,  811.49862226,  795.84903325,
        796.82812002,  804.04718494,  781.31281956,  786.62832957,
        810.23455681,  812.7753705 ])
llh_GD_GSS_Renorm_tau: array([-226.25895682, -200.61749831, -218.58304765, -209.69542206,
       -188.41265566, -676.4178259 , -214.87147035, -570.32181898,
       -225.97554422, -248.8201782 , -564.69962477, -214.86972183,
       -452.29849661, -303.55247471, -278.84674936, -534.75179889,
       -239.89760343, -345.58622339, -325.77685459, -400.00563416,
       -340.87725787, -292.19239163, -364.11108189, -419.19440025,
       -308.90528167, -564.75621647, -350.73891665, -256.49855847,
       -590.68523151, -259.03926094, 4196.48537578, 4183.02322331,
       4198.97474947, 3473.83877658, 3809.90437062, 2906.02021396,
       3642.80399229, 4194.28417228, 3772.87614351, 3282.23810373,
        557.49935474,  639.92814256,  811.56116359,  168.55348684,
        673.03839166,  803.93938542,  794.93609563,  799.63207856,
        115.1027127 ,  811.6661626 ])
llh_GD_GSS_Renorm_kappatau: array([-216.92594422, -195.27769292, -182.52744865, -192.31752613,
       -244.68367303, -240.1333614 , -205.8786251 , -193.21276749,
       -192.1069809 , -198.44785163, -210.18341779, -222.21271722,
       -232.4899104 , -228.77781011, -217.93400497, -213.03362907,
       -214.64421349, -217.35144444, -207.8941314 , -211.12562526,
       -206.005181  , -195.96637085, -198.63103266, -286.1114974 ,
       -182.4409781 , -182.70045006, -183.66887667, -208.52889202,
       -204.09694384, -201.46961473, -697.14690726, -697.14690726,
       -697.14690726, -488.75765142, -398.71743326, -322.19528809,
       -222.68303137, -210.36052428, -193.72990013, -192.09329564,
       -190.99419829, -190.46482942, -555.34154715, -474.51142557,
       -558.43158803, -546.07169282, -545.31171302, -564.24099376,
       -231.28275044, -211.8135517 , -199.16445416, -195.51765649,
       -192.96080069, -191.59460687, -257.95016251, -215.60392731,
       -206.66185657, -199.44169869, -194.19391477, -191.19163474,
       -602.473812  , -613.30278908, -446.09924884, -454.59948753,
       -395.61018329, -347.1192506 , -215.21168807, -205.28588612,
       -214.37264828, -230.9969334 , -245.22717426, -257.54175035,
       -430.95779889, -367.96456541, -347.27929982, -305.78822458,
       -269.64001536, -244.04271821, -292.4062685 , -299.51205688,
       -304.81568899, -308.97598378, -312.37743958, -315.25950504,
       -272.38522235, -247.25558926, -236.34503388, -227.3536233 ,
       -220.65307597, -216.65687929, -631.63161027, -466.37347389,
       -360.30620751, -405.27930468, -350.11275915, -306.90463319,
       -240.29461383, -230.3514162 , -218.54730104, -215.67674944,
       -213.64864923, -212.53742449, -348.80330441, -308.69971335,
       -288.94784824, -272.32146815, -259.99307957, -253.3539896 ,
       -631.63161062, -366.73855542, -385.36967089, -386.48863233,
       -371.53773827, -364.92081742, -369.40274144, -321.54682195,
       -332.14990216, -298.36028741, -269.93092066, -250.5874708 ,
       -329.07492659, -286.74435847, -270.75480527, -257.43760472,
       -247.63501911, -242.33012843, -283.46863429, -255.60367457,
       -246.33792485, -238.81230146, -233.35486137, -230.33058284,
       -600.60240461, -364.14310278, -366.70085393, -353.43898806,
       -332.60744017, -320.82449473, -407.23188571, -333.11384295,
       -460.02753502, -447.3666447 , -441.37850839, -446.18772724,
       -301.75906888, -268.84051595, -257.13967248, -247.57138687,
       -240.63080875, -236.87875155, -604.12228257, -604.12228257,
       -445.33631239, -405.64538374, -340.8293207 , -286.44405981,
       -339.45485624, -289.58441078, -274.6486513 , -262.36736512,
       -253.54247734, -249.10906576, -253.44089102, -232.86233376,
       -230.40708363, -258.18169148, -302.73741096, -341.11477007,
       -604.12227994, -604.12228257, -604.12228257, -432.09727704,
       -407.16290323, -343.28924857, -252.21272718, -257.01538013,
       -260.89327192, -264.11542768, -266.86972853, -269.28977159,
       4182.41878048, 4180.81926402, 4178.96515337, 4176.80128956,
       4174.25729496, 4171.24152666, 4187.02122529, 4186.51091624,
       4184.90552283, 4180.78298743, 4167.244492  , 3729.89703662,
       4182.08300421, 4179.9360609 , 4171.53298514, 3772.57592085,
       3830.55377327, 3884.60176454, 3296.61244882, 3743.85070426,
       4064.11642976, 4119.57648859, 4161.73642433, 4188.90466277,
       3619.44841918, 3724.3447468 , 3817.40915068, 3912.77807415,
       4063.08306654, 4195.62486992, 2731.87481185, 3720.11748914,
       3869.55147103, 3996.9771974 , 4096.9673284 , 4163.29551335,
       3399.56655286, 3536.67792727, 3671.21893307, 3792.98405327,
       3930.82996947, 4198.71532659, 4164.11636669, 4161.40948559,
       4157.49407419, 4151.38037367, 4140.34997382, 4111.08594447,
       3515.35354767, 3659.54049976, 3787.47668192, 3951.53312545,
       4195.79020643, 4198.07839592, 3201.82336591, 3608.04996394,
       3924.82603816, 4105.97497827, 4154.79820759, 4186.39336129,
        569.9910299 ,  693.15526505,  691.36726806,  722.43000235,
        745.12964684,  757.988538  ,  550.7685187 ,  581.54166116,
        611.4758824 ,  631.89544887,  652.97667536,  685.59919744,
        795.31224864,  786.93285699,  540.38576849,  564.70536223,
        590.57568963,  617.23664485,  120.39288024,  439.89125381,
        564.71756151,  656.87789372,  731.10993513,  780.38421752,
        589.41094732,  615.92510988,  631.03777068,  667.67240414,
        722.12100815,  797.0143475 ,  803.91708694,  803.86054715,
        803.56362771,  803.06461866,  804.15752776,  804.13111029,
        793.0531518 ,  791.86682235,  789.50881573,  787.31455639,
        785.4034827 ,  783.63692611,  613.60603773,  637.2622857 ,
        668.954221  ,  698.74669509,  729.57796571,  758.63888135,
       -119.03926729,  383.85294959,  566.15916196,  661.70228401,
        739.35833401,  791.90925891,  810.75376138,  810.72369802,
        810.63986348,  810.48358448,  810.22576761,  809.8182348 ])
max_GSS_Renorm: 4199.754966647899
