llh_GD_EXP: array([ -91.25166099,  -88.45024845,  -85.81306198,  -98.71464136,
        -86.35791039,  -87.86491074,  -90.34517749,  -97.74759573,
        -86.49608629,  -86.72086544,  -82.67098062,  -91.02557415,
        -92.68732057,  -82.60745653,  -80.73840445,  -93.0704084 ,
        -94.03608753,  -89.58290974,  -80.34916995,  -81.51250954,
        -97.01943765,  -90.67832706,  -91.45098064,  -96.64772357,
       -106.15984284,  -92.34474558,  -95.70127114,  -95.69880666,
       -101.80037522,  -96.49124799,  458.42559173,  393.34965897,
        466.36931231,  461.27317808,  443.62781491,  449.84009547,
        446.11488874,  441.20331205,  386.54666407,  465.01154673,
         66.60160358,   78.37638486,   58.47095782,   80.87289711,
         78.02144087,   60.05386435,   84.59902412,   86.07354145,
          3.30101128,   39.4686303 ])
llh_GD_EXP_Renorm_alpha: array([ -90.39172446,  -89.02489142,  -90.4534681 , -101.77173583,
        -92.98444992,  -95.72798058, -102.51821953,  -97.05347774,
        -92.09627593,  -87.91476532,  -89.1850242 , -109.36103103,
       -101.42043628,  -91.85004275,  -87.12670096,  -99.9641987 ,
       -100.24465619,  -87.16717467,  -93.50317767,  -87.12068567,
        -97.68608424,  -94.85330621,  -96.36152643, -114.39938988,
       -108.07031879, -108.65643303,  -99.52642322, -111.92951458,
       -101.85519827, -106.90644048,  463.89288539,  403.28153234,
        466.33726072,  464.4764027 ,  452.044881  ,  450.03418507,
        450.13190893,  446.66468348,  389.28991863,  465.14356135,
         82.92717149,   81.17182848,   63.70295193,   80.89124523,
         81.80009753,   69.76191271,   83.96323994,   83.88130164,
          6.20145093,   46.17433787])
llh_GD_EXP_Renorm_beta: array([ -91.06820094,  -89.2195747 ,  -87.16501679, -100.70035306,
        -86.86701891,  -89.41695012,  -90.38285468,  -99.75132244,
        -88.0013567 ,  -93.3879308 ,  -91.21825625,  -95.04656165,
        -97.0318988 ,  -87.67530069,  -88.97231987,  -96.88796047,
        -96.08903306,  -87.10741012,  -90.87551924,  -87.52968609,
        -97.60768305,  -94.5531152 ,  -94.44676981, -102.7395483 ,
       -105.80055642,  -94.62158839, -105.84672347,  -94.58552058,
        -99.34987198,  -98.64708974,  463.35863192,  398.52216209,
        466.51948215,  465.11966789,  447.91711713,  448.95826716,
        443.17431212,  442.53329009,  380.16265239,  465.64006086,
         75.66395367,   80.52207978,   53.72745481,   79.26106382,
         77.24838682,   56.85594678,   83.76790081,   84.36209581,
         -2.59715952,   39.76835322])
llh_GD_EXP_Renorm_alphabeta: array([-9.09896454e+01, -9.09119493e+01, -9.08351076e+01, -9.07591154e+01,
       -9.06839676e+01, -9.06096594e+01, -9.05361860e+01, -9.04635426e+01,
       -8.91975008e+01, -8.91755381e+01, -8.91536862e+01, -8.91319450e+01,
       -8.91103143e+01, -8.90887938e+01, -8.90673833e+01, -8.90460825e+01,
       -8.73637882e+01, -8.76009555e+01, -8.78776979e+01, -8.81953348e+01,
       -8.85553294e+01, -8.89592931e+01, -8.94089917e+01, -8.99063518e+01,
       -1.00816657e+02, -1.00933639e+02, -1.01051301e+02, -1.01169647e+02,
       -1.01288680e+02, -1.01408402e+02, -1.01528817e+02, -1.01649927e+02,
       -8.70861730e+01, -8.74059591e+01, -8.78309779e+01, -8.83668577e+01,
       -8.90202909e+01, -8.97990937e+01, -9.07122847e+01, -9.17701740e+01,
       -8.99046949e+01, -9.04402203e+01, -9.10256610e+01, -9.16633204e+01,
       -9.23556765e+01, -9.31053867e+01, -9.39152921e+01, -9.47884191e+01,
       -9.12231793e+01, -9.21706407e+01, -9.32326332e+01, -9.44172957e+01,
       -9.57335253e+01, -9.71909769e+01, -9.88000503e+01, -1.00571864e+02,
       -9.94347279e+01, -9.91223808e+01, -9.88142627e+01, -9.85103564e+01,
       -9.82106459e+01, -9.79151162e+01, -9.76237535e+01, -9.73365447e+01,
       -8.83027023e+01, -8.86392117e+01, -8.90121131e+01, -8.94227395e+01,
       -8.98725327e+01, -9.03630479e+01, -9.08959586e+01, -9.14730604e+01,
       -9.25383291e+01, -9.17513963e+01, -9.10263676e+01, -9.03623170e+01,
       -8.97581576e+01, -8.92126640e+01, -8.87245121e+01, -8.82923315e+01,
       -9.09500767e+01, -9.06930134e+01, -9.04468240e+01, -9.02112708e+01,
       -8.99861203e+01, -8.97711432e+01, -8.95661147e+01, -8.93708139e+01,
       -9.61353815e+01, -9.73293276e+01, -9.86361858e+01, -1.00064329e+02,
       -1.01622749e+02, -1.03321075e+02, -1.05169567e+02, -1.07179082e+02,
       -9.74616844e+01, -9.79050992e+01, -9.83624850e+01, -9.88341920e+01,
       -9.93205796e+01, -9.98220159e+01, -1.00338878e+02, -1.00871553e+02,
       -8.79197536e+01, -8.82102102e+01, -8.85496053e+01, -8.89414900e+01,
       -8.93899888e+01, -8.98997511e+01, -9.04759035e+01, -9.11240092e+01,
       -8.86101132e+01, -8.82919806e+01, -8.80156906e+01, -8.77791226e+01,
       -8.75802733e+01, -8.74172662e+01, -8.72883636e+01, -8.71919805e+01,
       -9.71994262e+01, -9.75181563e+01, -9.78442842e+01, -9.81779458e+01,
       -9.85192796e+01, -9.88684269e+01, -9.92255311e+01, -9.95907387e+01,
       -9.64995148e+01, -9.69222989e+01, -9.73576039e+01, -9.78056490e+01,
       -9.82666539e+01, -9.87408381e+01, -9.92284211e+01, -9.97296214e+01,
       -8.71122220e+01, -8.71174861e+01, -8.71232044e+01, -8.71293791e+01,
       -8.71360123e+01, -8.71431062e+01, -8.71506630e+01, -8.71586851e+01,
       -8.90073213e+01, -8.78323307e+01, -8.72257125e+01, -8.70912049e+01,
       -8.73723583e+01, -8.80662075e+01, -8.92319590e+01, -9.09884872e+01,
       -8.74065810e+01, -8.73044517e+01, -8.72225267e+01, -8.71600974e+01,
       -8.71165241e+01, -8.70912406e+01, -8.70837598e+01, -8.70936791e+01,
       -9.76163430e+01, -9.76250158e+01, -9.76337014e+01, -9.76423998e+01,
       -9.76511110e+01, -9.76598350e+01, -9.76685719e+01, -9.76773217e+01,
       -9.44716983e+01, -9.44198694e+01, -9.43971206e+01, -9.44030315e+01,
       -9.44372642e+01, -9.44995581e+01, -9.45897272e+01, -9.47076575e+01,
       -9.43977007e+01, -9.44153524e+01, -9.44985799e+01, -9.46466502e+01,
       -9.48592218e+01, -9.51363398e+01, -9.54784455e+01, -9.58864007e+01,
       -9.82780631e+01, -9.56865578e+01, -9.45243616e+01, -9.45472482e+01,
       -9.56662761e+01, -9.79130596e+01, -1.01464859e+02, -1.06722910e+02,
       -1.06037966e+02, -1.06278947e+02, -1.06523552e+02, -1.06771833e+02,
       -1.07023845e+02, -1.07279644e+02, -1.07539284e+02, -1.07802823e+02,
       -9.43962457e+01, -9.45813257e+01, -9.51646400e+01, -9.61491117e+01,
       -9.75541345e+01, -9.94201155e+01, -1.01815528e+02, -1.04845025e+02,
       -1.01274060e+02, -9.80839955e+01, -9.60050460e+01, -9.48232698e+01,
       -9.43998551e+01, -9.46611822e+01, -9.55824437e+01, -9.71813051e+01,
       -9.50634321e+01, -9.58335279e+01, -9.69055563e+01, -9.82996031e+01,
       -1.00048996e+02, -1.02203935e+02, -1.04835199e+02, -1.08037161e+02,
       -9.95978752e+01, -9.98531141e+01, -1.00115731e+02, -1.00385873e+02,
       -1.00663698e+02, -1.00949369e+02, -1.01243055e+02, -1.01544937e+02,
       -9.93042672e+01, -1.00017622e+02, -1.00790282e+02, -1.01625823e+02,
       -1.02528295e+02, -1.03502250e+02, -1.04552760e+02, -1.05685437e+02,
        4.63419039e+02,  4.63479185e+02,  4.63539070e+02,  4.63598694e+02,
        4.63658056e+02,  4.63717157e+02,  4.63775995e+02,  4.63834572e+02,
        3.99049799e+02,  3.99577761e+02,  4.00106038e+02,  4.00634616e+02,
        4.01163483e+02,  4.01692624e+02,  4.02222024e+02,  4.02751666e+02,
        4.66499458e+02,  4.66479378e+02,  4.66459242e+02,  4.66439050e+02,
        4.66418804e+02,  4.66398501e+02,  4.66378143e+02,  4.66357730e+02,
        4.65050073e+02,  4.64980008e+02,  4.64909471e+02,  4.64838465e+02,
        4.64766989e+02,  4.64695045e+02,  4.64622631e+02,  4.64549751e+02,
        4.48393287e+02,  4.48865172e+02,  4.49332729e+02,  4.49795916e+02,
        4.50254691e+02,  4.50709014e+02,  4.51158846e+02,  4.51604148e+02,
        4.49078976e+02,  4.49199395e+02,  4.49319525e+02,  4.49439365e+02,
        4.49558914e+02,  4.49678171e+02,  4.49797136e+02,  4.49915807e+02,
        4.43987962e+02,  4.44791914e+02,  4.45585968e+02,  4.46369929e+02,
        4.47143608e+02,  4.47906821e+02,  4.48659390e+02,  4.49401142e+02,
        4.43005111e+02,  4.43473827e+02,  4.43939399e+02,  4.44401788e+02,
        4.44860957e+02,  4.45316867e+02,  4.45769482e+02,  4.46218766e+02,
        3.81174774e+02,  3.82187009e+02,  3.83199544e+02,  3.84212556e+02,
        3.85226205e+02,  3.86240640e+02,  3.87255994e+02,  3.88272386e+02,
        4.65586163e+02,  4.65531948e+02,  4.65477415e+02,  4.65422564e+02,
        4.65367397e+02,  4.65311912e+02,  4.65256111e+02,  4.65199994e+02,
        7.67225291e+01,  7.77237689e+01,  7.86656239e+01,  7.95457864e+01,
        8.03617270e+01,  8.11107334e+01,  8.17899525e+01,  8.23964333e+01,
        8.05968863e+01,  8.06710460e+01,  8.07445563e+01,  8.08174143e+01,
        8.08896176e+01,  8.09611633e+01,  8.10320488e+01,  8.11022715e+01,
        5.49399161e+01,  5.61248321e+01,  5.72828848e+01,  5.84147444e+01,
        5.95210628e+01,  6.06024665e+01,  6.16595509e+01,  6.26928741e+01,
        7.94554761e+01,  7.96466399e+01,  7.98345253e+01,  8.00191015e+01,
        8.02003375e+01,  8.03782019e+01,  8.05526629e+01,  8.07236882e+01,
        7.78484646e+01,  7.84262812e+01,  7.89813136e+01,  7.95130065e+01,
        8.00207753e+01,  8.05040101e+01,  8.09620784e+01,  8.13943295e+01,
        5.84852712e+01,  6.00621218e+01,  6.15883214e+01,  6.30655484e+01,
        6.44953029e+01,  6.58788790e+01,  6.72173400e+01,  6.85115006e+01,
        8.37914519e+01,  8.38145440e+01,  8.38371758e+01,  8.38593463e+01,
        8.38810544e+01,  8.39022988e+01,  8.39230787e+01,  8.39433927e+01,
        8.43545267e+01,  8.43356767e+01,  8.43054621e+01,  8.42638030e+01,
        8.42106230e+01,  8.41458495e+01,  8.40694139e+01,  8.39812515e+01,
       -1.60044522e+00, -6.08231285e-01,  3.79361650e-01,  1.36221547e+00,
        2.34021468e+00,  3.31324644e+00,  4.28120071e+00,  5.24397030e+00,
        4.05112554e+01,  4.12462680e+01,  4.19734327e+01,  4.26927942e+01,
        4.34044006e+01,  4.41083029e+01,  4.48045549e+01,  4.54932135e+01])
max_EXP_Renorm: 466.5194821474457
llh_GD_PWL: array([ -94.96607313, -192.29416681, -112.85144229,  -88.62408195,
        -87.6651105 ,  -89.14569742,  -87.97137898, -223.73062825,
        -88.9810488 ,  -99.9795112 , -119.01488664,  -91.49691481,
       -370.57545309,  -85.34733607,  -82.7094684 ,  -87.9250559 ,
        -82.03408287,  -89.74499987,  -80.98374951,  -84.21944436,
       -123.78438749,  -94.25807755, -355.01563492, -346.69356711,
        -96.26314272,  -97.79660096,  -95.05961514,  -93.77972827,
        -92.07030262, -284.37894045,  405.17528889,  382.0277767 ,
        387.32564962,  445.28049609,  422.08772208,  358.91488364,
        378.50739942,  451.28028639,  396.0131165 ,  396.34801258,
         49.62268664,   10.21893995,   60.75615141,   65.04716787,
         24.17523685,   34.11031896,   69.74917973,   30.1682791 ,
         11.33150932,   44.0929565 ])
llh_GD_PWL_Renorm_K: array([-1.48886216e+02, -1.59510248e+03, -1.11516726e+04, -2.04272149e+03,
       -2.59618875e+02, -5.44457262e+03, -9.83600977e+02, -6.07911423e+03,
       -1.05824619e+02, -2.01782670e+02, -1.02403285e+03, -1.73089803e+02,
       -1.76873031e+03, -2.20168109e+02, -1.21929017e+02, -1.48050970e+02,
       -1.70842360e+02, -1.11530913e+02, -1.08552373e+02, -1.19018029e+02,
       -6.38417554e+02, -1.27497554e+02, -6.92666167e+04, -1.82569047e+04,
       -1.86482974e+02, -1.26493229e+02, -4.39955138e+02, -1.50846858e+02,
       -1.24510030e+02, -1.85546388e+04,  4.62772414e+02, -7.11056919e+02,
        4.24648422e+02,  4.07865905e+02,  4.42476189e+02, -3.73620008e+02,
        4.07022304e+02,  3.97248497e+02,  4.61749241e+02,  3.98170089e+02,
        7.01717758e+01, -8.37295247e+02,  7.30649220e+01,  8.24119377e+01,
       -2.54182931e+00, -5.11863439e+00,  6.75256685e+01,  7.35801261e+01,
        5.51658428e+01,  7.77414494e+01])
llh_GD_PWL_Renorm_c: array([ -172.97199678,  -238.79507225,  -190.44081105,  -170.97213882,
        -121.01401559, -4563.14511245,  -184.25448277,  -314.24695881,
        -132.28165323,  -114.68963835,  -191.99264185,  -178.29350586,
        -466.05350916,  -115.85557431,  -128.40038858,  -172.59179684,
        -196.33637949,  -150.74637216,  -234.84418897,  -175.75032296,
        -206.90997441,  -182.99792382,  -568.80530692,  -457.31998675,
        -135.13097362,  -155.83576344,  -160.39955717,  -202.57065273,
        -220.15603504,  -482.88758292,   415.30189796,   457.1388831 ,
         389.92033927,   427.05574401,   454.64949728,   403.07330189,
         460.82957719,   454.52456429,   427.17069448,   410.82833375,
          58.90657995,    26.73761445,    64.09936183,    75.48598831,
          66.88574373,    74.30538494,    79.13854764,    62.19249047,
          76.94022804,    58.36252778])
lllh_GD_PWL_Renorm_p: array([ -129.42017578,  -133.51418369,  -122.35964844,  -140.15512163,
         -96.21583833, -5377.90474227,  -178.10965365,  -144.42348758,
        -101.29652659,  -103.63964395,  -100.19782541,  -127.45515117,
        -284.00278089,   -90.48791323,   -96.16641562,  -129.79001629,
        -168.0880922 ,  -107.5849338 ,  -206.38585495,  -128.32657458,
        -117.8758105 ,  -136.06288666,  -258.46744346,  -247.49997464,
        -100.49881229,  -117.80517128,  -117.19053018,  -151.71913928,
        -202.7220763 ,  -211.90308909,   394.14971177,   374.16476316,
         393.47681196,   442.98727255,   429.28511201,   387.74135314,
         425.1908981 ,   439.70643058,   418.74619129,   399.34342299,
          59.08607812,    51.2222521 ,    69.65013232,    72.80904255,
          35.03180856,    44.21421507,    66.50631443,    45.78221423,
          66.43964588,    62.57211445])
llh_GD_PWL_Renorm_Kc: array([-1.69994317e+02, -1.61592821e+02, -1.54271144e+02, -1.48304070e+02,
       -1.43974378e+02, -1.41571058e+02, -1.41388284e+02, -1.43725171e+02,
       -8.08191971e+02, -8.82581064e+02, -9.65676384e+02, -1.05729677e+03,
       -1.15684026e+03, -1.26311582e+03, -1.37408031e+03, -1.48643284e+03,
       -2.82664519e+03, -4.47522892e+03, -5.79263551e+03, -7.28834861e+03,
       -9.01375180e+03, -1.08336393e+04, -1.24060343e+04, -1.29953976e+04,
       -6.49603566e+02, -7.40158130e+02, -8.58417957e+02, -1.00816754e+03,
       -1.19081702e+03, -1.40343752e+03, -1.63563836e+03, -1.86422367e+03,
       -1.50874674e+02, -1.50732536e+02, -1.53959525e+02, -1.60901650e+02,
       -1.71856007e+02, -1.87063931e+02, -2.06703735e+02, -2.30881552e+02,
       -4.82360169e+03, -4.92408370e+03, -5.09023363e+03, -5.15837685e+03,
       -5.25210816e+03, -5.35064498e+03, -5.41284762e+03, -5.44457262e+03,
       -3.56403319e+02, -3.71357343e+02, -3.98938922e+02, -4.43351824e+02,
       -5.08572739e+02, -5.97724590e+02, -7.11658971e+02, -8.45554939e+02,
       -2.58616553e+03, -2.99824809e+03, -3.46436572e+03, -3.97851776e+03,
       -4.52577286e+03, -5.07714743e+03, -5.58213089e+03, -5.95842288e+03,
       -1.29209981e+02, -1.25661741e+02, -1.22263475e+02, -1.19029092e+02,
       -1.15972815e+02, -1.13109183e+02, -1.10453068e+02, -1.08019688e+02,
       -1.37985690e+02, -1.41494056e+02, -1.46192424e+02, -1.52128519e+02,
       -1.59346548e+02, -1.67886948e+02, -1.77786061e+02, -1.89075713e+02,
       -4.69251671e+02, -5.02701753e+02, -5.44785097e+02, -5.96555297e+02,
       -6.58977285e+02, -7.32831100e+02, -8.18551414e+02, -9.15980450e+02,
       -1.80300721e+02, -1.71676147e+02, -1.64580037e+02, -1.59350279e+02,
       -1.56327362e+02, -1.55851862e+02, -1.58262870e+02, -1.63897279e+02,
       -1.08154162e+03, -1.15268352e+03, -1.22877049e+03, -1.30964084e+03,
       -1.39500485e+03, -1.48440839e+03, -1.57718445e+03, -1.67239034e+03,
       -1.39459692e+02, -1.40778320e+02, -1.44387442e+02, -1.50419909e+02,
       -1.58989060e+02, -1.70188021e+02, -1.84088757e+02, -2.00740618e+02,
       -1.23780219e+02, -1.18613730e+02, -1.14628390e+02, -1.11940532e+02,
       -1.10664651e+02, -1.10913803e+02, -1.12800039e+02, -1.16434768e+02,
       -1.70949861e+02, -1.67960645e+02, -1.64999647e+02, -1.62070770e+02,
       -1.59178003e+02, -1.56325425e+02, -1.53517207e+02, -1.50757606e+02,
       -1.89146185e+02, -1.72750395e+02, -1.58525214e+02, -1.47429525e+02,
       -1.40414628e+02, -1.38400067e+02, -1.42259623e+02, -1.52816235e+02,
       -1.43973867e+02, -1.37712303e+02, -1.31944223e+02, -1.26736637e+02,
       -1.22157624e+02, -1.18276386e+02, -1.15163364e+02, -1.12890394e+02,
       -2.22506257e+02, -2.06779911e+02, -1.90646199e+02, -1.74466466e+02,
       -1.58649311e+02, -1.43644564e+02, -1.29939077e+02, -1.18055189e+02,
       -1.67309674e+02, -1.59186203e+02, -1.51461139e+02, -1.44229927e+02,
       -1.37590880e+02, -1.31645027e+02, -1.26496094e+02, -1.22250593e+02,
       -3.51122855e+02, -3.64533865e+02, -3.82844952e+02, -4.06849614e+02,
       -4.37343204e+02, -4.75099401e+02, -5.20832525e+02, -5.75139546e+02,
       -1.76920944e+02, -1.69781217e+02, -1.62783354e+02, -1.55990608e+02,
       -1.49468937e+02, -1.43286799e+02, -1.37515025e+02, -1.32226770e+02,
       -3.08298000e+02, -3.08298000e+02, -3.08298000e+02, -3.08298000e+02,
       -3.08298000e+02, -3.08298000e+02, -3.08298000e+02, -3.08286276e+02,
       -3.08298000e+02, -3.08297999e+02, -3.08297956e+02, -3.08294204e+02,
       -3.07967281e+02, -2.83153152e+02, -1.20112187e+02, -4.17086419e+03,
       -1.48516641e+02, -1.46696265e+02, -1.46513793e+02, -1.48103782e+02,
       -1.51588587e+02, -1.57078079e+02, -1.64669513e+02, -1.74447375e+02,
       -1.52605975e+02, -1.48845360e+02, -1.45198590e+02, -1.41679348e+02,
       -1.38301574e+02, -1.35079472e+02, -1.32027509e+02, -1.29160423e+02,
       -2.46715618e+02, -2.48397740e+02, -2.54976038e+02, -2.67419448e+02,
       -2.86610268e+02, -3.13253905e+02, -3.47767793e+02, -3.90165460e+02,
       -2.02156161e+02, -1.95773536e+02, -1.89309623e+02, -1.82797056e+02,
       -1.76271392e+02, -1.69771031e+02, -1.63337139e+02, -1.57013580e+02,
       -2.02619392e+02, -1.84464931e+02, -1.66821531e+02, -1.50642198e+02,
       -1.36897454e+02, -1.26532667e+02, -1.20448041e+02, -1.19499258e+02,
       -7.41553410e+03, -1.16079474e+04, -1.81563304e+04, -2.55422248e+04,
       -2.90722657e+04, -3.16358683e+04, -3.22374147e+04, -2.89372426e+04,
        4.22005594e+02,  4.29340275e+02,  4.36105972e+02,  4.42268836e+02,
        4.47793859e+02,  4.52644836e+02,  4.56784315e+02,  4.60173542e+02,
        2.98236387e+02,  2.42857889e+02,  1.67340037e+02,  7.10606878e+01,
       -4.63118130e+01, -1.84653363e+02, -3.43108573e+02, -5.19728894e+02,
        3.90255119e+02,  3.94959344e+02,  3.99555583e+02,  4.04040048e+02,
        4.08408884e+02,  4.12658169e+02,  4.16783908e+02,  4.20782039e+02,
        4.27487529e+02,  4.25205230e+02,  4.22872345e+02,  4.20489836e+02,
        4.18058655e+02,  4.15579746e+02,  4.13054038e+02,  4.10482454e+02,
        4.61360140e+02,  4.63637995e+02,  4.64726643e+02,  4.64560758e+02,
        4.63072902e+02,  4.60193472e+02,  4.55850647e+02,  4.49970348e+02,
        2.27354220e+02,  1.79522621e+02,  1.24342834e+02,  6.15566651e+01,
       -9.07615234e+00, -8.77679525e+01, -1.74690541e+02, -2.69960142e+02,
        4.55527291e+02,  4.51902943e+02,  4.47622271e+02,  4.42665461e+02,
        4.37012362e+02,  4.30642487e+02,  4.23535010e+02,  4.15668777e+02,
        4.49671550e+02,  4.47584479e+02,  4.44330736e+02,  4.39857899e+02,
        4.34111820e+02,  4.27036565e+02,  4.18574363e+02,  4.08665545e+02,
        4.35764810e+02,  4.42454472e+02,  4.48273946e+02,  4.53169089e+02,
        4.57083879e+02,  4.59960340e+02,  4.61738478e+02,  4.62356199e+02,
        4.11593678e+02,  4.09979326e+02,  4.08346335e+02,  4.06694942e+02,
        4.05025382e+02,  4.03337886e+02,  4.01632686e+02,  3.99910011e+02,
        6.09703419e+01,  6.28353066e+01,  6.45127105e+01,  6.59945581e+01,
        6.72725914e+01,  6.83382816e+01,  6.91828212e+01,  6.97971157e+01,
       -1.77224830e+02, -2.06081507e+02, -2.46869681e+02, -3.01332531e+02,
       -3.71230122e+02, -4.58277090e+02, -5.64072429e+02, -6.90027874e+02,
        6.44817482e+01,  6.56702973e+01,  6.68271884e+01,  6.79517412e+01,
        6.90432656e+01,  7.01010613e+01,  7.11244181e+01,  7.21126153e+01,
        7.68420536e+01,  7.80789446e+01,  7.91716661e+01,  8.01152114e+01,
        8.09044596e+01,  8.15341730e+01,  8.19989953e+01,  8.22934499e+01,
        5.41004911e+01,  4.91359189e+01,  4.36049700e+01,  3.74888781e+01,
        3.07686310e+01,  2.34249863e+01,  1.54384892e+01,  6.78949124e+00,
        6.17289439e+01,  5.66845237e+01,  5.07717281e+01,  4.39525232e+01,
        3.61881506e+01,  2.74391768e+01,  1.76655477e+01,  6.82664770e+00,
        8.00496615e+01,  8.04418393e+01,  8.03300908e+01,  7.96878860e+01,
        7.84877651e+01,  7.67013263e+01,  7.42992122e+01,  7.12510963e+01,
        7.09611261e+01,  7.53598467e+01,  7.87890769e+01,  8.11583597e+01,
        8.23721880e+01,  8.23299027e+01,  8.09255839e+01,  7.80479305e+01,
        7.60179418e+01,  7.58263780e+01,  7.50162902e+01,  7.35535979e+01,
        7.14029137e+01,  6.85275271e+01,  6.48893872e+01,  6.04490866e+01,
        6.02110080e+01,  6.29564491e+01,  6.55577568e+01,  6.80081152e+01,
        7.03004895e+01,  7.24276201e+01,  7.43820162e+01,  7.61559498e+01])
llh_GD_PWL_Renorm_Kp: array([-1.17397870e+02, -1.07668204e+02, -1.00862506e+02, -9.75629109e+01,
       -9.82341019e+01, -1.03149435e+02, -1.12380963e+02, -1.26188470e+02,
       -1.71035878e+02, -2.27441516e+02, -3.07394429e+02, -4.16298190e+02,
       -5.60179296e+02, -7.45339518e+02, -9.77608376e+02, -1.26094538e+03,
       -1.08012836e+02, -1.32953823e+02, -2.32038299e+02, -4.64547011e+02,
       -9.32683773e+02, -1.81314733e+03, -3.40978644e+03, -6.23801839e+03,
       -1.12542475e+02, -9.70205674e+01, -1.04208201e+02, -1.49584146e+02,
       -2.55691823e+02, -4.54567108e+02, -7.88849126e+02, -1.30713096e+03,
       -9.29463248e+01, -9.51053275e+01, -1.03409013e+02, -1.18240161e+02,
       -1.39455574e+02, -1.66198914e+02, -1.96796744e+02, -2.28849382e+02,
       -5.37839529e+03, -5.37922591e+03, -5.38260034e+03, -5.41235180e+03,
       -5.41477132e+03, -5.44457262e+03, -5.44457262e+03, -5.44457262e+03,
       -1.44262235e+02, -1.14391041e+02, -9.58397031e+01, -9.89166829e+01,
       -1.37738875e+02, -2.30533787e+02, -3.97499254e+02, -6.52434544e+02,
       -2.03691035e+02, -3.11173796e+02, -4.88689936e+02, -7.67311628e+02,
       -1.19128155e+03, -1.82347946e+03, -2.75314683e+03, -4.10777726e+03,
       -1.00511040e+02, -1.00060816e+02, -9.99376211e+01, -1.00134950e+02,
       -1.00648229e+02, -1.01474710e+02, -1.02613109e+02, -1.04063078e+02,
       -1.10647088e+02, -1.19259820e+02, -1.29295908e+02, -1.40502122e+02,
       -1.52560159e+02, -1.65101740e+02, -1.77733608e+02, -1.90071854e+02,
       -1.02642798e+02, -1.17872897e+02, -1.50064492e+02, -2.04250042e+02,
       -2.86329735e+02, -4.02898882e+02, -5.60739258e+02, -7.65899510e+02,
       -1.14860126e+02, -1.05111464e+02, -9.89860579e+01, -9.72251464e+01,
       -1.00456629e+02, -1.09098835e+02, -1.23303909e+02, -1.43262627e+02,
       -3.52019933e+02, -4.36583583e+02, -5.40368170e+02, -6.66376230e+02,
       -8.17958285e+02, -9.98855259e+02, -1.21334749e+03, -1.46685146e+03,
       -9.28742253e+01, -9.90706997e+01, -1.09105739e+02, -1.22773665e+02,
       -1.39594923e+02, -1.58806363e+02, -1.79400707e+02, -2.00229433e+02,
       -9.25298218e+01, -9.10613833e+01, -9.16812767e+01, -9.41808785e+01,
       -9.82337519e+01, -1.03431036e+02, -1.09341724e+02, -1.15589610e+02,
       -1.29408898e+02, -1.29422267e+02, -1.29874351e+02, -1.30823790e+02,
       -1.32351462e+02, -1.34574537e+02, -1.37674416e+02, -1.41960530e+02,
       -1.43959100e+02, -1.22360179e+02, -1.05350961e+02, -9.50722824e+01,
       -9.34251620e+01, -1.01531909e+02, -1.19003236e+02, -1.43365417e+02,
       -1.02837290e+02, -9.94133948e+01, -9.73200911e+01, -9.65263575e+01,
       -9.69776614e+01, -9.86248530e+01, -1.01472138e+02, -1.05650362e+02,
       -1.83257339e+02, -1.61004601e+02, -1.41106589e+02, -1.24842888e+02,
       -1.13025581e+02, -1.05853291e+02, -1.03015696e+02, -1.04027951e+02,
       -1.19574448e+02, -1.12324993e+02, -1.06755761e+02, -1.02998473e+02,
       -1.01147069e+02, -1.01298754e+02, -1.03667903e+02, -1.08886477e+02,
       -1.13152125e+02, -1.15604625e+02, -1.27672053e+02, -1.52310226e+02,
       -1.93076652e+02, -2.54226044e+02, -3.40930089e+02, -4.60504624e+02,
       -1.29581299e+02, -1.24314506e+02, -1.20353427e+02, -1.17757915e+02,
       -1.16568935e+02, -1.16830468e+02, -1.18620201e+02, -1.22087201e+02,
       -5.01828722e+02, -9.90768040e+02, -1.91428680e+03, -3.60533914e+03,
       -6.65129695e+03, -1.20893174e+04, -2.17528114e+04, -3.88887240e+04,
       -4.05631340e+02, -6.77401233e+02, -1.12345061e+03, -1.83655383e+03,
       -2.95920392e+03, -4.71130857e+03, -7.43455058e+03, -1.16651388e+04,
       -9.95579741e+01, -1.01586961e+02, -1.06722124e+02, -1.14935734e+02,
       -1.25992812e+02, -1.39425057e+02, -1.54542224e+02, -1.70505384e+02,
       -1.16815262e+02, -1.16287437e+02, -1.16226430e+02, -1.16639599e+02,
       -1.17538783e+02, -1.18942161e+02, -1.20876095e+02, -1.23376979e+02,
       -1.05699343e+02, -1.00909561e+02, -1.05319958e+02, -1.21675886e+02,
       -1.52732155e+02, -2.00749569e+02, -2.66593842e+02, -3.48378377e+02,
       -1.47787912e+02, -1.44861336e+02, -1.42948604e+02, -1.42035259e+02,
       -1.42087102e+02, -1.43054890e+02, -1.44879623e+02, -1.47497953e+02,
       -1.78322559e+02, -1.53890585e+02, -1.31629823e+02, -1.13931876e+02,
       -1.02897446e+02, -9.96558068e+01, -1.03703310e+02, -1.12865164e+02,
       -3.54439818e+02, -6.09728703e+02, -1.04099337e+03, -1.74601944e+03,
       -2.87591889e+03, -4.66353714e+03, -7.46578429e+03, -1.18250746e+04,
        4.06182387e+02,  4.17087728e+02,  4.26901864e+02,  4.35677628e+02,
        4.43476028e+02,  4.50346214e+02,  4.56275363e+02,  4.61024103e+02,
        3.97109099e+02,  3.92648883e+02,  3.53925788e+02,  2.74603566e+02,
        1.50185306e+02, -2.00485827e+01, -2.30699247e+02, -4.68274917e+02,
        3.98578211e+02,  4.03389689e+02,  4.07895945e+02,  4.12073510e+02,
        4.15885476e+02,  4.19270940e+02,  4.22119783e+02,  4.24192892e+02,
        4.38796969e+02,  4.34384224e+02,  4.29770308e+02,  4.24974566e+02,
        4.20014606e+02,  4.14906474e+02,  4.09664805e+02,  4.04302962e+02,
        4.33569379e+02,  4.36597060e+02,  4.38606944e+02,  4.39857055e+02,
        4.40606394e+02,  4.41092294e+02,  4.41504744e+02,  4.41959965e+02,
        3.53766674e+02,  3.05555116e+02,  2.42498518e+02,  1.64579957e+02,
        7.26277675e+01, -3.13938798e+01, -1.44090895e+02, -2.60411957e+02,
        4.23211490e+02,  4.21030347e+02,  4.18740721e+02,  4.16432246e+02,
        4.14187372e+02,  4.12077504e+02,  4.10158994e+02,  4.08469131e+02,
        4.42633209e+02,  4.43523259e+02,  4.42421785e+02,  4.39422397e+02,
        4.34670317e+02,  4.28354904e+02,  4.20663877e+02,  4.11549354e+02,
        4.26253221e+02,  4.32805297e+02,  4.38543763e+02,  4.43603314e+02,
        4.48101276e+02,  4.52127923e+02,  4.55739173e+02,  4.58952851e+02,
        3.99406513e+02,  3.99418372e+02,  3.99380415e+02,  3.99293918e+02,
        3.99160031e+02,  3.98979799e+02,  3.98754170e+02,  3.98484005e+02,
        6.31793150e+01,  6.68954993e+01,  7.02291713e+01,  7.31728972e+01,
        7.57122741e+01,  7.78145606e+01,  7.93991028e+01,  8.02368876e+01,
        6.48611594e+01,  6.56850551e+01,  4.92540138e+01,  1.00941206e+01,
       -5.84428524e+01, -1.64242881e+02, -3.16445136e+02, -5.26441488e+02,
        7.03336137e+01,  7.09462924e+01,  7.14861395e+01,  7.19509989e+01,
        7.23385808e+01,  7.26464512e+01,  7.28720164e+01,  7.30125019e+01,
        7.43197911e+01,  7.57237325e+01,  7.70204194e+01,  7.82083758e+01,
        7.92852217e+01,  8.02478343e+01,  8.10925353e+01,  8.18152945e+01,
        3.07070202e+01,  2.62047788e+01,  2.16244311e+01,  1.70654133e+01,
        1.26227698e+01,  8.38194874e+00,  4.41303894e+00,  7.64706253e-01,
        3.94935332e+01,  3.41295336e+01,  2.83068112e+01,  2.22289408e+01,
        1.61084073e+01,  1.01527019e+01,  4.54662434e+00, -5.68657435e-01,
        6.79078607e+01,  6.88334325e+01,  6.93680654e+01,  6.95969018e+01,
        6.95951940e+01,  6.94146236e+01,  6.90649704e+01,  6.84890994e+01,
        5.24162583e+01,  5.76629194e+01,  6.17357511e+01,  6.48832848e+01,
        6.73557489e+01,  6.93667371e+01,  7.10581229e+01,  7.24781017e+01,
        6.75154770e+01,  6.77823203e+01,  6.73395915e+01,  6.63071950e+01,
        6.48153287e+01,  6.29837390e+01,  6.08804119e+01,  5.84314152e+01,
        6.57315249e+01,  6.86071125e+01,  7.11840730e+01,  7.34384385e+01,
        7.53336583e+01,  7.68156208e+01,  7.78044731e+01,  7.81790353e+01])
max_PWL_Renorm: 464.72664298466805
llh_GD_QEXP: array([ 396.21632242,  333.40676217,  495.96479095,  402.27945056,
        406.15341995,  506.43630371,  484.10690241,  499.78285137,
        462.48200374,  558.21273957,  512.4950822 ,  642.06585669,
        408.08143895,  510.38002589,  220.07861811,  427.20721039,
        619.22950239,  609.23541271,  661.9701449 ,  515.75492811,
        467.37232991,  334.98692668,  423.25667012,  443.02484962,
        338.99697916,  562.27152944,  219.68227182,  534.95691835,
        399.42576583,  426.4040526 , 2708.13312572, 1941.21003416,
       2513.49838473, 2036.03629616, 2622.67506021, 2507.82972352,
       2618.20713267, 2683.54184062, 1989.52776192, 2387.88588915,
        480.35404469,  970.36223833, 1056.1654085 ,  464.83707664,
        780.92648893,  941.46134364,  864.02524789,  915.4576206 ,
        835.43767694,  677.51074402])
llh_GD_QEXP_Renorm_a: array([ 133.96158526,  159.10143814,  229.96575913,  229.42576777,
        218.55308444,  156.95531589,  170.2373352 ,  226.48768539,
        168.92698142,  172.83395149,  267.88133222,  274.21868667,
        147.85053617,  276.86444506,  153.14727797,  257.17938608,
        248.65854289,  204.4919672 ,  233.84528034,  197.29413456,
        188.82088297,  167.87987091,  195.85968774,  214.69077768,
        126.39918234,  195.76068539,  125.52431196,  210.48033302,
        177.23100734,  188.14983942, 1402.58147094, 1420.8312361 ,
       1339.82994952, 1182.06109356, 1326.79952882, 1215.29929263,
       1416.84634141, 1397.68708468,  835.32777833, 1271.60298511,
        260.30291255,  434.5136814 ,  473.0280981 ,  426.84017809,
        426.47400419,  477.05493598,  415.77410258,  427.84470156,
        406.42109051,  457.19028361])
lllh_GD_QEXP_Renorm_q: array([ 534.79322113,  380.67555461,  572.88380079,  460.03640155,
        476.69365571,  654.40001354,  616.88591732,  579.22701107,
        588.19622574,  698.27815326,  600.20621934,  748.37065909,
        513.44192635,  591.35270999,  236.17852481,  494.3933993 ,
        742.82687266,  771.76713918,  807.20484668,  662.2638666 ,
        562.21750944,  381.63824708,  501.41076201,  516.77280631,
        418.94029462,  667.5680625 ,  285.89081736,  623.71433668,
        495.63760608,  512.1757039 , 3046.17844075, 2126.42772956,
       2880.20705394, 2431.07171077, 3022.66454121, 2981.81560697,
       2926.03078069, 3020.21129894, 2486.07421187, 2791.08319972,
        551.28709169, 1116.84178508, 1178.05879763,  459.93392411,
        900.3478003 , 1051.20101478, 1007.24294273, 1054.88723003,
        977.59962246,  751.06258403])
llh_GD_QEXP_Renorm_aq: array([ 492.84483297,  449.82002969,  405.80122671,  360.93520721,
        315.44048702,  269.60938485,  223.80284822,  178.43696648,
        356.56633389,  332.22116439,  307.67613183,  282.9743651 ,
        258.16606024,  233.30829154,  208.46458634,  183.70424959,
        538.08875452,  502.56221399,  466.23872572,  429.06147526,
        390.98891   ,  352.00314401,  312.12012593,  271.40126194,
        435.89757362,  411.3830827 ,  386.48540009,  361.20201338,
        335.53665973,  309.50066646,  283.11436545,  256.40853048,
        449.83793839,  422.51099802,  394.7038179 ,  366.41541351,
        337.65490227,  308.44372747,  278.81794959,  248.83047928,
        605.31102532,  554.56095972,  502.0239713 ,  447.6500679 ,
        391.50693233,  333.8247766 ,  275.03525349,  215.79148802,
        572.3774546 ,  526.51111152,  479.20269925,  430.42088518,
        380.21274719,  328.73135733,  276.26122328,  223.23544394,
        543.53079647,  507.05947356,  469.7423741 ,  431.51868975,
        392.34507428,  352.20529457,  311.12186925,  269.16926517,
        545.98731646,  502.553196  ,  457.84858439,  411.87788424,
        364.71394791,  316.51703643,  267.55090019,  218.1919261 ,
        647.19392132,  594.44989195,  539.82214279,  483.1330121 ,
        424.30011152,  363.399508  ,  300.73634904,  236.90770493,
        566.10548511,  531.31451412,  495.8023014 ,  459.54930258,
        422.5517592 ,  384.82664585,  346.41708809,  307.39797442,
        701.22007574,  652.96453365,  603.44811116,  552.51942648,
        500.04687979,  445.94063221,  390.18221139,  332.86149578,
        473.25126639,  432.5187911 ,  391.38857833,  350.0370791 ,
        308.67027926,  267.51845506,  226.82866361,  186.85544691,
        558.9620013 ,  525.95696466,  492.30896509,  457.99803059,
        423.01616917,  387.37120148,  351.09103172,  314.22819853,
        226.77721277,  217.41229453,  208.08701119,  198.80459631,
        189.56826856,  180.3812245 ,  171.24663139,  162.16762005,
        469.31362182,  443.87959901,  418.09675545,  391.97606421,
        365.53487127,  338.79771377,  311.79709753,  284.57419099,
        694.03440689,  643.91385426,  592.30623217,  539.07371057,
        484.12249056,  427.43315934,  369.09783872,  309.3611289 ,
        716.33946597,  659.03568877,  599.66517307,  538.10510729,
        474.34943995,  408.56694532,  341.1602479 ,  272.8110945 ,
        751.52684959,  694.18353953,  634.91624598,  573.48880069,
        509.72920002,  443.58854799,  375.21594198,  305.04096822,
        615.1691387 ,  566.69689961,  516.8303948 ,  465.61456234,
        413.1746922 ,  359.73369507,  305.62459282,  251.29419774,
        524.92624911,  486.67122959,  447.36701947,  406.94637912,
        365.37276931,  322.65589929,  278.86977946,  234.17188221,
        358.86661618,  335.78268931,  312.40421416,  288.7558206 ,
        264.86967236,  240.78600756,  216.55351927,  192.22952456,
        470.28244565,  438.46561003,  405.92510065,  372.63857339,
        338.60181774,  303.83489671,  268.38887578,  232.35271813,
        486.00340265,  454.60454468,  422.5278903 ,  389.73224515,
        356.18810279,  321.88328745,  286.82969385,  251.07097091,
        387.6218031 ,  355.7689207 ,  323.44823725,  290.7498203 ,
        257.78819393,  224.70208686,  191.65269048,  158.82027617,
        621.46930344,  574.18691173,  525.50618355,  475.20916362,
        423.09798713,  369.03174193,  312.97936422,  255.08807812,
        268.02074719,  250.10177618,  232.15784485,  214.2147784 ,
        196.30012466,  178.44294944,  160.67359116,  143.02337795,
        582.71028845,  540.75829379,  497.71173513,  453.42386996,
        407.76104041,  360.62254854,  311.9684608 ,  261.85564752,
        463.15709264,  429.91026401,  395.87530706,  361.05031183,
        325.45972218,  289.16123916,  252.25265542,  214.877858  ,
        479.30741802,  445.66362317,  411.20454787,  375.90707573,
        339.77174591,  302.83075903,  265.1565871 ,  226.87048342,
       2883.09766121, 2716.47514592, 2545.63293108, 2369.86571584,
       2188.50642413, 2001.03346476, 1807.22927576, 1607.39165617,
       2051.8900814 , 1976.35192699, 1899.80512627, 1822.25436433,
       1743.719688  , 1664.23918104, 1583.87170398, 1502.69959955,
       2727.37621567, 2570.65490956, 2409.52128548, 2243.5106701 ,
       2072.29230042, 1895.77346658, 1714.22845377, 1528.44026187,
       2301.13021827, 2168.11216783, 2032.13966104, 1893.48253974,
       1752.58374524, 1610.0766787 , 1466.78949893, 1323.73181392,
       2855.97529345, 2684.92520733, 2508.79047465, 2326.88563803,
       2138.67003976, 1943.90290355, 1742.84625615, 1536.49671732,
       2808.50456079, 2629.63053746, 2444.53852379, 2252.77689554,
       2054.26718492, 1849.50902139, 1639.78782138, 1427.32592772,
       2775.22107063, 2621.20181502, 2463.44282231, 2301.4095844 ,
       2134.61375143, 1962.69031228, 1785.50623109, 1603.30053914,
       2859.19824541, 2694.62523363, 2525.83810194, 2352.16579343,
       2172.98649296, 1987.83303736, 1796.54538409, 1599.46975193,
       2282.88373223, 2079.89547901, 1879.60858868, 1684.41480313,
       1496.31656856, 1316.75048763, 1146.55714266,  986.07890342,
       2639.77107679, 2484.19100081, 2323.95714826, 2158.81624234,
       1988.7337465 , 1813.99559201, 1635.31425676, 1453.91911488,
        516.53091259,  482.29459295,  448.62444954,  415.56042696,
        383.13609791,  351.37890363,  320.3105968 ,  289.9478404 ,
       1048.12684285,  977.85221929,  905.82676472,  831.88959936,
        755.94068383,  677.98028691,  598.15533027,  516.80741358,
       1106.69345373, 1034.05347663,  959.90544344,  884.00798592,
        806.13278766,  726.09788977,  643.8158901 ,  559.35765226,
        456.25798803,  452.58156957,  448.90475113,  445.2276161 ,
        441.55024884,  437.87273466,  434.19515983,  430.51761159,
        850.92886758,  800.61107322,  749.38634116,  697.27174764,
        644.31579108,  590.60461074,  536.26760187,  481.48175693,
        992.36877595,  932.50619951,  871.48996419,  809.20461336,
        745.55415829,  680.47772363,  613.96947228,  546.10243591,
        946.70609473,  884.80502956,  821.47390822,  756.69211921,
        690.50252388,  623.03082425,  554.50383851,  485.26364507,
        991.2296714 ,  926.1295143 ,  859.46535406,  791.15429088,
        721.17503964,  649.59506319,  576.59951236,  502.51811918,
        918.75050106,  858.59952071,  797.11661169,  734.3198526 ,
        670.29050018,  605.18769067,  539.26077866,  472.85686928,
        719.63578551,  687.87122163,  655.77426372,  623.35503065,
        590.62902699,  557.61777437,  524.34941528,  490.85926486])
max_QEXP_Renorm: 3046.1784407455416
llh_GD_RAY: array([ -82.23718152,  -82.09837638,  -83.30931532,  -87.49312733,
        -81.89374388,  -82.80845774,  -83.26120959,  -82.8634067 ,
        -81.95235811,  -95.73904978,  -82.79323364,  -89.2686997 ,
        -79.6180389 ,  -86.5905483 ,  -81.01335251,  -88.96755594,
        -89.95422392, -102.66313388,  -79.66106847,  -90.03310644,
        -99.92862162,  -93.12787489,  -92.96301878,  -94.01952181,
        -91.0603265 ,  -93.66486917,  -91.11248332,  -93.91326232,
        -98.4416313 ,  -93.96508062,  385.08206369,  436.5340866 ,
        452.65581233,  432.4688273 ,  445.64435769,  450.88304524,
        434.50768125,  420.37126031,  457.51823712,  448.91954481,
         68.32607869,   72.68398215,   81.76897558,   15.15384891,
         47.0404069 ,   55.08729574,   76.88583471,   46.52965316,
         83.84962666,   80.93595857])
llh_GD_RAY_Renorm_gamma: array([ -87.7647579 ,  -87.05648664,  -90.92564517,  -89.6930686 ,
        -83.62369222,  -89.7371601 ,  -91.44568655,  -90.18437082,
        -86.95006151,  -83.98755576,  -89.39300991,  -89.17985485,
        -90.03827009,  -88.36999472,  -92.34108438,  -88.16302507,
        -87.65282836,  -86.86987841,  -88.3247641 ,  -87.71366214,
        -95.87659304,  -94.64776089,  -97.03701014, -106.99377383,
        -93.82091437,  -94.6504178 ,  -96.47207535, -114.39592957,
        -95.08138171, -104.6356383 ,  385.7141087 ,  441.83254489,
        450.07640293,  429.60849193,  445.95114628,  449.59657833,
        435.07284977,  431.30459607,  454.50699032,  445.8627914 ,
         67.84780373,   74.95810479,   81.50544168,   15.12185777,
         51.35998254,   59.59749394,   77.66082424,   68.15907578,
         81.62079142,   81.46957389])
llh_GD_RAY_Renorm_eta: array([-84.00493523, -84.54481201, -84.4032409 , -88.76740445,
       -83.47702616, -84.27459615, -86.02070614, -84.43342116,
       -84.21077354, -85.5067781 , -88.13266133, -88.9633668 ,
       -87.6076984 , -87.95338695, -88.96458965, -88.37232172,
       -87.49976338, -86.80667392, -87.12644081, -88.05203177,
       -96.74727201, -94.51663966, -95.43799143, -97.4370074 ,
       -93.44350276, -93.79587586, -93.90026672, -97.52791713,
       -91.85009869, -95.17149289, 384.96235739, 442.26750397,
       446.54802972, 428.1331718 , 445.53666338, 445.68379429,
       435.87687245, 433.11280197, 453.09276489, 443.97383799,
        67.60447791,  70.34268229,  80.66386516,  10.70336724,
        55.50194802,  49.50278462,  75.67673858,  53.94120173,
        80.8015496 ,  79.91268736])
llh_GD_RAY_Renorm_gammaeta: array([ -84.22269271,  -84.48535252,  -84.79543445,  -85.15517431,
        -85.56656438,  -86.03142682,  -86.55151408,  -87.12862905,
        -84.74093655,  -84.95667692,  -85.19255128,  -85.44904361,
        -85.72661192,  -86.02569815,  -86.34673945,  -86.69018049,
        -84.7812216 ,  -85.23683973,  -85.77397854,  -86.39615625,
        -87.10685472,  -87.90991146,  -88.80994149,  -89.81274651,
        -88.86577534,  -88.96524855,  -89.06583145,  -89.16753159,
        -89.27035673,  -89.37431478,  -89.47941387,  -89.58566231,
        -83.47127108,  -83.47027298,  -83.47433858,  -83.4837881 ,
        -83.49895332,  -83.52017555,  -83.54780337,  -83.58219026,
        -84.59433063,  -84.97873319,  -85.43109396,  -85.95433176,
        -86.55118125,  -87.22443307,  -87.9772073 ,  -88.81324045,
        -86.45135276,  -86.92174324,  -87.43300422,  -87.98639687,
        -88.5833741 ,  -89.22563486,  -89.91517104,  -90.65430135,
        -84.78342928,  -85.19882166,  -85.68260822,  -86.23752294,
        -86.8662319 ,  -87.57158241,  -88.35687491,  -89.22613725,
        -84.40173166,  -84.61897147,  -84.86348574,  -85.13618093,
        -85.43788952,  -85.7693881 ,  -86.13142043,  -86.52472433,
        -85.29469086,  -85.09339258,  -84.90285714,  -84.72311328,
        -84.55420566,  -84.39616827,  -84.24901996,  -84.11278746,
        -88.23833696,  -88.35163629,  -88.47300306,  -88.60286715,
        -88.74163873,  -88.88970251,  -89.04741261,  -89.21508816,
        -88.98656442,  -89.00997395,  -89.03359639,  -89.05743269,
        -89.08148381,  -89.10575069,  -89.13023422,  -89.15493532,
        -87.75261259,  -87.92001028,  -88.11372888,  -88.33775308,
        -88.59603791,  -88.89229769,  -89.22979178,  -89.6111487 ,
        -87.99405907,  -88.03604049,  -88.07937194,  -88.12409427,
        -88.17024834,  -88.21787495,  -88.26701472,  -88.31770799,
        -89.22929097,  -89.52024403,  -89.838368  ,  -90.18431874,
        -90.55851363,  -90.96118092,  -91.39243101,  -91.85234606,
        -88.34769747,  -88.32342494,  -88.2995001 ,  -88.27591892,
        -88.25267733,  -88.22977125,  -88.20719659,  -88.18494924,
        -87.51557495,  -87.53166873,  -87.54805169,  -87.56473095,
        -87.58171373,  -87.59900736,  -87.61661928,  -87.63455707,
        -86.79737978,  -86.79153472,  -86.78941642,  -86.79130299,
        -86.79746747,  -86.80817224,  -86.82366356,  -86.84416621,
        -87.20346339,  -87.28911671,  -87.38509959,  -87.49356724,
        -87.61708841,  -87.75860229,  -87.92136576,  -88.10887714,
        -88.00950045,  -87.96829681,  -87.92838007,  -87.8897097 ,
        -87.85224552,  -87.81594773,  -87.780777  ,  -87.74669454,
        -96.64112018,  -96.537388  ,  -96.43604785,  -96.33707126,
        -96.24042898,  -96.14609103,  -96.05402672,  -95.96420471,
        -94.53072931,  -94.54493685,  -94.55926313,  -94.57370897,
        -94.58827521,  -94.60296269,  -94.61777223,  -94.63270469,
        -95.58404427,  -95.73748598,  -95.89854771,  -96.06745471,
        -96.24442533,  -96.42966996,  -96.62338996,  -96.82577663,
        -98.16065805,  -98.9675532 ,  -99.85950276, -100.83723889,
       -101.90060323, -103.04884455, -104.280975  , -105.59611679,
        -93.47886004,  -93.51550506,  -93.55358266,  -93.59324321,
        -93.63464241,  -93.6779411 ,  -93.72330503,  -93.77090454,
        -93.86612029,  -93.941422  ,  -94.02224633,  -94.10906941,
        -94.2023768 ,  -94.30266221,  -94.41042614,  -94.52617462,
        -94.05717376,  -94.23762421,  -94.44526212,  -94.68382295,
        -94.95709453,  -95.26887248,  -95.62290571,  -96.02282804,
        -98.65279554,  -99.96505692, -101.46765703, -103.15940864,
       -105.03726417, -107.09878189, -109.34378719, -111.77472462,
        -91.77075035,  -91.93649715,  -92.24839168,  -92.60180827,
        -92.93112749,  -93.23672049,  -93.59126176,  -94.13898011,
        -95.71088162,  -96.35941804,  -97.12885555,  -98.02894736,
        -99.0667368 , -100.24618726, -101.56836094, -103.03218731,
        385.0459457 ,  385.12951904,  385.21307735,  385.29662058,
        385.38014868,  385.46366159,  385.54715927,  385.63064165,
        442.21938303,  442.17121025,  442.12298557,  442.07470895,
        442.02638034,  441.97799968,  441.92956692,  441.88108201,
        446.95572814,  447.35938774,  447.75906241,  448.1548059 ,
        448.5466716 ,  448.93471237,  449.31898043,  449.69952715,
        428.29865969,  428.463758  ,  428.62846616,  428.79278361,
        428.95670982,  429.12024425,  429.28338641,  429.44613579,
        445.58292136,  445.62912809,  445.67528365,  445.7213881 ,
        445.76744152,  445.81344397,  445.85939554,  445.90529629,
        446.13762617,  446.58652594,  447.03056336,  447.46980842,
        447.90433102,  448.33420074,  448.75948659,  449.18025675,
        435.78812436,  435.69922945,  435.61018767,  435.52099896,
        435.43166327,  435.34218056,  435.25255076,  435.16277385,
        432.9145494 ,  432.71563135,  432.51604803,  432.31579973,
        432.11488674,  431.91330944,  431.71106825,  431.50816362,
        453.25266329,  453.41186421,  453.57037077,  453.72818601,
        453.88531284,  454.04175407,  454.19751237,  454.3525903 ,
        444.18792335,  444.40094398,  444.61290593,  444.82381532,
        445.03367831,  445.24250113,  445.45029004,  445.65705135,
         67.63162247,   67.65873994,   67.68583032,   67.71289361,
         67.73992981,   67.76693893,   67.79392095,   67.82087588,
         70.91486959,   71.47193017,   72.01397853,   72.54113823,
         73.05353813,   73.55130881,   74.03457904,   74.50347249,
         80.77497427,   80.8816815 ,   80.98398609,   81.08188826,
         81.17538924,   81.2644913 ,   81.34919772,   81.42951278,
         11.20413945,   11.70236846,   12.19808728,   12.69133145,
         13.18213907,   13.67055087,   14.15661019,   14.64036298,
         55.051619  ,   54.59860063,   54.14298361,   53.68486036,
         53.22432483,   52.76147233,   52.29639937,   51.82920337,
         50.68195548,   51.85013348,   53.00580642,   54.14748268,
         55.27371105,   56.38309883,   57.4743281 ,   58.54616955,
         75.9150721 ,   76.14891475,   76.37827795,   76.60317151,
         76.82360358,   77.0395807 ,   77.25110783,   77.45818836,
         55.73600203,   57.48648971,   59.1875639 ,   60.8347698 ,
         62.42438109,   63.95344015,   65.41975995,   66.82189344,
         80.91176217,   81.01717269,   81.11778176,   81.2135912 ,
         81.30460406,   81.39082459,   81.47225818,   81.54891131,
         80.13107858,   80.33814679,   80.53387217,   80.71823941,
         80.89123851,   81.05286552,   81.20312304,   81.34202046])
max_RAY_Renorm: 454.50699031819784
llh_GD_GSS: array([ -94.78276093,  -86.87205293,  -85.35687934,  -91.29625977,
       -110.72678375,  -87.71731078,  -83.05984261, -102.99287614,
       -114.10390087,  -88.19724923,  -79.83154345,  -97.85108549,
        -87.14517922,  -98.47240306,  -80.81289237,  -90.28243272,
       -123.78601108,  -92.66861166,  -87.54133066,  -80.97983944,
        -97.65059812, -119.94647646,  -93.26275143,  -92.18539628,
        -91.18753511, -101.17265034,  -95.62229627, -108.47566215,
       -159.04727043, -114.75507949,  398.71630921,  465.68320311,
        450.20932108,  450.4619098 ,  466.66348795,  463.89654558,
        472.20336427,  407.87401398, -138.50475742,  253.26124612,
         62.05114602,   38.03853439,   76.17082315,   86.67373091,
         81.74003224,   85.2891961 ,  -79.32255727,   84.0948469 ,
         87.07648507,   57.28461088])
llh_GD_GSS_Renorm_kappa: array([ -93.32687345, -159.30576204, -147.15244193, -111.37768727,
       -127.06485175, -107.68117259,  -95.09839929, -129.04662167,
       -105.51971968, -117.14990076, -138.42041306, -111.61224712,
        -96.30643494, -124.07132585, -130.14282434, -103.10817589,
       -111.43075372, -211.57222345, -121.62296504, -114.82344446,
       -363.06811641, -112.15894069, -131.51793759, -103.9490475 ,
       -117.77139433, -120.88975809, -174.43400205, -100.67660278,
       -148.50205926, -107.18185199,  452.66295393,  464.81155065,
        465.5712112 ,  460.656127  ,  470.00670976,  470.21433229,
        470.19390254,  470.18674922,  396.51685756,  468.46578834,
         78.73299107,   74.28363682,   79.77406996,   79.95766415,
         79.11472933,   83.10969776,   77.87376893,   81.93105024,
         83.07347999,   65.77444272])
llh_GD_GSS_Renorm_tau: array([-102.89827242, -189.22268117, -233.99758221, -116.64496913,
       -108.62347419, -172.62135261, -154.18887351, -111.93558612,
       -298.17545979, -174.25491879, -203.19297619, -113.2030741 ,
       -109.74160766, -142.40953427, -215.42683322, -302.33949125,
       -118.67952848, -178.22919766, -181.34898732, -341.29273919,
       -295.99630036, -115.63051363, -191.32465657, -157.9604735 ,
       -274.87042146, -153.8170185 , -177.9332642 , -123.21232218,
       -104.08185334, -103.88521351,  334.5014363 ,  460.0006111 ,
        467.45205163,  463.15249909,  469.8294504 ,  470.29003169,
        467.18425812,  196.6970404 ,  109.3350999 ,  154.21919026,
        -28.69194168,  -70.61252617,   79.28610869,   80.11349552,
         80.28978647,  -88.06511233,  -85.2472458 ,  -68.77269736,
         79.63127302,   13.13648867])
llh_GD_GSS_Renorm_kappatau: array([-104.02655612, -100.1590663 , -102.59772651, -100.99022416,
        -94.3931809 ,  -93.35718174,  -93.28275176,  -93.27204662,
       -203.2704268 , -182.04032616, -175.37810644, -167.61136817,
       -161.16540947, -156.5039157 , -154.17896457, -154.84977238,
       -294.7576148 , -230.3672999 , -190.55555735, -176.13449582,
       -162.92047599, -151.92308127, -144.43552704, -142.12449302,
       -116.19694104, -110.74287258,  -96.93428523, -115.727011  ,
       -113.74979734, -112.27160551, -111.34518102, -111.02702346,
       -102.30665444, -106.76454544, -110.39416511, -113.39988371,
       -115.94621985, -118.1567377 , -120.12443412, -121.92123742,
       -167.72693353, -149.16366642, -146.14430157, -135.50354594,
       -125.92099159, -117.81604036, -111.67760921, -108.07656412,
       -159.26206508, -146.17061772, -121.85646108, -114.10852095,
       -107.32336099, -101.7407778 ,  -97.63147353,  -95.30164632,
       -108.47570102, -102.2869339 ,  -89.70238248,  -86.74767515,
        -93.93404294, -130.00590604, -128.68714858, -128.32459424,
       -314.92321833, -314.92321852, -314.92321852, -230.55201128,
       -211.03487934, -177.26180316, -143.26182847, -115.78936202,
       -167.85186439, -145.78200561, -120.79049394, -151.14399379,
       -139.65541987, -129.75068108, -122.11941329, -117.58821083,
       -203.65353589, -188.78159398, -166.05428518, -156.05583709,
       -147.4479754 , -140.73284098, -136.5021066 , -135.4549864 ,
       -107.42436376, -109.93368052, -108.90780078, -101.29071395,
       -112.59150471, -111.79195114, -111.34500974, -111.27617327,
       -114.27407697, -104.65804548, -106.38775559,  -98.69287689,
        -97.69669164,  -96.94468567,  -96.45180597,  -96.23363761,
       -141.38986746, -130.0782166 , -133.65353264, -129.80012469,
       -126.69060819, -124.43591945, -123.15729548, -122.98735821,
       -217.16196274, -196.20532514, -170.75883707, -158.0167968 ,
       -146.63708825, -137.28133457, -130.74345287, -127.97904194,
       -336.03462716, -336.03462716, -256.7409144 , -223.90531807,
       -188.37019487, -157.88830214, -130.00158696, -109.48054931,
       -116.48825689, -115.60731846, -114.68711165, -113.72586652,
       -112.72212248, -111.67479249, -110.5832403 , -109.44737729,
       -163.76693794, -149.16509008, -135.22170382, -208.67326225,
       -205.02598128, -203.02637086, -203.10311677, -205.75671315,
       -170.56129132, -162.15350254, -153.51497201, -143.68936649,
       -135.06928669, -128.05370799, -123.103761  , -120.75349359,
                 nan,           nan,           nan,           nan,
                 nan,           nan,           nan,           nan,
       -308.28121822, -308.29692865, -308.29799982, -239.12328924,
       -269.41072433, -299.16900207, -305.72934339, -323.65862789,
       -106.56395433, -106.06280116, -105.51864141, -104.91916904,
       -104.2469016 , -103.47576398, -102.56429   , -101.44041242,
       -190.43459279, -162.84946784, -139.35578977, -168.18861152,
       -156.26309972, -145.77533663, -137.49762105, -132.36615403,
       -150.35877209, -139.65873294, -133.44282146, -125.63341639,
       -118.65257894, -112.72481402, -108.10260321, -105.07034679,
       -308.29799955, -308.29799955, -232.25320236, -193.72369617,
       -190.46702368, -165.34194008, -142.01713932, -124.34508082,
       -145.22451425, -133.27823045, -117.37057944, -143.37968031,
       -135.83954316, -129.46394683, -124.58470892, -121.58154568,
       -170.47334529, -152.215186  , -147.97800169, -188.79848189,
       -181.54631932, -175.8241501 , -172.22816623, -171.47629698,
       -105.8499235 , -103.99204841, -102.13705215, -100.29569838,
        -98.50116923,  -96.82478416,  -95.38831461,  -94.35764464,
       -101.58542464,  -98.53395709,  -95.40569781, -105.37975104,
       -114.97347056, -123.65531199, -131.84332236, -147.80123663,
        -99.11115524, -102.85537784, -106.05841487, -104.2760753 ,
       -105.53908557, -107.2769133 , -107.21846215, -107.18660545,
        212.14093888,  299.75207541,  429.451151  ,  436.80960842,
        442.9192527 ,  447.67468261,  450.96409522,  452.66884204,
        441.06119154,  440.67615828,  439.83748011,  438.28317666,
        435.39908993,  429.18489888,  385.51611801,  230.30136684,
        456.11653114,  455.44998534,  454.68405141,  453.79024064,
        452.72761883,  451.43471855,  449.81382565,  447.69712577,
        450.73222949,  450.08828976,  449.37007273,  448.55950436,
        447.632143  ,  446.55390647,  445.27545801,  443.72193791,
        468.51443249,  468.55461645,  468.59411184,  468.63270594,
        468.67019413,  468.70637649,  468.74105421,  468.77402595,
        467.90064426,  467.84854669,  467.79326389,  467.73398941,
        467.66984231,  467.59984908,  467.52292066,  467.43782316,
        455.25676536,  455.84575157,  456.10872181,  455.96573861,
        455.22190977,  453.33794377,  448.03599654,  290.8949757 ,
        163.11975736,  245.60105452,  320.39854545,  386.48935361,
        435.50591084,  457.63547207,  464.66876615,  468.95380407,
         73.11743164,  195.26955869,  250.39992071,  291.53089949,
        328.34692102,  359.27387886,  382.46362874,  395.73755274,
         70.18927976,  382.02903746,  439.33996161,  446.92766236,
        444.45965255,  435.43496795,  453.43572507,  464.87331528,
        -79.74759363,  -54.63252002,  -33.37139701,  -15.03378333,
          2.15302618,   14.94704165,   25.38786421,   40.55273065,
       -180.3754834 ,   68.34622276,   83.09110532,   81.91887743,
         80.04289954,   78.47941291,   76.74996855,   74.61423752,
         79.33894298,   79.40200193,   79.46557954,   79.52945762,
         79.59344885,   79.65739279,   79.72115241,   79.78461112,
         68.15482612,   64.38206495,  -50.13127285,  -35.2827855 ,
        -21.72875611,   -8.51288313,    4.27148686,   14.22067965,
         69.41782584,   65.73947771,  -44.66535587,  -33.27419373,
        -22.57150095,  -11.3239818 ,   -0.6796763 ,    7.61178632,
       -114.77553642, -110.7747013 , -104.41770229,  -87.37302288,
        -63.88995954,  -38.67132157,  -11.72224614,   26.07510605,
       -160.22150418,  -54.02329026,   31.2714395 ,   44.88433666,
         56.73766235,   66.44227075,   73.55289911,   77.55895415,
       -110.68596468,  -79.77073626,  -43.44211358,  -13.84690894,
         11.23430063,   31.42376208,   58.86195325,   82.0918647 ,
         67.52810347,   66.84724279,   63.7632071 ,  -76.17101687,
        -58.11245817,  -40.51207219,  -24.12102184,   -8.25980063,
        -31.16119027,   -9.22873343,   64.00756262,   65.25130853,
         66.14281023,   66.66218151,   66.788608  ,   66.50029995])
max_GSS_Renorm: nan
