llh_GD_EXP: array([-83.92195702, -83.86972593, -83.85491401, -84.12127987,
       -82.11261801, -84.00850218, -85.07188904, -83.89841144,
       -83.85695054, -84.27269619, -81.28060028, -65.340966  ,
       -79.95630589, -67.38509265, -69.46164175, -72.01924598,
       -64.71888285, -78.49530852, -78.75499812, -80.04352152,
       -90.06186797, -88.67213218, -89.93119122, -73.81702105,
       -88.59783506, -80.84339943, -74.41951394, -77.64086013,
       -77.87362427, -74.66474067, 470.66873076, 470.66905311,
       470.66876925, 470.6689432 , 470.66918991, 470.66910819,
       470.66918545, 470.66651444, 470.65363637, 470.66861011,
        86.36855409,  86.36853167,  86.36328406,  86.36837327,
        86.36856024,  86.35390338,  86.36855254,  86.36856333,
        86.36849976,  86.36625396])
llh_GD_EXP_Renorm_alpha: array([  -86.73347168,   -86.73449596,   -86.71687879,   -86.97145549,
       -3659.99501664,   -87.0273546 ,   -86.8273718 ,   -86.71787241,
         -86.71847698,   -86.72131635,   -88.81817286, -2437.01958799,
       -6165.32751014, -4486.02148692, -4925.63857726, -5329.51384405,
       -3427.24770341, -6034.17611832, -6003.59879177,  -101.27645681,
         -96.80858382,  -102.43507454,  -193.52894998, -2734.49466241,
        -102.19533696, -4662.91410073, -2595.83834123, -4032.33353487,
       -3586.59651409, -2740.40686199,   469.88482826,   469.88782231,
         469.89524982,   469.89031962,   469.89326078,   469.89778121,
         469.8919276 ,   469.86915963,   469.94708008,   469.88558549,
          83.80098323,    83.80808108,    83.89745982,    83.78315074,
          83.80874505,    83.88689849,    83.80520655,    83.80501599,
          83.7944004 ,    83.84385828])
llh_GD_EXP_Renorm_beta: array([  -87.71621147,   -88.18225139,   -87.78086467,   -90.67994095,
       -5281.68509884,   -87.31259276,   -91.88909562,   -87.55657263,
         -87.68109921,   -87.19031275,   -92.16554527, -5705.57675734,
       -5767.66358704, -5939.11117863, -6036.91292864, -6100.23400393,
       -5832.98397206, -6165.32751014, -6165.32751014,  -115.64586912,
         -97.10188355,  -105.62980014,  -236.88323023, -4665.5511949 ,
        -106.12456043, -5228.35046246, -4660.22802127, -5130.68632865,
       -5162.26770302, -4630.82402218,   469.96150215,   469.96325848,
         469.96503187,   469.96346557,   469.96450031,   469.96530096,
         469.96417395,   469.96073781,   469.9638358 ,   469.96257321,
          84.25110226,    84.2545726 ,    84.28310981,    84.24264767,
          84.25387563,    84.31077215,    84.25200632,    84.25232888,
          84.24990984,    84.25875966])
llh_GD_EXP_Renorm_alphabeta: array([  -87.4826533 ,   -87.28072608,   -87.10999371,   -86.97010607,
         -86.86080795,   -86.78194566,   -87.83102571,   -87.52929802,
         -87.27606433,   -87.07048828,   -86.91193434,   -86.79999265,
         -87.48642282,   -87.24044669,   -87.04212667,   -86.89085942,
         -86.78627157,   -86.72823554,   -89.85984521,   -89.14146157,
         -88.52179789,   -87.99775019,   -87.56633697,   -87.22493026,
       -5212.56302117, -5144.9256037 , -5043.68101791, -4652.48703703,
       -4181.9211761 , -3996.36114448,   -87.05543672,   -86.87057499,
         -86.75731958,   -86.71556477,   -86.74580984,   -86.84916601,
         -90.27824571,   -88.98707703,   -87.99971766,   -87.29981553,
         -86.87430644,   -86.71643028,   -87.34383439,   -87.16254524,
         -87.01232355,   -86.89288059,   -86.80402802,   -86.74568317,
         -87.41001952,   -87.18427854,   -87.0031869 ,   -86.86624391,
         -86.77315614,   -86.72384964,   -87.05125274,   -86.93636241,
         -86.84548708,   -86.77853584,   -86.73548382,   -86.71637368,
         -91.5501664 ,   -90.98399233,   -90.46485765,   -89.9906776 ,
         -89.5594455 ,   -89.16923002, -5494.00510196, -5160.30534672,
       -4723.49194544, -4144.14337498, -3697.16264608, -3050.41920974,
       -5932.51100072, -6001.28674823, -6067.5939688 , -6101.2265278 ,
       -6132.68843931, -6165.32751014, -5899.10535276, -5705.37020315,
       -5532.17362745, -5330.31288528, -5156.30387717, -4858.75413105,
       -6000.46555157, -5931.51720706, -5832.99317679, -5600.45810176,
       -5396.3713019 , -5191.00160418, -6033.16448665, -5969.02221475,
       -5931.33737654, -5864.26131395, -5667.55331462, -5498.40493204,
       -5569.40743828, -5362.16398993, -5154.9361176 , -4758.72883343,
       -4253.07655543, -3901.87607239, -6165.32751014, -6165.32751014,
       -6165.32751014, -6165.32751014, -6165.32751014, -6132.494437  ,
       -6165.32751014, -6165.32751014, -6165.32751014, -6165.32751014,
       -6165.32751014, -6100.12117548,  -113.17617703,  -110.8502544 ,
        -108.6659218 ,  -106.62024386,  -104.7096217 ,  -102.92989597,
         -97.05877773,   -97.01607682,   -96.97377903,   -96.93188259,
         -96.89038574,   -96.84928672,  -105.12967352,  -104.64453201,
        -104.17413622,  -103.71824209,  -103.27660167,  -102.84896374,
        -231.23129478,  -225.35681985,  -219.28131163,  -213.03007992,
        -206.63211223,  -200.11986256, -4623.74181584, -4332.37738312,
       -3934.00164227, -3621.54225055, -3317.09557239, -3105.39103646,
        -105.49751971,  -104.89312174,  -104.31093549,  -103.75051878,
        -103.2114202 ,  -102.693181  , -5228.35046246, -5164.4196661 ,
       -5162.17642286, -5128.92440568, -4872.78275468, -4765.46987748,
       -4495.09403674, -4196.24215997, -3696.08216359, -3453.44132926,
       -3141.9505965 , -2741.38883853, -4973.31004978, -4834.90406881,
       -4762.71993991, -4661.01871037, -4592.35814024, -4361.7755442 ,
       -5097.76623075, -4835.00836345, -4729.72666908, -4625.10787861,
       -4363.40517585, -3931.08805298, -4496.47916656, -4264.53363202,
       -3865.5422553 , -3590.02528316, -3316.68092939, -3107.6868591 ,
         469.95573021,   469.94823667,   469.93901821,   469.9280715 ,
         469.91539319,   469.90097991,   469.95796916,   469.95085679,
         469.94191777,   469.93114848,   469.91854526,   469.90410444,
         469.96055194,   469.95424839,   469.94611764,   469.93615607,
         469.92436002,   469.91072584,   469.95834912,   469.95146079,
         469.94279715,   469.93235472,   469.92013001,   469.90611949,
         469.95977732,   469.95324228,   469.94489163,   469.93472178,
         469.92272912,   469.90891001,   469.96102013,   469.95495684,
         469.94710763,   469.937469  ,   469.92603742,   469.91280935,
         469.95930227,   469.95262016,   469.94412405,   469.93381036,
         469.92167548,   469.90771578,   469.9539777 ,   469.94511759,
         469.93415301,   469.92107948,   469.90589245,   469.88858737,
         469.96709982,   469.96848416,   469.96798512,   469.96559896,
         469.96132192,   469.95515023,   469.95702844,   469.94967183,
         469.94049982,   469.92950881,   469.91669519,   469.90205531,
          84.20819406,    84.15820666,    84.10110719,    84.03686425,
          83.96544795,    83.88682989,    84.21223112,    84.16279469,
          84.10623019,    84.04250596,    83.97159186,    83.89345926,
          84.24783766,    84.20600771,    84.15758922,    84.10255272,
          84.04087003,    83.97251426,    84.19833949,    84.14697141,
          84.08851104,    84.02292746,    83.95019125,    83.87027447,
          84.21157409,    84.1622285 ,    84.10580611,    84.04227564,
          83.97160725,    83.89377266,    84.2766372 ,    84.23377377,
          84.18213301,    84.1216683 ,    84.05233529,    83.97409193,
          84.20942112,    84.15980665,    84.10313034,    84.03936107,
          83.9684692 ,    83.89042657,    84.20973316,    84.16008748,
          84.10335913,    84.03951683,    83.9685308 ,    83.89037278,
          84.20650055,    84.15592326,    84.09814455,    84.03313252,
          83.96085676,    83.88128848,    84.21911475,    84.17297432,
          84.12030908,    84.061091  ,    83.9952933 ,    83.92289046])
max_EXP_Renorm: 469.9684841583593
llh_GD_PWL: array([-86.60781888, -86.39269682,          nan,          nan,
       -86.74459091, -86.15074528, -85.4580522 , -86.85628609,
       -85.6143813 , -86.08042078,          nan,          nan,
       -67.15419964,          nan, -70.010306  ,          nan,
       -68.2551987 , -71.25275364,          nan, -75.68114563,
       -90.17440639, -81.59539129, -83.19438558,          nan,
       -78.41405899, -76.37139008,          nan, -81.66745767,
       -78.81741405, -80.80323702,          nan, 441.64104176,
       464.11642335, 431.92543749, 448.00278238, 402.13617811,
                nan,          nan, 462.66226306, 461.55682258,
        82.13411027,          nan,          nan,  83.83251205,
        83.90729334,          nan,  84.17804958,  84.06698789,
        84.29644875,          nan])
llh_GD_PWL_Renorm_K: array([ -541.96457202,  -315.91469345,            nan,            nan,
        -881.44049965,  -107.36146909, -5085.55398768,   -95.37345572,
         -89.47469761,  -183.15559244,            nan,            nan,
       -3056.42932389,            nan, -1955.4391234 ,            nan,
       -6001.74054049, -3468.29212776,            nan, -2269.67430487,
       -4117.60469077, -3923.58291644, -4940.81125852,            nan,
       -3264.04062184, -2534.90557542,            nan, -4507.55641246,
       -3012.33367007, -4942.43174691,            nan,   -88.1491853 ,
         202.81728519,   315.59105018,    70.05755143,   217.12212907,
                  nan,            nan,   150.01138026,    85.24351664,
          77.68705356,            nan,            nan,    71.47892527,
          56.84626122,            nan,    55.97353025,    59.76927197,
          51.27537173,            nan])
llh_GD_PWL_Renorm_c: array([ -113.85252325,  -106.81604913,            nan,            nan,
        -114.83932418,   -98.18252026, -4069.59108617,  -115.66154183,
         -96.64448682,   -98.44046281,            nan,            nan,
       -3436.29323571,            nan, -3160.66797181,            nan,
       -5248.48724224, -4377.10320932,            nan, -4099.0186544 ,
        -135.10752832, -4775.23574398, -5138.47112028,            nan,
       -4472.3606826 , -3347.97214124,            nan, -5003.05651673,
       -3985.28351304, -5037.31377208,            nan,    35.40069889,
         308.70376742,   346.5770705 ,   190.97285193,   266.78676155,
                  nan,            nan,   281.72213941,   220.43409078,
          78.2296429 ,            nan,            nan,    78.81307784,
          71.58150315,            nan,    71.68017333,    72.83533047,
          69.56030852,            nan])
lllh_GD_PWL_Renorm_p: array([-1.00301675e+02, -9.38101980e+01,             nan,             nan,
       -1.06179488e+02, -9.17879026e+01, -5.31587468e+03, -9.92526125e+01,
       -8.99929191e+01, -9.44081711e+01,             nan,             nan,
       -4.42350487e+03,             nan, -5.67641148e+03,             nan,
       -6.03406519e+03, -6.00419611e+03,             nan, -1.90399636e+03,
       -1.52323770e+02, -2.37362990e+03, -3.47375153e+03,             nan,
       -5.20034402e+03, -5.10162673e+03,             nan, -2.65398388e+03,
       -5.10175241e+03, -3.50995180e+03,             nan, -3.79573040e+05,
        1.69943683e+02,  3.17794048e+02, -1.22458003e+03,  7.26346905e+01,
                   nan,             nan,  1.14981774e+02,  3.75927257e+02,
        7.70700356e+01,             nan,             nan,  6.69958438e+01,
        5.68472561e+01,             nan,  5.38007275e+01,  5.59997568e+01,
        4.71347080e+01,             nan])
llh_GD_PWL_Renorm_Kc: array([ -244.6980103 ,  -264.02161017,  -296.33357035,  -342.4960551 ,
        -401.568328  ,  -470.16687449,  -158.02951654,  -166.91978405,
        -182.82946867,  -206.00694482,  -236.34594983,  -273.32301566,
                  nan,            nan,            nan,            nan,
                  nan,            nan,            nan,            nan,
                  nan,            nan,            nan,            nan,
        -404.96773065,  -454.45003884,  -522.3424171 ,  -608.79657927,
        -709.01908064,  -808.76797168,   -96.93676825,   -96.03751435,
         -96.11572246,   -97.22999408,   -99.43811797,  -102.79683246,
       -4300.22109451, -4497.91753653, -4630.75790065, -4824.58691886,
       -4889.63369421, -5019.03454535,  -113.54708305,  -109.91575698,
        -106.50026476,  -103.31912638,  -100.39128826,   -97.73612756,
         -94.82807011,   -93.38873658,   -92.15617352,   -91.13936871,
         -90.34739897,   -89.78942709,  -113.87225955,  -118.05502861,
        -125.10170664,  -135.10669628,  -148.12360675,  -164.15767697,
                  nan,            nan,            nan,            nan,
                  nan,            nan,            nan,            nan,
                  nan,            nan,            nan,            nan,
       -3439.09705635, -3369.96222687, -3270.35929239, -3167.9421751 ,
       -3159.31154834, -3095.52177696,            nan,            nan,
                  nan,            nan,            nan,            nan,
       -3263.48258329, -3093.09901056, -2893.76484078, -2717.80978738,
       -2454.19465779, -2283.6643581 ,            nan,            nan,
                  nan,            nan,            nan,            nan,
       -5408.61935233, -5508.57626049, -5579.90181931, -5743.85189555,
       -5874.47679067, -5939.73617373, -4438.97069738, -4275.91766489,
       -4016.46760001, -3937.5031918 , -3807.92782378, -3637.34654812,
                  nan,            nan,            nan,            nan,
                  nan,            nan, -4877.57772668, -4460.64573577,
       -4157.73065576, -3667.8653798 , -3326.36934096, -2746.30197542,
        -308.29575407,  -308.24341065,  -306.9798857 ,  -280.69119465,
        -122.91573057,  -594.31122783, -4776.01393621, -4705.01966433,
       -4639.93973593, -4602.34755852, -4474.98795672, -4126.60728249,
       -5135.04170063, -5101.47438579, -5068.77445097, -5036.41571082,
       -5033.55859009, -5032.03888759,            nan,            nan,
                  nan,            nan,            nan,            nan,
       -4414.06151725, -4161.06120381, -3994.34196561, -3853.96595826,
       -3655.15781947, -3517.66503315, -3373.9743754 , -3146.5629723 ,
       -3072.61835113, -2969.86428016, -2867.24300455, -2645.92500594,
                  nan,            nan,            nan,            nan,
                  nan,            nan, -4970.85318217, -4809.94491408,
       -4711.17405388, -4676.21498973, -4637.72911677, -4602.42748925,
       -3987.07188612, -3790.96104842, -3621.22042113, -3486.89793004,
       -3256.1937739 , -3147.85136005, -5035.71190616, -5034.366627  ,
       -5033.43054375, -5032.68890516, -5032.06888212, -5031.53472809,
                  nan,            nan,            nan,            nan,
                  nan,            nan,   157.80013562,   114.19676108,
          71.11798277,    29.00410385,   -11.77312736,   -50.90638106,
         341.20664062,   319.78170241,   297.50848652,   274.53874784,
         251.01391953,   227.06582291,   351.37734365,   345.62026062,
         339.77510709,   333.84580237,   327.83619019,   321.75004031,
         253.87829352,   223.60453856,   192.90774768,   162.01125097,
         131.11794044,   100.4115215 ,   269.57049896,   261.04411589,
         252.42027202,   243.70774332,   234.91505824,   226.05050342,
                  nan,            nan,            nan,            nan,
                  nan,            nan,            nan,            nan,
                  nan,            nan,            nan,            nan,
         333.97328014,   305.47611764,   275.71965852,   245.01970325,
         213.66411246,   181.91514281,   289.46619116,   256.53325552,
         222.73662367,   188.41720105,   153.88240367,   119.40867471,
          78.16861334,    78.08992   ,    78.01059803,    77.93064891,
          77.85007414,    77.7688752 ,            nan,            nan,
                  nan,            nan,            nan,            nan,
                  nan,            nan,            nan,            nan,
                  nan,            nan,    78.47653222,    77.50149096,
          76.44710885,    75.3155552 ,    74.10895684,    72.82939886,
          72.02742531,    69.92069723,    67.6337987 ,    65.17501398,
          62.55236265,    59.77360732,            nan,            nan,
                  nan,            nan,            nan,            nan,
          72.05840373,    69.81359997,    67.38288574,    64.7751087 ,
          61.99882315,    59.06229896,    72.85763249,    70.99078822,
          68.99120468,    66.86418163,    64.61487057,    62.24827858,
          70.18053049,    67.51905282,    64.64738761,    61.57666273,
          58.31759802,    54.88051923,            nan,            nan,
                  nan,            nan,            nan,            nan])
llh_GD_PWL_Renorm_Kp: array([-9.34405364e+01, -1.03890192e+02, -1.37703355e+02, -1.99967534e+02,
       -2.92452643e+02, -4.10640753e+02, -9.52118508e+01, -1.07519171e+02,
       -1.31844703e+02, -1.67913860e+02, -2.13561144e+02, -2.64675939e+02,
                   nan,             nan,             nan,             nan,
                   nan,             nan,             nan,             nan,
                   nan,             nan,             nan,             nan,
       -9.40569366e+01, -1.04540434e+02, -1.49581885e+02, -2.42768623e+02,
       -3.96108188e+02, -6.13372679e+02, -9.30619875e+01, -9.49169810e+01,
       -9.71731170e+01, -9.96664594e+01, -1.02259596e+02, -1.04847963e+02,
       -5.37793768e+03, -5.37825084e+03, -5.37867647e+03, -5.37930750e+03,
       -5.38047768e+03, -5.41229511e+03, -9.83972457e+01, -9.76584614e+01,
       -9.70255748e+01, -9.64889264e+01, -9.60397999e+01, -9.56703375e+01,
       -8.97608459e+01, -8.95908674e+01, -8.94765958e+01, -8.94124213e+01,
       -8.93934493e+01, -8.94154321e+01, -9.99388334e+01, -1.09218238e+02,
       -1.21630762e+02, -1.36283257e+02, -1.52114890e+02, -1.68049944e+02,
                   nan,             nan,             nan,             nan,
                   nan,             nan,             nan,             nan,
                   nan,             nan,             nan,             nan,
       -4.80154612e+03, -4.93272543e+03, -5.08651925e+03, -5.11875246e+03,
       -5.15079050e+03, -5.09325166e+03,             nan,             nan,
                   nan,             nan,             nan,             nan,
       -5.31330076e+03, -4.78622557e+03, -4.05891882e+03, -3.58567340e+03,
       -3.83541707e+03, -3.91013303e+03,             nan,             nan,
                   nan,             nan,             nan,             nan,
       -6.06615129e+03, -6.06711273e+03, -6.06883603e+03, -6.10214497e+03,
       -6.16532751e+03, -6.16532751e+03, -5.65147991e+03, -5.40465542e+03,
       -4.97613125e+03, -4.44136656e+03, -3.93859275e+03, -3.54521662e+03,
                   nan,             nan,             nan,             nan,
                   nan,             nan, -1.94392787e+03, -2.01629072e+03,
       -2.14079204e+03, -2.11853350e+03, -2.12672603e+03, -2.14089423e+03,
       -1.12656327e+02, -9.68831421e+01, -1.39146125e+02, -3.04751070e+02,
       -7.29140369e+02, -1.72285202e+03, -2.48407744e+03, -2.60766851e+03,
       -2.93121773e+03, -3.10577287e+03, -3.28940980e+03, -3.59100161e+03,
       -3.74855846e+03, -4.11951609e+03, -4.50521028e+03, -4.63589252e+03,
       -4.67505704e+03, -4.77680585e+03,             nan,             nan,
                   nan,             nan,             nan,             nan,
       -5.03256986e+03, -4.70303289e+03, -4.50383672e+03, -3.82313848e+03,
       -3.41162181e+03, -3.03939555e+03, -5.00285204e+03, -4.71363979e+03,
       -4.57497526e+03, -4.10630158e+03, -3.86472744e+03, -4.48511196e+03,
                   nan,             nan,             nan,             nan,
                   nan,             nan, -2.86175719e+03, -3.04177467e+03,
       -3.25493955e+03, -3.51766754e+03, -3.79500687e+03, -4.09526476e+03,
       -4.80720461e+03, -4.63153108e+03, -3.95208580e+03, -3.44369118e+03,
       -3.03599331e+03, -2.63770734e+03, -4.04635683e+03, -4.47677770e+03,
       -4.63521311e+03, -4.67095988e+03, -4.70921967e+03, -4.80940878e+03,
                   nan,             nan,             nan,             nan,
                   nan,             nan, -1.83783904e+04, -3.84314761e+02,
        4.24700463e+02,  2.64026485e+02,  1.09344774e+02, -4.00567071e+00,
        1.78652919e+02,  1.86135814e+02,  1.92343054e+02,  1.97205999e+02,
        2.00640439e+02,  2.02548803e+02,  3.17825040e+02,  3.17747424e+02,
        3.17557400e+02,  3.17251001e+02,  3.16824076e+02,  3.16272277e+02,
        3.40790722e+02,  4.52243766e+02,  3.73753905e+02,  2.79195665e+02,
        1.93276300e+02,  1.18437528e+02,  5.53576258e+01,  3.81995148e+01,
        2.11866363e+01,  4.34543517e+00, -1.22980303e+01, -2.87184837e+01,
                   nan,             nan,             nan,             nan,
                   nan,             nan,             nan,             nan,
                   nan,             nan,             nan,             nan,
        1.23193780e+02,  1.30647593e+02,  1.37194785e+02,  1.42648432e+02,
        1.46782179e+02,  1.49334341e+02,  2.53883778e+02,  1.50233283e+02,
        6.54562160e+01,  4.55136161e+01,  6.97524242e+01,  8.05920468e+01,
        7.71744249e+01,  7.72730642e+01,  7.73661686e+01,  7.74539383e+01,
        7.75365606e+01,  7.76142108e+01,             nan,             nan,
                   nan,             nan,             nan,             nan,
                   nan,             nan,             nan,             nan,
                   nan,             nan,  6.82825612e+01,  6.93282929e+01,
        7.01514362e+01,  7.07668106e+01,  7.11866022e+01,  7.14210462e+01,
        5.72721188e+01,  5.75678806e+01,  5.77272306e+01,  5.77426126e+01,
        5.76062437e+01,  5.73101559e+01,             nan,             nan,
                   nan,             nan,             nan,             nan,
        5.46855960e+01,  5.53924643e+01,  5.59133866e+01,  5.62402718e+01,
        5.63648622e+01,  5.62787638e+01,  5.71736040e+01,  5.81364355e+01,
        5.88881475e+01,  5.94282597e+01,  5.97559337e+01,  5.98700409e+01,
        4.84667260e+01,  4.95681146e+01,  5.04293192e+01,  5.10406997e+01,
        5.13923624e+01,  5.14740867e+01,             nan,             nan,
                   nan,             nan,             nan,             nan])
max_PWL_Renorm: nan
llh_GD_QEXP: array([2192.91354094, 2085.99445665, 2084.67236528, 2087.5905309 ,
       2087.71997537, 2084.26791828, 2084.35615024, 2084.50663394,
       2084.80882004, 2193.15944365, 2392.49637696, 2390.67410426,
       2393.17610717, 2513.29664992, 2513.35081369, 2513.43006068,
       2393.96757417, 2391.01738897, 2391.99996781, 2393.04287333,
       1996.11222239, 1995.16021799, 1993.79139448, 1996.1801402 ,
       1993.80549527, 1996.05483402, 1996.04216385, 2097.54130949,
       1993.88162726, 1993.56153234, 8697.09100789, 8344.66350457,
       8695.50957053, 8342.70896423, 8694.19078756, 8694.24195895,
       8695.86177236, 8695.78349058, 8695.79580347, 8342.60913818,
       3462.38517618, 3462.35585161, 3621.4213125 , 3462.2074895 ,
       3620.57564489, 3621.04419436, 3621.57338136, 3462.7518871 ,
       3620.02600934, 3462.68721068])
llh_GD_QEXP_Renorm_a: array([ 339.95898485,  339.57356742,  339.57765028,  339.67425896,
        339.68038252,  339.57586574,  339.57982984,  339.58316189,
        339.58016458,  339.95734561,  405.88333826,  405.87768732,
        405.87732961,  406.3081696 ,  406.30538357,  406.30312242,
        405.95111231,  405.8837834 ,  405.91364583,  405.87781414,
        320.217797  ,  320.15739472,  320.15936265,  320.25874342,
        320.16238388,  320.25374132,  320.25483541,  320.52965959,
        320.16266181,  320.16172794, 1778.65307687, 1778.32407717,
       1778.72658416, 1778.33544763, 1778.65310735, 1778.68216393,
       1778.7655205 , 1778.73648955, 1778.79022948, 1778.33837442,
        611.22812994,  611.22789804,  611.46931191,  611.22009521,
        611.46840108,  611.46772371,  611.49181887,  611.24278451,
        611.46844674,  611.22808087])
lllh_GD_QEXP_Renorm_q: array([2182.77927958, 2076.95620123, 2075.63719185, 2078.43889275,
       2078.55782514, 2075.24159674, 2075.31677345, 2075.45993876,
       2075.76793191, 2183.0204862 , 2383.70160302, 2381.90165304,
       2384.38304483, 2503.39506236, 2503.41189988, 2503.51420731,
       2385.09444918, 2382.23020639, 2383.18043038, 2384.25801089,
       1986.93954148, 1986.05948285, 1984.69166283, 1986.95663302,
       1984.7029128 , 1986.83985583, 1986.83067733, 2087.36250941,
       1984.77883441, 1984.46228234, 8688.15012024, 8336.72321906,
       8686.56565969, 8334.79048371, 8685.32162108, 8685.34283125,
       8686.80419637, 8686.75611415, 8686.71290035, 8334.68742144,
       3452.90837559, 3452.89913952, 3611.00828398, 3452.75817832,
       3610.18731764, 3610.66055674, 3611.16876728, 3453.28182269,
       3609.63853702, 3453.21176699])
llh_GD_QEXP_Renorm_aq: array([1918.98912963, 1655.19938485, 1391.41202232, 1127.63864884,
        863.94705811,  600.7236575 , 1828.28366826, 1579.61165543,
       1330.94248366, 1082.28877529,  833.7186143 ,  585.58832002,
       1827.15309007, 1578.66951283, 1330.18879586, 1081.7236216 ,
        833.34228865,  585.40167702, 1829.55455474, 1580.67076596,
       1331.78995569, 1082.9252538 ,  834.14709954,  585.82257607,
       1829.65649725, 1580.75572027, 1331.8579298 , 1082.97628554,
        834.18136697,  585.84090886, 1826.81400866, 1578.38694545,
       1329.9627437 , 1081.55408734,  833.22926491,  585.3449986 ,
       1826.87844615, 1578.44064484, 1330.00571031, 1081.58634615,
        833.25093257,  585.35661432, 1827.00115947, 1578.54290694,
       1330.08752486, 1081.64773104,  833.29197583,  585.37775199,
       1827.26515312, 1578.76289938, 1330.26350846, 1081.77967287,
        833.37974219,  585.42085696, 1919.19587796, 1655.37167413,
       1391.54984881, 1127.74199525,  864.01584979,  600.75761549,
       2100.60750683, 1817.51400241, 1534.42374428, 1251.35123768,
        968.37508449,  685.90777571, 2099.0646933 , 1816.22832774,
       1533.39521804, 1250.5798911 ,  967.86096875,  685.65049631,
       2101.19159883, 1818.00074117, 1534.81311427, 1251.64317156,
        968.56930861,  686.00330439, 2203.20185998, 1903.00911222,
       1602.81905542, 1302.64490719, 1002.56437048,  703.02238643,
       2203.216292  , 1903.02113815, 1602.82867227, 1302.65209957,
       1002.56906136,  703.02420108, 2203.30398393, 1903.09421395,
       1602.88712877, 1302.69592121, 1002.59817454,  703.03827939,
       2101.80137977, 1818.50891984, 1535.21979121, 1251.94882054,
        968.77613767,  686.12142707, 2099.34631076, 1816.46301045,
       1533.5829717 , 1250.72074466,  967.95507125,  685.69862562,
       2100.16079037, 1817.14175277, 1534.12601107, 1251.12824789,
        968.22785034,  685.84063243, 2101.08442701, 1817.9114319 ,
       1534.7416695 , 1251.58959942,  968.53364001,  685.98563411,
       1748.37759761, 1509.81616611, 1271.25751734, 1032.71393485,
        794.25136802,  556.21379047, 1747.62325677, 1509.18752548,
       1270.75449404, 1032.33614079,  793.99700104,  556.07459425,
       1746.45084072, 1508.21051719, 1269.97290986, 1031.75004645,
        793.6066272 ,  555.88050575, 1748.39225117, 1509.8283949 ,
       1271.26738299, 1032.7217217 ,  794.25836679,  556.22571697,
       1746.46048382, 1508.21855439, 1269.97934566, 1031.75490162,
        793.60999626,  555.8828091 , 1748.29215607, 1509.74498056,
       1271.20064305, 1032.67162596,  794.2247722 ,  556.20795029,
       1748.28428889, 1509.73842507, 1271.195401  , 1032.66770533,
        794.22220867,  556.20689866, 1834.45439013, 1581.54665802,
       1328.64119851, 1075.74906097,  822.93467391,  570.56481841,
       1746.52555946, 1508.27278397, 1270.02272887, 1031.78743751,
        793.6316843 ,  555.8936721 , 1746.25422924, 1508.04667604,
       1269.84184489, 1031.651783  ,  793.54126862,  555.8484316 ,
       7698.93719629, 6709.72508161, 5720.51860556, 4731.35137244,
       3742.45534464, 2755.35946115, 7397.71423633, 6458.7064865 ,
       5519.70655134, 4580.75607044, 3642.11586701, 2705.33885074,
       7697.57908891, 6708.59333573, 5719.61327163, 4730.67274974,
       3742.00515437, 2755.1471249 , 7396.05760713, 6457.32596817,
       5518.6021683 , 4579.92794324, 3641.56453921, 2705.06633963,
       7696.51276909, 6707.70472937, 5718.9023447 , 4730.13928593,
       3741.64778683, 2754.95729289, 7696.53094974, 6707.71988312,
       5718.91448778, 4730.14851785, 3741.65470771, 2754.96543245,
       7697.78354954, 6708.76372358, 5719.74960711, 4730.77515941,
       3742.07441356, 2755.18789331, 7697.74233571, 6708.72937557,
       5719.72210896, 4730.75441295, 3742.05982448, 2755.17594811,
       7697.70529627, 6708.69851537, 5719.69745831, 4730.73615738,
       3742.04908037, 2755.17925854, 7395.96926817, 6457.2523531 ,
       5518.54328027, 4579.88379893, 3641.53522355, 2705.05225798,
       3046.08989318, 2639.27201498, 2232.4577784 , 1825.66546164,
       1419.00437528, 1013.10799514, 3046.08197654, 2639.26541775,
       2232.45250041, 1825.66150203, 1419.00172905, 1013.10663392,
       3181.60405197, 2752.20023036, 2322.79911767, 1893.41587166,
       1464.14997332, 1035.63640891, 3045.96115237, 2639.16472938,
       2232.3719412 , 1825.60103631, 1418.96116677, 1013.08497469,
       3180.90036674, 2751.61382711, 2322.33000085, 1893.0640619 ,
       1463.91554833, 1035.51948701, 3181.3060001 , 2751.9518541 ,
       2322.60041804, 1893.26685252, 1464.05063998, 1035.5866596 ,
       3181.74160961, 2752.31486485, 2322.89084383, 1893.48477591,
       1464.19655244, 1035.66345903, 3046.40999117, 2639.53876599,
       2232.67119396, 1825.82560473, 1419.1115882 , 1013.16412699,
       3180.42998351, 2751.22184193, 2322.01641715, 1892.82889615,
       1463.75886753, 1035.44145293, 3046.3499428 , 2639.4887223 ,
       2232.63114085, 1825.79546807, 1419.09098459, 1013.15111977])
max_QEXP_Renorm: 8688.150120236074
llh_GD_RAY: array([-80.94160866, -80.942704  ,          nan, -80.94749154,
       -84.48696065,          nan, -81.02062246, -83.92710439,
       -81.12336654, -80.94998167, -78.97814212,          nan,
       -78.94602578, -78.94528407, -79.17977559, -78.95821993,
       -79.33705876, -79.19320532,          nan, -78.95098743,
                nan, -89.99812426, -90.00831754, -90.05871954,
                nan, -90.04324169, -88.32525058, -89.99319761,
       -90.01056101, -87.00263819, 470.84153762,          nan,
                nan, 470.88875843, 470.87450921, 470.74935235,
       470.88697676,          nan, 470.87037196, 470.8893382 ,
                nan,  87.02766705,  86.98074984,          nan,
        87.0060511 ,  86.97353431,  86.95915556,          nan,
        87.02165517,  86.98542011])
llh_GD_RAY_Renorm_gamma: array([  -83.55788552,   -83.55888051,            nan,   -83.51473842,
         -98.21295116,            nan,   -83.60616928,   -94.95828751,
         -83.47142652,   -83.57891792,   -94.24489475,            nan,
         -94.47084868,   -94.23066839,   -99.39276122,   -95.93767415,
        -103.07379988,  -101.84899805,            nan,   -95.21584493,
                  nan, -4724.89531488, -4758.54020686, -4831.07166257,
                  nan, -4762.63299023,  -380.12611568, -4723.26346713,
       -4758.5506541 , -2380.69524411,   467.81841359,            nan,
                  nan,   467.79954348,   467.81746069,   467.80411498,
         467.79770772,            nan,   467.81757774,   467.79315284,
                  nan,    80.40954986,    81.19849909,            nan,
          81.04978033,    81.23389727,    81.29943694,            nan,
          80.85954907,    79.95120748])
llh_GD_RAY_Renorm_eta: array([  -83.53082793,   -83.52344251,            nan,   -83.55632743,
         -86.23623359,            nan,   -83.55715478,   -85.86050386,
         -83.88400656,   -83.52571017,   -87.25225595,            nan,
         -87.50658151,   -87.48687491,   -89.11421709,   -87.71515205,
         -89.8759995 ,   -89.12314271,            nan,   -87.64101993,
                  nan, -5228.35046246, -5228.35046246, -5228.35046246,
                  nan, -5228.35046246,  -250.62100587, -5228.35046246,
       -5228.35046246, -4258.74442355,   467.65443596,            nan,
                  nan,   467.76975512,   467.7196203 ,   467.53133458,
         467.77489123,            nan,   467.71454608,   467.77912502,
                  nan,    81.3227222 ,    81.77492494,            nan,
          81.68686868,    81.80200555,    81.84460936,            nan,
          81.58862359,    81.01718302])
llh_GD_RAY_Renorm_gammaeta: array([  -83.50108336,   -83.48077379,   -83.47087048,   -83.47244252,
         -83.48664437,   -83.51470017,   -83.49639071,   -83.47840351,
         -83.47038689,   -83.47333218,   -83.4883049 ,   -83.51643092,
                  nan,            nan,            nan,            nan,
                  nan,            nan,   -83.52200259,   -83.49570491,
         -83.47821226,   -83.4703902 ,   -83.47318429,   -83.48760968,
         -87.25787671,   -88.47331984,   -89.89788726,   -91.55289574,
         -93.46674282,   -95.67400002,            nan,            nan,
                  nan,            nan,            nan,            nan,
         -83.51450866,   -83.48525995,   -83.47109904,   -83.47393843,
         -83.49588059,   -83.53917542,   -86.67422497,   -87.63061367,
         -88.73811153,   -90.00779523,   -91.45445959,   -93.09707063,
         -83.78955279,   -83.70516143,   -83.63159577,   -83.56990877,
         -83.52146909,   -83.48797098,   -83.49656031,   -83.47767191,
         -83.47013965,   -83.47516694,   -83.4940503 ,   -83.52816004,
         -87.540513  ,   -87.95834498,   -88.57836527,   -89.47715333,
         -90.70899984,   -92.29422881,            nan,            nan,
                  nan,            nan,            nan,            nan,
         -87.85436637,   -88.34776903,   -89.04158445,   -89.98211722,
         -91.19474368,   -92.68701398,   -87.82338492,   -88.29912404,
         -88.96758942,   -89.87534493,   -91.04930884,   -92.49789569,
         -89.92222519,   -90.92910105,   -92.14000803,   -93.55907105,
         -95.20401952,   -97.12105006,   -88.15499276,   -88.77981664,
         -89.64215495,   -90.77603135,   -92.19359336,   -93.90239158,
         -90.92804354,   -92.20516996,   -93.712552  ,   -95.47287864,
         -97.5448079 ,  -100.03134508,   -90.05094257,   -91.23276413,
         -92.67482644,   -94.38774233,   -96.41397576,   -98.84999169,
                  nan,            nan,            nan,            nan,
                  nan,            nan,   -88.04067512,   -88.6062514 ,
         -89.38971263,   -90.42879748,   -91.73980734,   -93.32830396,
                  nan,            nan,            nan,            nan,
                  nan,            nan, -5228.35046246, -5196.24060407,
       -5161.73142116, -5101.38332186, -5031.00189751, -4828.7151638 ,
       -5228.35046246, -5196.59499467, -5161.97080582, -5128.85606905,
       -5061.14323119, -4864.65156498, -5228.35046246, -5228.35046246,
       -5163.51507472, -5161.47093866, -5096.8099439 , -5060.3648178 ,
                  nan,            nan,            nan,            nan,
                  nan,            nan, -5228.35046246, -5228.35046246,
       -5167.93287512, -5161.58846867, -5095.99226003, -4935.77689258,
        -230.97010672,  -207.83099982,  -182.46821353,  -158.23364995,
        -144.44155477,  -172.23845211, -5228.35046246, -5164.40253676,
       -5161.50945286, -5096.08727085, -4997.17340815, -4795.63585949,
       -5228.35046246, -5196.3719348 , -5161.89794659, -5128.7262875 ,
       -5061.06384422, -4864.44812864, -3948.07449931, -3608.4086234 ,
       -3273.39872524, -3125.19430902, -2721.44574069, -2580.77887786,
         467.69607008,   467.73182603,   467.76158913,   467.78524447,
         467.80267699,   467.81377166,            nan,            nan,
                  nan,            nan,            nan,            nan,
                  nan,            nan,            nan,            nan,
                  nan,            nan,   467.78949985,   467.80421953,
         467.81383119,   467.81825196,   467.81739916,   467.81119035,
         467.74798293,   467.77168013,   467.79063408,   467.8047669 ,
         467.81400075,   467.81825787,   467.59034098,   467.64290209,
         467.68887814,   467.72812865,   467.76051257,   467.78588853,
         467.79319174,   467.80661002,   467.81506703,   467.81848389,
         467.81678186,   467.80988251,            nan,            nan,
                  nan,            nan,            nan,            nan,
         467.74415144,   467.76893155,   467.78880426,   467.80368736,
         467.81349867,   467.81815609,   467.79658326,   467.80902612,
         467.81637179,   467.8185386 ,   467.81544509,   467.8070101 ,
                  nan,            nan,            nan,            nan,
                  nan,            nan,    81.21525305,    81.10034505,
          80.97786364,    80.84767498,    80.70964657,    80.5636477 ,
          81.71034007,    81.64000347,    81.56381614,    81.48167642,
          81.3934806 ,    81.29912351,            nan,            nan,
                  nan,            nan,            nan,            nan,
          81.61419896,    81.53559053,    81.45093956,    81.36014033,
          81.26308587,    81.15966849,    81.73900881,    81.67013281,
          81.59527548,    81.51433168,    81.42719382,    81.33375253,
          81.78511356,    81.71966655,    81.64816516,    81.57050253,
          81.48656873,    81.39625151,            nan,            nan,
                  nan,            nan,            nan,            nan,
          81.50475892,    81.41433122,    81.31722135,    81.21330897,
          81.10247322,    80.9845933 ,    80.88907419,    80.75312439,
          80.60920124,    80.45717445,    80.29691619,    80.1283013 ])
max_RAY_Renorm: nan
llh_GD_GSS: array([ 119.62978091,   58.59172241,           nan,   37.10553768,
        118.44849984,   33.57971317,           nan,  281.46039352,
        335.91482456,  127.08701844,           nan,  581.39854258,
        521.20635788,   44.01105536,           nan,           nan,
        735.76914621,           nan,           nan, 1034.69929714,
                 nan,  143.18006895,           nan,   91.22681095,
                 nan,  -61.06409829,           nan,  233.33160996,
                 nan,  200.90622178, 3393.71093811, 1174.81209385,
       2608.38273888, 2991.97837086, 1230.0878558 , 1083.09442101,
        950.14626323, 2704.37012041, 1713.50643662, 2969.60249011,
        356.87698293,  379.75177313,  363.76843876,  590.07887914,
        365.74607061,  537.77327733,  238.62973393,  322.3120615 ,
        343.26566913,  303.20872643])
llh_GD_GSS_Renorm_kappa: array([   112.38535601,     62.28980624,             nan,     60.60134986,
          131.94153426,     43.65921078,             nan,    184.28933979,
          168.96253433,    148.99101145,             nan,    171.49946658,
          249.52965086,     26.341698  ,             nan,             nan,
          208.23890767,             nan,             nan,    315.38687458,
                   nan,    166.27843351,             nan,     90.07094235,
                   nan,    139.60411889,             nan,    162.43109264,
                   nan,    106.75865952, -18100.23113423, -18100.23113423,
       -18100.23113423, -18100.23113423, -17931.53843403,  -3407.82388721,
         -542.230784  , -18100.23113423,    963.46889751,  -3138.71318304,
          332.44714204,    312.68644882,    265.39415992,   -222.61385772,
        -8096.83294564,  -8096.83294564,    164.00601059,    -74.42855968,
          160.90754239,    187.86426978])
llh_GD_GSS_Renorm_tau: array([-2.73519469e+02, -3.01003984e+02,             nan, -3.13743909e+02,
       -2.86403145e+02, -1.98209616e+02,             nan,  1.22071592e+02,
        8.80334650e+00, -2.48155168e+02,             nan,  1.68327601e+02,
        2.22243071e+02, -5.69795155e+01,             nan,             nan,
       -2.46252916e+02,             nan,             nan, -1.37721126e+03,
                   nan, -2.18978868e+02,             nan, -2.37063404e+02,
                   nan, -3.02003664e+02,             nan, -1.74479738e+02,
                   nan, -1.56149087e+02, -2.48376136e+04, -1.01245505e+02,
       -6.95302436e+03, -2.09597004e+04, -9.44603801e+02,  8.01295701e+02,
        7.50651758e+02, -1.32773080e+04, -1.09202427e+03, -3.67114528e+03,
        1.44441250e+02,  4.00886818e+02,  2.48016828e+02, -4.56015274e+02,
        3.36537145e+02, -1.60280017e+02,  2.29295557e+02,  2.61864477e+02,
        2.86133231e+02,  2.78467695e+02])
llh_GD_GSS_Renorm_kappatau: array([ 1.13026806e+02, -2.95874938e+02, -3.04698336e+02, -3.10527500e+02,
       -3.13650787e+02, -3.14781133e+02,  5.31831178e+01, -3.09844651e+02,
       -3.12714737e+02, -3.14187790e+02, -3.14771957e+02, -3.14913637e+02,
                   nan,             nan,             nan,             nan,
                   nan,             nan,  3.76342791e+01, -3.14698030e+02,
       -3.14863102e+02, -3.14912539e+02, -3.14922320e+02, -3.14923207e+02,
       -2.73005051e+01, -3.09156129e+02, -3.13022711e+02, -3.14468511e+02,
       -3.14861895e+02, -3.14921185e+02,  2.91870325e+01, -2.35405625e+02,
       -2.57622451e+02, -2.78661268e+02, -2.96882658e+02, -3.09915751e+02,
                   nan,             nan,             nan,             nan,
                   nan,             nan, -8.42824751e+02, -4.57108814e+01,
       -1.39181477e+02, -2.23367284e+02, -2.82824036e+02, -3.09982977e+02,
       -6.49362917e+02, -2.03758475e+02, -2.72200158e+02, -3.03932499e+02,
       -3.13279056e+02, -3.14844200e+02, -4.75359633e+01, -2.97744471e+02,
       -3.08448307e+02, -3.13105789e+02, -3.14616088e+02, -3.14907922e+02,
                   nan,             nan,             nan,             nan,
                   nan,             nan, -7.09380423e+02,  1.01842228e+02,
        3.67042814e+01, -4.36850411e+01, -1.36852589e+02, -2.39810599e+02,
       -3.15254063e+02, -2.65222243e+01, -1.65470163e+02, -2.70847914e+02,
       -3.21752278e+02, -3.34878688e+02,  6.02629825e-01, -8.73325144e+01,
       -1.09149567e+02, -1.35952221e+02, -1.70643377e+02, -2.20644574e+02,
                   nan,             nan,             nan,             nan,
                   nan,             nan,             nan,             nan,
                   nan,             nan,             nan,             nan,
       -1.78633980e+03,  1.53765221e+02,  2.06954440e+02,  2.04419866e+02,
        1.61657760e+02,  8.06471252e+01,             nan,             nan,
                   nan,             nan,             nan,             nan,
                   nan,             nan,             nan,             nan,
                   nan,             nan, -8.36944836e+02,  1.00074809e+02,
        2.87804829e+02,  3.21551064e+02,  2.67957418e+02,  1.51735273e+02,
                   nan,             nan,             nan,             nan,
                   nan,             nan, -2.38136073e+01, -2.85395715e+02,
       -2.99755699e+02, -3.05927529e+02, -3.07899037e+02, -3.08277718e+02,
                   nan,             nan,             nan,             nan,
                   nan,             nan,  8.83247176e+01, -2.68228687e+02,
       -2.83174577e+02, -2.95078776e+02, -3.03215329e+02, -3.07373831e+02,
                   nan,             nan,             nan,             nan,
                   nan,             nan, -6.16172548e+01, -3.07683407e+02,
       -3.08166656e+02, -3.08279689e+02, -3.08296833e+02, -3.08297989e+02,
                   nan,             nan,             nan,             nan,
                   nan,             nan, -3.21600979e+02, -2.86683487e+02,
       -3.02689686e+02, -3.07283235e+02, -3.08196533e+02, -3.08295569e+02,
                   nan,             nan,             nan,             nan,
                   nan,             nan,  7.05110053e+00, -2.30448038e+02,
       -2.61816701e+02, -2.85448817e+02, -3.00226399e+02, -3.06955437e+02,
                   nan,             nan,             nan,             nan,
                   nan,             nan,             nan,             nan,
                   nan,             nan,             nan,             nan,
                   nan,             nan,             nan,             nan,
                   nan,             nan,             nan,             nan,
                   nan,             nan,             nan,             nan,
                   nan,             nan,             nan,             nan,
                   nan,             nan,  8.24725254e+02, -9.54245307e+01,
       -1.01365724e+03, -2.45496529e+03, -4.68989161e+03, -8.19219562e+03,
        8.45690881e+02,  2.88635485e+02, -1.18601375e+02, -6.98600527e+02,
       -1.51803807e+03, -2.69585857e+03,             nan,             nan,
                   nan,             nan,             nan,             nan,
        3.91551416e+02, -5.13054927e+02, -2.74272226e+02, -6.61435325e+01,
        1.11979713e+02,  2.55724666e+02, -1.16160734e+03, -5.35504172e+03,
       -6.38042204e+03, -7.56309443e+03, -8.95078289e+03, -1.06559076e+04,
        3.36549595e+02,  9.77230027e+01,  6.32749894e+01,  1.88284415e+01,
       -4.24932977e+01, -1.39114241e+02,  4.05625875e+02,  3.93033461e+02,
        3.76819605e+02,  3.49904047e+02,  3.09500100e+02,  2.50734216e+02,
        3.33862437e+02,  2.03082046e+02,  1.76412415e+02,  1.46086998e+02,
        1.10687957e+02,  6.62730199e+01,  5.85554665e+01, -7.17960610e+02,
       -8.75137199e+02, -1.05522692e+03, -1.26645335e+03, -1.53015766e+03,
                   nan,             nan,             nan,             nan,
                   nan,             nan,             nan,             nan,
                   nan,             nan,             nan,             nan,
        2.31432580e+02,  2.13716733e+02,  2.01531020e+02,  1.85843232e+02,
        1.65962010e+02,  1.40458797e+02,  2.95543611e+02,  1.33539489e+02,
        2.19536598e+01, -1.34347940e+02, -3.51027777e+02, -6.56748381e+02,
        3.18991297e+02,  2.20161888e+02,  1.70332250e+02,  1.05902341e+02,
        2.26659593e+01, -8.81523097e+01,  2.90872297e+02,  2.45376857e+02,
        2.19054243e+02,  1.84486180e+02,  1.39530992e+02,  7.97043207e+01])
max_GSS_Renorm: nan
