llh_GD_EXP: array([1737.10365636, 2232.64574048, -176.06186262, -177.33050569,
       -177.47780744, -177.22828488, -177.44547409, -181.83630392,
       1241.98353742, 1593.06260827, -167.45304722, -166.70636688,
        539.32496837, -165.76088538, -163.98025672, 1217.89348821,
       2389.36942452, -166.61262908, 1703.32811274, -166.44961738,
        586.57321182, -192.66521028, 1420.04536913, -192.63747323,
       1131.31742489, -192.54117755, -192.41408384, -190.10885849,
       1871.17159405, 1242.20057301, 6588.99013124, 6596.77524749,
       6596.83951551, 6596.23135675, 6596.83999685, 6596.83950013,
       6596.83686656, 6516.17240953, 6596.12542317, 6596.83516871,
       -165.19953652, -165.19386227, -165.20456085, -165.19404366,
       -165.19581778, -175.63821606, -165.19537043, -165.19762763,
       -165.19522184, -165.19358572])
llh_GD_EXP_Renorm_alpha: array([  -548.52400235,   -588.78521474,   -180.92874015,   -207.71316917,
         -215.28033214,   -204.55146818,   -213.30547117,   -181.25159401,
         -586.61947217,   -531.94833024,   -171.06099426, -11716.09666672,
         -418.3304336 ,   -177.39294686,   -171.27869911,   -613.26039477,
         -616.68272336, -11716.09666672,   -565.70192198,   -181.0717876 ,
         -506.8006624 ,  -9193.28264942,   -362.14662825,  -9162.28443232,
         -228.14160115,  -9129.08641852,  -9002.3358304 ,   -196.57196863,
         -541.45584541,   -482.528821  ,   6560.21581068,   6568.55716286,
         6568.62462654,   6566.89648444,   6568.66612141,   6568.65568692,
         6568.64647507,   6487.94853001,   6566.69114794,   6568.55126275,
         -172.10496757,   -172.31063678,   -171.97207031,   -172.32737517,
         -172.30889268,   -221.26768309,   -172.46593614,   -172.53961087,
         -172.20170926,   -172.38547721])
llh_GD_EXP_Renorm_beta: array([  -209.62480945,   -585.82894774,   -181.96332795,   -184.16561368,
         -187.3538418 ,   -183.04251388,   -187.12982989,   -181.38423722,
         -240.2269914 ,   -180.89915027,   -171.3397625 , -11353.7888429 ,
         -185.37952219,   -171.93329353,   -175.75420944,   -172.98660452,
         -616.07420051, -11616.49867161,   -361.83154058,   -192.06891949,
         -241.69644184,  -9127.41832725,   -340.21154005,  -9128.02704648,
         -139.39325442,  -9160.33843404,  -9161.32539877,   -202.39546107,
         -534.4138514 ,   -407.20254055,   6564.69063949,   6569.24024145,
         6569.23507742,   6568.3686169 ,   6569.25130585,   6569.24729593,
         6569.23853241,   6495.11753226,   6568.23368414,   6569.20897004,
         -170.35209162,   -170.38189972,   -170.34943136,   -170.37251023,
         -170.36606147,   -179.9412291 ,   -170.39757804,   -170.38718472,
         -170.360136  ,   -170.38473022])
llh_GD_EXP_Renorm_alphabeta: array([  -185.43933026,   -181.03700564,   -194.93723327,   -258.35552433,
         -167.92052427,   -405.35602762,   -586.30861434,   -586.76757064,
         -587.20680635,   -587.62728424,   -588.02993134,   -588.41563074,
         -181.72896723,   -181.52333564,   -181.34628397,   -181.19788605,
         -181.07844088,   -180.9884743 ,   -181.97536867,   -180.97025644,
         -181.2052668 ,   -183.09292397,   -187.38475448,   -195.12799722,
         -183.38191653,   -181.34208732,   -180.97659678,   -182.73006043,
         -187.74524518,   -197.77873716,   -181.49599625,   -180.90228825,
         -181.38181859,   -183.29735999,   -187.2364486 ,   -193.98316861,
         -183.31130834,   -181.33570895,   -180.96898757,   -182.6276463 ,
         -187.37579754,   -196.84560242,   -181.36387305,   -181.34398551,
         -181.32457162,   -181.30562843,   -181.28715302,   -181.26914251,
         -282.00376097,   -143.98367059,   -283.3086498 ,   -406.62703486,
         -498.12948388,   -558.20514117,   -185.53246891,   -206.33979754,
         -258.38628852,    -97.76512891,   -274.25722534,   -429.72737629,
         -171.29623977,   -171.25395565,   -171.21290648,   -171.17308885,
         -171.13449954,   -171.09713559, -11517.54184743, -11616.34592845,
       -11650.42107159, -11683.44393163, -11716.09666672, -11716.09666672,
         -172.43868752,   -171.25476755,   -182.94255221,   -221.88446523,
         -318.38818272,   -242.84956073,   -171.00145916,   -170.57262005,
         -170.64985476,   -171.27534768,   -172.5283757 ,   -174.52087269,
         -174.82784601,   -174.00670679,   -173.28424813,   -172.6547181 ,
         -172.11318846,   -171.65558251,   -171.73186124,   -190.3952695 ,
         -258.92774217,   -386.35786855,   -388.84166532,   -556.90495979,
         -616.16605391,   -616.25615008,   -616.34456024,   -616.43135445,
         -616.51660154,   -616.60036909, -11649.8643084 , -11682.89094221,
       -11684.09517613, -11716.09666672, -11716.09666672, -11716.09666672,
         -381.56513484,   -229.48914341,   -322.11417467,   -407.62392296,
         -478.67910013,   -530.81026508,   -181.72953082,   -175.40299615,
         -171.91341007,   -170.57278785,   -171.25827706,   -174.43412305,
         -203.10277959,   -195.25802847,   -204.31154998,   -239.944988  ,
         -145.82829653,   -373.66609534,  -9160.25317332,  -9161.12139044,
        -9193.28264942,  -9193.28264942,  -9193.28264942,  -9193.28264942,
         -343.40762142,   -346.58365232,   -349.73915394,   -352.87365712,
         -355.98670234,   -359.0778396 ,  -9160.44038553,  -9161.81592466,
        -9193.28264942,  -9193.28264942,  -9193.28264942,  -9193.28264942,
         -151.37880265,   -163.67029593,   -176.22522084,   -188.99778393,
         -201.94021071,   -215.0040865 ,  -9161.21782272,  -9193.28264942,
        -9193.28264942,  -9193.28264942,  -9193.28264942,  -9193.28264942,
        -9193.28264942,  -9193.28264942,  -9193.28264942,  -9193.28264942,
        -9193.28264942,  -9130.25966819,   -201.22887355,   -200.18354139,
         -199.25306219,   -198.43166606,   -197.71412947,   -197.09568981,
         -535.54384788,   -536.63090686,   -537.67560043,   -538.67899883,
         -539.64266064,   -540.56805897,   -277.98011473,   -209.39535188,
         -195.21103007,   -206.74034242,   -247.57604866,   -265.42284737,
         6564.1451421 ,   6563.56863386,   6562.96097777,   6562.32202783,
         6561.65162863,   6560.94961484,   6569.18554216,   6569.11656442,
         6569.03330017,   6568.9357398 ,   6568.82387216,   6568.69768458,
         6569.18400267,   6569.12089593,   6569.04575099,   6568.95856054,
         6568.85931615,   6568.74800834,   6568.19991619,   6568.01738218,
         6567.8209955 ,   6567.61073534,   6567.38657947,   6567.14850422,
         6569.20439008,   6569.14525877,   6569.07390598,   6568.99032462,
         6568.89450648,   6568.78644223,   6569.1993108 ,   6569.13916074,
         6569.06683976,   6568.9823407 ,   6568.8856553 ,   6568.7767742 ,
         6569.18913218,   6569.12801701,   6569.05518102,   6568.97061729,
         6568.87431788,   6568.76627381,   6494.12195491,   6493.11699225,
         6492.10256302,   6491.07858524,   6490.0449762 ,   6489.0016525 ,
         6568.05462447,   6567.86183337,   6567.65529058,   6567.43497443,
         6567.20086185,   6566.95292833,   6569.15128308,   6569.08151897,
         6568.99967084,   6568.90573076,   6568.79968965,   6568.6815374 ,
         -170.41165259,   -170.53189279,   -170.71457189,   -170.96145019,
         -171.27429278,   -171.65487193,   -170.47505543,   -170.62631806,
         -170.83729489,   -171.10959607,   -171.44483734,   -171.84464121,
         -170.40094998,   -170.50984897,   -170.6777556 ,   -170.90629697,
         -171.197104  ,   -171.55181376,   -170.45982821,   -170.60821975,
         -170.81942605,   -171.09519103,   -171.43726468,   -171.84740446,
         -170.44750305,   -170.59129855,   -170.79925251,   -171.07317192,
         -171.41486986,   -171.82616724,   -183.62468777,   -187.99556613,
         -193.08558472,   -198.92634631,   -205.54975365,   -212.98719676,
         -170.50505512,   -170.67241509,   -170.90132372,   -171.19345066,
         -171.55047186,   -171.97407044,   -170.49156581,   -170.66051863,
         -170.89591613,   -171.1996355 ,   -171.57356123,   -172.01958619,
         -170.43260979,   -170.56571265,   -170.76118523,   -171.02076983,
         -171.34621413,   -171.73927311,   -170.4822292 ,   -170.63969273,
         -170.85880183,   -171.14124084,   -171.48870017,   -171.90287745])
max_EXP_Renorm: 6569.251305846194
llh_GD_PWL: array([          nan,           nan,           nan,           nan,
                 nan,           nan,           nan,           nan,
                 nan,           nan,           nan, -165.51417744,
                 nan,           nan,           nan,           nan,
                 nan,           nan,           nan,           nan,
                 nan,           nan,           nan,           nan,
                 nan,           nan,           nan,           nan,
                 nan,           nan, 6563.66579399, 6283.35688241,
       6484.70630303, 6559.04635885, 6567.29960998, 6497.30810091,
       6543.07206241, 6556.73128691, 6547.99424994, 6468.09368734,
       -169.73503765, -174.68566694, -169.43459855, -172.61823355,
       -173.37656031, -170.26667035, -167.64475689, -167.78483495,
       -181.41723524,           nan])
llh_GD_PWL_Renorm_K: array([            nan,             nan,             nan,             nan,
                   nan,             nan,             nan,             nan,
                   nan,             nan,             nan, -15365.92403535,
                   nan,             nan,             nan,             nan,
                   nan,             nan,             nan,             nan,
                   nan,             nan,             nan,             nan,
                   nan,             nan,             nan,             nan,
                   nan,             nan,   6525.80592229,   3720.534433  ,
         3559.27814555,   4776.18370794,   6537.06636201,   6429.40579788,
         6534.79853109,   6380.62128117,   6367.27651389,   6136.78953191,
         -736.64600726,   -189.70497032,   -586.28415457,   -203.40084022,
         -189.50612606,  -1156.15136346,   -171.2097589 ,   -172.76296097,
         -362.49595421,             nan])
llh_GD_PWL_Renorm_c: array([          nan,           nan,           nan,           nan,
                 nan,           nan,           nan,           nan,
                 nan,           nan,           nan,           nan,
                 nan,           nan,           nan,           nan,
                 nan,           nan,           nan,           nan,
                 nan,           nan,           nan,           nan,
                 nan,           nan,           nan,           nan,
                 nan,           nan, 6529.48980493, 6246.90960854,
       4480.24440231, 5594.99088062, 6537.06105767, 6460.43321797,
       6531.56965929, 6506.00091514, 6446.45419351, 6403.72761551,
       -208.82815884, -172.67850175, -203.9391593 , -208.13007727,
       -203.34590276,           nan, -173.32646058, -174.14271205,
       -334.95021738,           nan])
lllh_GD_PWL_Renorm_p: array([           nan,            nan,            nan,            nan,
                  nan,            nan,            nan,            nan,
                  nan,            nan,            nan,  -317.62988496,
                  nan,            nan,            nan,            nan,
                  nan,            nan,            nan,            nan,
                  nan,            nan,            nan,            nan,
                  nan,            nan,            nan,            nan,
                  nan,            nan,  6549.80993417,  5792.81187006,
       -4702.51538092, -4804.9010611 ,  6537.13675141,  6412.1434534 ,
        6518.31817184,  6395.35248924,  6420.01260585,  6189.00730464,
        -183.60282164,  -185.70402121,  -188.21446885,  -199.290446  ,
        -182.60025795,  -180.00922107,  -170.69321507,  -171.05904616,
        -404.63096198,            nan])
llh_GD_PWL_Renorm_Kc: array([           nan,            nan,            nan,            nan,
                  nan,            nan,            nan,            nan,
                  nan,            nan,            nan,            nan,
                  nan,            nan,            nan,            nan,
                  nan,            nan,            nan,            nan,
                  nan,            nan,            nan,            nan,
                  nan,            nan,            nan,            nan,
                  nan,            nan,            nan,            nan,
                  nan,            nan,            nan,            nan,
                  nan,            nan,            nan,            nan,
                  nan,            nan,            nan,            nan,
                  nan,            nan,            nan,            nan,
                  nan,            nan,            nan,            nan,
                  nan,            nan,            nan,            nan,
                  nan,            nan,            nan,            nan,
                  nan,            nan,            nan,            nan,
                  nan,            nan,  -652.07313675,  -652.07302178,
        -652.05956038,  -650.48959651,  -520.69552517,  -914.27713026,
                  nan,            nan,            nan,            nan,
                  nan,            nan,            nan,            nan,
                  nan,            nan,            nan,            nan,
                  nan,            nan,            nan,            nan,
                  nan,            nan,            nan,            nan,
                  nan,            nan,            nan,            nan,
                  nan,            nan,            nan,            nan,
                  nan,            nan,            nan,            nan,
                  nan,            nan,            nan,            nan,
                  nan,            nan,            nan,            nan,
                  nan,            nan,            nan,            nan,
                  nan,            nan,            nan,            nan,
                  nan,            nan,            nan,            nan,
                  nan,            nan,            nan,            nan,
                  nan,            nan,            nan,            nan,
                  nan,            nan,            nan,            nan,
                  nan,            nan,            nan,            nan,
                  nan,            nan,            nan,            nan,
                  nan,            nan,            nan,            nan,
                  nan,            nan,            nan,            nan,
                  nan,            nan,            nan,            nan,
                  nan,            nan,            nan,            nan,
                  nan,            nan,            nan,            nan,
                  nan,            nan,            nan,            nan,
                  nan,            nan,            nan,            nan,
                  nan,            nan,            nan,            nan,
                  nan,            nan,            nan,            nan,
        6530.33954486,  6530.71991613,  6530.63773121,  6530.09916047,
        6529.11031307,  6527.67723753,  5631.67245491,  5392.95015931,
        5122.08753373,  4818.9330374 ,  4483.72968737,  4117.18380912,
        5152.47628755,  4890.41158476,  4623.20953625,  4353.91872428,
        4085.26131515,  3819.66366106,  5855.7238563 ,  5693.51735563,
        5522.11008623,  5343.18652835,  5158.29362576,  4968.85510397,
        6537.06181325,  6537.06257552,  6537.06333614,  6537.06409509,
        6537.06485239,  6537.06560803,  6456.64587133,  6452.87698744,
        6448.80324059,  6444.42194858,  6439.73041708,  6434.72593966,
        6532.63680566,  6533.39298144,  6533.9891365 ,  6534.42652578,
        6534.70639639,  6534.82998764,  6487.72563144,  6474.68778056,
        6459.78205318,  6442.96602188,  6424.19655846,  6403.42982766,
        6444.55441155,  6434.82624177,  6423.79361447,  6411.48986038,
        6397.94773089,  6383.19940795,  6358.94934918,  6329.83247008,
        6297.6406964 ,  6262.30736426,  6223.76565874,  6181.94868304,
                  nan,            nan,  -432.3618459 ,  -493.54172946,
        -562.43046768,  -643.42901977,  -174.21956159,  -175.8423449 ,
        -177.83593785,  -180.20977973,  -182.97317174,  -186.1352524 ,
                  nan,  -331.74702311,  -366.00802751,  -407.67169918,
        -458.02052277,  -517.50339688,  -207.67136126,  -206.94217387,
        -206.21981956,  -205.50440317,  -204.79603023,  -204.09480694,
        -201.53472277,  -199.30376626,  -197.15795982,  -195.10123895,
        -193.13761736,  -191.27118832,            nan,            nan,
                  nan,            nan,  -863.14030489, -1002.20829991,
        -172.84180567,  -172.42693632,  -172.06775973,  -171.76535712,
        -171.5208199 ,  -171.33524978,  -173.55038706,  -173.09051651,
        -172.75734362,  -172.55440037,  -172.48526458,  -172.55356074,
        -323.99309618,  -330.61204093,  -337.16476505,  -343.63958322,
        -350.02591343,  -356.31421928,            nan,            nan,
                  nan,            nan,            nan,            nan])
llh_GD_PWL_Renorm_Kp: array([           nan,            nan,            nan,            nan,
                  nan,            nan,            nan,            nan,
                  nan,            nan,            nan,            nan,
                  nan,            nan,            nan,            nan,
                  nan,            nan,            nan,            nan,
                  nan,            nan,            nan,            nan,
                  nan,            nan,            nan,            nan,
                  nan,            nan,            nan,            nan,
                  nan,            nan,            nan,            nan,
                  nan,            nan,            nan,            nan,
                  nan,            nan,            nan,            nan,
                  nan,            nan,            nan,            nan,
                  nan,            nan,            nan,            nan,
                  nan,            nan,            nan,            nan,
                  nan,            nan,            nan,            nan,
                  nan,            nan,            nan,            nan,
                  nan,            nan,  -214.70158135,  -179.36411387,
        -324.64750842,  -881.86480066, -2362.89856001, -6011.57546338,
                  nan,            nan,            nan,            nan,
                  nan,            nan,            nan,            nan,
                  nan,            nan,            nan,            nan,
                  nan,            nan,            nan,            nan,
                  nan,            nan,            nan,            nan,
                  nan,            nan,            nan,            nan,
                  nan,            nan,            nan,            nan,
                  nan,            nan,            nan,            nan,
                  nan,            nan,            nan,            nan,
                  nan,            nan,            nan,            nan,
                  nan,            nan,            nan,            nan,
                  nan,            nan,            nan,            nan,
                  nan,            nan,            nan,            nan,
                  nan,            nan,            nan,            nan,
                  nan,            nan,            nan,            nan,
                  nan,            nan,            nan,            nan,
                  nan,            nan,            nan,            nan,
                  nan,            nan,            nan,            nan,
                  nan,            nan,            nan,            nan,
                  nan,            nan,            nan,            nan,
                  nan,            nan,            nan,            nan,
                  nan,            nan,            nan,            nan,
                  nan,            nan,            nan,            nan,
                  nan,            nan,            nan,            nan,
                  nan,            nan,            nan,            nan,
                  nan,            nan,            nan,            nan,
                  nan,            nan,            nan,            nan,
        6548.4464988 ,  6546.2338294 ,  6543.30385507,  6539.74263985,
        6535.61082495,  6530.95357781,  5594.45020659,  5344.18241493,
        5051.26366233,  4727.92605773,  4388.48079126,  4047.96449588,
        5250.95293105,  6153.79410735,  5568.74761731,  4832.29234152,
        4173.51643759,  3615.96381082,  4778.65179039,  6397.0470315 ,
        6392.36941363,  6027.09270085,  5592.70545674,  5164.53004721,
        6537.12670402,  6537.11665388,  6537.106601  ,  6537.09654537,
        6537.08648699,  6537.07642587,  6414.7859368 ,  6417.36759133,
        6419.88972739,  6422.35355147,  6424.76017276,  6427.11060995,
        6522.28525542,  6525.57309851,  6528.20352888,  6530.19759659,
        6531.57560506,  6532.35714073,  6395.59168209,  6394.85807934,
        6393.31675129,  6391.10419195,  6388.3031311 ,  6384.89255354,
        6414.21978747,  6407.89553263,  6401.01064987,  6393.53573455,
        6385.44131326,  6376.69797939,  6181.48100542,  6173.75328504,
        6165.98151668,  6158.29997587,  6150.81944465,  6143.62751331,
        -207.52853178,  -250.58188186,  -314.93767538,  -400.90392655,
        -505.57549067,  -621.54184356,  -186.28550785,  -186.87505644,
        -187.46453056,  -188.04717248,  -188.61749912,  -189.1711899 ,
        -211.57970011,  -248.68587242,  -299.7893543 ,  -363.58349269,
        -436.65977401,  -513.32796699,  -199.80554789,  -200.34442243,
        -200.90722807,  -201.4941207 ,  -202.10525364,  -202.7407775 ,
        -183.03145778,  -183.64162547,  -184.43455497,  -185.41402182,
        -186.58363832,  -187.94671361,  -206.72753194,  -263.34975668,
        -357.56199852,  -496.05471007,  -681.64472709,  -908.50457017,
        -170.71891781,  -170.76085647,  -170.81889194,  -170.89290222,
        -170.98277956,  -171.08842762,  -171.19173431,  -171.36148241,
        -171.56802943,  -171.81130709,  -172.0914029 ,  -172.40852378,
        -397.86150976,  -391.21591609,  -384.76323493,  -378.58518338,
        -372.76421448,  -367.37796014,            nan,            nan,
                  nan,            nan,            nan,            nan])
max_PWL_Renorm: nan
llh_GD_QEXP: array([  628.94694309,            nan,   395.95353526,   438.99624204,
         427.44849739,   102.24271545,            nan,   502.33577118,
         477.66668306,            nan,   616.8590405 ,   797.33017465,
         299.69952723,   331.97513863,   895.64815321,   820.12488437,
         405.49460044,   384.2064118 ,   548.56798141,   644.04355491,
                  nan,  1010.28123719,            nan,            nan,
         262.60276605,   161.56242672,            nan,            nan,
                  nan,            nan, 27350.08240654, 29700.67896128,
       27155.62604848, 34047.78528644, 27928.47888398, 34355.14892248,
       30177.59685011, 25628.77927523, 27016.57873095, 34278.74578053,
        1280.93069784,  1272.14436928,  1193.8687694 ,  1363.06930373,
        1282.60280645,  1240.86378893,  1161.17140359,  1251.55501137,
         856.10477498,  1254.70365496])
llh_GD_QEXP_Renorm_a: array([   84.93297026,            nan,    86.43975221,    82.42777127,
          72.16911663,    83.13477813,            nan,    75.50191057,
          76.59902066,            nan,   105.46404392,   103.98881277,
        -550.02240278,    99.96910585,   102.34339205,   102.00732249,
         105.16690015,   104.52221423,   100.64727586,    79.51744451,
                  nan,    30.19338036,            nan,            nan,
          31.11540089,    30.84253658,            nan,            nan,
                  nan,            nan, 13948.42826081, 13186.39334536,
       13936.97767606, 13888.89751031, 13937.36494814, 13957.32475038,
       13944.03499703, 13720.43265592, 13650.51865314, 13956.49415138,
         402.45386525,   347.77486116,   383.8612897 ,   398.40189164,
         402.10467231,   401.40683233,   372.44763961,   401.04196977,
         402.27345582,   401.34932226])
lllh_GD_QEXP_Renorm_q: array([-433.23063676,           nan,   76.43575311, -239.89125051,
       -247.014661  ,           nan,           nan, -267.25716105,
       -251.46165901,           nan,           nan,           nan,
        113.83171207,           nan,           nan,           nan,
                 nan,           nan,           nan,  672.95840158,
                 nan, -739.02746161,           nan,           nan,
       -248.39962969,   31.25440057,           nan,           nan,
                 nan,           nan,           nan,           nan,
                 nan,           nan,           nan,           nan,
                 nan,           nan,           nan,           nan,
                 nan,           nan,           nan,           nan,
                 nan,           nan,           nan,           nan,
                 nan,           nan])
llh_GD_QEXP_Renorm_aq: array([-3.44240968e+02, -2.76308071e+02, -2.37253852e+02,  8.20652151e+01,
        9.45759661e+01,  9.62791845e+01,             nan,             nan,
                   nan,             nan,             nan,             nan,
        8.47616403e+01,  9.09879947e+01,  9.51388972e+01,  9.70086465e+01,
        9.62954654e+01,  9.27864927e+01, -2.23714932e+02,  8.40626185e+01,
        9.20814683e+01,  9.64412317e+01,  9.65788845e+01,  9.19401011e+01,
       -2.26614941e+02,  8.36529791e+01,  9.27953777e+01,  9.69331831e+01,
        9.51525217e+01,  8.68250156e+01,             nan,             nan,
                   nan,             nan,  7.26583215e+01,  7.82342902e+01,
                   nan,             nan,             nan,             nan,
                   nan,             nan, -2.38984503e+02,  7.62399342e+01,
        8.88546425e+01,  9.58519709e+01,  9.64948859e+01,  8.97276787e+01,
       -2.29984462e+02,  8.12184061e+01,  9.12367536e+01,  9.64771462e+01,
        9.61630227e+01,  8.95305439e+01,             nan,             nan,
                   nan,             nan,             nan,             nan,
                   nan,             nan,             nan,             nan,
                   nan,             nan,             nan,             nan,
                   nan,             nan,             nan,             nan,
        4.30176193e+01, -6.58444250e+01, -1.85923102e+02, -3.00272412e+02,
       -3.98656114e+02, -4.87830336e+02,             nan,             nan,
                   nan,             nan,             nan,  1.34077641e+02,
                   nan,             nan,             nan,             nan,
                   nan,             nan,             nan,             nan,
                   nan,             nan,             nan,             nan,
                   nan,             nan,             nan,             nan,
                   nan,             nan,             nan,             nan,
                   nan,             nan,             nan,             nan,
                   nan,             nan,             nan,             nan,
                   nan,             nan,  5.82137466e+02,  4.93382442e+02,
        4.06557927e+02,  3.21636198e+02,  2.38691949e+02,  1.57897501e+02,
                   nan,             nan,             nan,             nan,
                   nan,             nan, -7.39225552e+02, -7.12430664e+02,
       -6.34186419e+02, -4.91723005e+02, -3.26661544e+02, -2.44540255e+02,
                   nan,             nan,             nan,             nan,
                   nan,             nan,             nan,             nan,
                   nan,             nan,             nan,             nan,
       -2.39997027e+02,  1.06256772e+01,  1.64669999e+01,  2.14196519e+01,
        2.55229041e+01,  2.87712581e+01,  3.11983752e+01,  3.11414084e+01,
        3.10835027e+01,  3.10246603e+01,  3.09648836e+01,  3.09041749e+01,
                   nan,             nan,             nan,             nan,
                   nan,             nan,             nan,             nan,
                   nan,             nan,             nan,             nan,
                   nan,             nan,             nan,             nan,
                   nan,             nan,             nan,             nan,
                   nan,             nan,             nan,             nan,
                   nan,             nan,             nan,             nan,
                   nan,             nan,             nan,             nan,
                   nan,             nan,             nan,  1.61479994e+04,
                   nan,             nan,             nan,             nan,
                   nan,             nan,             nan,             nan,
                   nan,             nan,             nan,             nan,
                   nan,             nan,             nan,             nan,
                   nan,             nan,             nan,             nan,
                   nan,             nan,             nan,             nan,
                   nan,             nan,             nan,             nan,
                   nan,             nan,             nan,             nan,
                   nan,             nan,             nan,             nan,
                   nan,             nan,             nan,             nan,
                   nan,             nan,             nan,             nan,
                   nan,             nan,             nan,             nan,
                   nan,             nan,             nan,             nan,
                   nan,             nan,             nan,             nan,
                   nan,             nan,             nan,             nan,
                   nan,             nan,             nan,             nan,
                   nan,             nan,             nan,             nan,
                   nan,             nan,             nan,             nan,
                   nan,             nan,             nan,             nan,
                   nan,             nan,             nan,             nan,
                   nan,             nan,             nan,             nan,
                   nan,             nan,             nan,             nan,
                   nan,             nan,             nan,             nan,
                   nan,             nan,             nan,             nan,
                   nan,             nan,             nan,             nan,
                   nan,             nan,             nan,             nan,
                   nan,             nan,             nan,             nan])
max_QEXP_Renorm: nan
llh_GD_RAY: array([-173.27670238, -173.58684493, -173.24002097, -173.36391339,
       -176.5788061 , -174.08009329, -173.05413689, -173.52829864,
       -172.96518066, -178.69616947, -165.34583038, -162.16304699,
       -162.32065125, -163.02551021, -166.52120257, -162.56045699,
       -172.25810352, -164.27190162, -166.55000699, -162.16942606,
       -189.48106526, -189.44856914, -190.29993122, -189.43769919,
       -189.91964899, -189.43633996, -195.11338236, -189.46916099,
       -191.710743  , -190.00467147, 6588.96941974, 6559.13411593,
       6580.24039746, 6564.34426677, 6593.9300682 , 6594.5171263 ,
       6594.5690657 , 5931.42283853, 5971.81012782, 6580.47690675,
       -164.6579221 , -164.461107  , -164.4593585 , -164.45972161,
       -164.5012111 , -199.37812289, -164.45976706, -164.50051609,
       -164.46438033, -173.91824425])
llh_GD_RAY_Renorm_gamma: array([ -192.34952364,  -183.5840393 ,  -191.89927957,  -192.6869648 ,
       -7166.67338175,  -190.31562962,  -185.00420687,  -183.97541207,
        -186.26497145,  -182.23768408,  -198.83730969,  -168.90929669,
        -169.06868996,  -173.21010381,  -237.21934501,  -173.17658444,
        -481.74559396,  -185.06328093,  -239.24576077,  -170.2251882 ,
        -202.85752994,  -202.09986681,  -213.62988055,  -202.99645517,
        -201.17990958,  -202.93165437,  -199.62742761,  -204.04252964,
       -7145.63410055,  -205.24365869,  6568.43076251,  6537.13322245,
        6573.02658785,  6540.06713776,  6572.89883264,  6574.5879213 ,
        6574.33836574,  6322.56342504,  6271.15809885,  6556.38007138,
        -182.36474042,  -182.36634498,  -182.38425759,  -182.34255469,
        -183.32922693,  -602.48995151,  -182.5011856 ,  -181.96738107,
        -182.29490273,  -224.95899187])
llh_GD_RAY_Renorm_eta: array([  -183.12679878,   -181.9357883 ,   -183.16590861,   -183.18607541,
       -10686.36279346,   -181.96188503,   -182.02993294,   -182.07140216,
         -182.03670789,   -182.54855672,   -170.01861917,   -167.30604115,
         -167.30253498,   -168.03201504,   -168.76638059,   -168.66284762,
         -212.71879035,   -169.5568156 ,   -168.66186543,   -168.07206942,
         -199.7871249 ,   -199.87747754,   -200.08310001,   -199.82706669,
         -199.80543001,   -199.81811406,   -199.02426347,   -199.78241679,
        -9094.89018179,   -199.96644018,   6569.20101048,   6539.62118004,
         6573.7612611 ,   6542.80547476,   6573.42522665,   6574.6833901 ,
         6574.56861539,   6439.96274927,   6177.81025678,   6558.44497898,
         -178.20161386,   -178.63014211,   -178.68738555,   -178.62668064,
         -178.91720273,  -2291.02320607,   -178.705848  ,   -178.61053465,
         -178.56813559,   -192.53712146])
llh_GD_RAY_Renorm_gammaeta: array([  -183.81495382,   -184.67902224,   -185.73051744,   -186.98592067,
         -188.47260667,   -190.2361702 ,   -182.04405338,   -182.18922652,
         -182.37455995,   -182.60352508,   -182.87949267,   -183.20548068,
         -183.83575103,   -184.66886136,   -185.67547741,   -186.87004831,
         -188.27610132,   -189.93216476,   -183.89605083,   -184.78542688,
         -185.86622115,   -187.15620121,   -188.68509507,   -190.50243581,
       -10514.95363905, -10216.61748824,  -9944.33602457,  -9307.26153983,
        -8498.85004369,  -7849.14847941,   -182.29386638,   -182.85282293,
         -183.67844312,   -184.80025114,   -186.24481073,   -188.05530503,
         -182.21873905,   -182.47530953,   -182.80702935,   -183.22067699,
         -183.72182574,   -184.31495621,   -182.21731219,   -182.40052155,
         -182.62407913,   -182.8909177 ,   -183.20365984,   -183.56453295,
         -182.27779818,   -182.62153394,   -183.08081671,   -183.66655595,
         -184.38716343,   -185.2501596 ,   -182.49928714,   -182.45160927,
         -182.40554039,   -182.36109742,   -182.31829672,   -182.277154  ,
         -171.18971915,   -172.94927493,   -175.57942323,   -179.35308134,
         -184.46121666,   -190.96329361,   -167.4130324 ,   -167.57219121,
         -167.774287  ,   -168.01215206,   -168.28091926,   -168.57894757,
         -167.41626332,   -167.58947982,   -167.8110214 ,   -168.07244231,
         -168.36847192,   -168.69849138,   -168.40393874,   -168.8307703 ,
         -169.32909866,   -169.93909948,   -170.72679889,   -171.78164542,
         -170.08585961,   -172.52634522,   -177.38477935,   -185.93024208,
         -198.59258096,   -215.40657999,   -169.01413703,   -169.41413913,
         -169.88395708,   -170.45365055,   -171.16153447,   -172.05264169,
         -230.93671543,   -254.14639592,   -284.32839064,   -323.22667906,
         -370.21427673,   -423.36726681,   -170.30190216,   -171.31037807,
         -172.71278363,   -174.65664489,   -177.28919767,   -180.73359115,
         -169.9611691 ,   -172.36205994,   -177.23415142,   -185.95910556,
         -199.01479735,   -216.4532959 ,   -168.29699308,   -168.54171073,
         -168.80779945,   -169.09965453,   -169.42499493,   -169.79516583,
         -199.79030873,   -199.88563421,   -200.10400156,   -200.47608732,
         -201.03410985,   -201.81402233,   -199.79987874,   -199.78310214,
         -199.87025875,   -200.10292504,   -200.5221931 ,   -201.17144117,
         -200.57826628,   -201.39363516,   -202.61003563,   -204.32547889,
         -206.65412125,   -209.71650058,   -199.77964166,   -199.82321063,
         -200.00270115,   -200.36184426,   -200.94566347,   -201.80424132,
         -199.77943795,   -199.80047615,   -199.88499731,   -200.04900912,
         -200.30839985,   -200.67951994,   -199.77914963,   -199.83107661,
         -200.01554448,   -200.3732027 ,   -200.94601223,   -201.7806156 ,
         -199.12363296,   -199.21899988,   -199.31011251,   -199.39673016,
         -199.47862578,   -199.55558871,   -199.80614155,   -199.95217087,
         -200.26157248,   -200.77598472,   -201.54084853,   -202.6089049 ,
        -8961.19528634,  -8859.28740135,  -8789.54076499,  -8556.74701482,
        -8188.16034555,  -7785.43765784,   -199.8337856 ,   -199.7814898 ,
         -199.93710443,   -200.42334866,   -201.36561831,   -202.91085592,
         6569.09367474,   6568.98543806,   6568.8763012 ,   6568.76626477,
         6568.65532928,   6568.5434951 ,   6539.27270033,   6538.92192187,
         6538.56883531,   6538.21343132,   6537.85570065,   6537.49563407,
         6573.66804973,   6573.57083502,   6573.46967219,   6573.36461489,
         6573.25571511,   6573.14302321,   6542.42338754,   6542.03829178,
         6541.65017176,   6541.25901182,   6540.86479643,   6540.46751019,
         6573.35500346,   6573.28309774,   6573.20952413,   6573.13429698,
         6573.05743029,   6572.97893772,   6574.67699352,   6574.66814352,
         6574.65686388,   6574.64317828,   6574.62711034,   6574.60868355,
         6574.54282156,   6574.51462016,   6574.48403615,   6574.45109426,
         6574.41581906,   6574.37823485,   6425.5876515 ,   6410.3881103 ,
         6394.37063038,   6377.55177745,   6359.95696647,   6341.61739201,
         6192.18169252,   6206.16641953,   6219.79215069,   6233.08319608,
         6246.06148788,   6258.7470872 ,   6558.15847025,   6557.86917203,
         6557.57706268,   6557.28212028,   6556.98432262,   6556.68364724,
         -178.58656108,   -179.0235085 ,   -179.52066556,   -180.08902286,
         -180.74211203,   -181.49530932,   -178.99935547,   -179.4108849 ,
         -179.8710868 ,   -180.38765222,   -180.96936655,   -181.62571134,
         -179.05520241,   -179.4644477 ,   -179.92127947,   -180.43306937,
         -181.00816846,   -181.65553483,   -178.9943672 ,   -179.40405068,
         -179.86201222,   -180.37585471,   -180.95426874,   -181.60664303,
         -179.34097607,   -179.81729396,   -180.35488506,   -180.96385304,
         -181.6551826 ,   -182.44007911,  -1716.78927293,  -1177.86381752,
         -906.06199041,   -771.10925402,   -636.21318362,   -602.48995152,
         -179.08114033,   -179.49940455,   -179.96715675,   -180.49218069,
         -181.08326308,   -181.74978156,   -178.95177283,   -179.32925456,
         -179.74796807,   -180.21393683,   -180.73407583,   -181.31593982,
         -178.93511919,   -179.34454304,   -179.80277137,   -180.31759364,
         -180.89799504,   -181.55375401,   -196.01709374,   -199.89753907,
         -204.16653069,   -208.81567644,   -213.83709159,   -219.22161734])
max_RAY_Renorm: 6574.683390099299
llh_GD_GSS: array([ -171.11305232,  -171.29929991,  -171.10150512,  -172.05856947,
        -172.09787775,  -173.42104753,  -170.86954333,  -170.8513462 ,
        -173.24430984,  -170.84648357,  -161.56009913,  -161.74890223,
        -161.73485222,  -169.30144602,  -166.93294164,  -159.86362204,
        -161.79814073,  -161.56944018,  -164.92869374,  -166.45952725,
        -189.16766403,  -187.04921821,  -187.22311272,  -187.03650569,
        -189.49683614,  -191.85428273,  -187.03463762,  -187.10801455,
        -187.04203228,  -187.36975857,  6598.30259458,  6598.11095643,
       -5436.65664595,  6596.99673561,  6598.41141475,  6593.46823364,
        6598.2798107 ,  6597.84433387,  6597.62659923,  6595.82323491,
        -163.87163082,  -164.21986742,  -164.12409039,  -163.62280213,
        -163.84077553,  -164.88385926,  -163.64694688,  -163.68778143,
        -163.60059122,  -163.74336729])
llh_GD_GSS_Renorm_kappa: array([-219.34880001, -222.92379501, -217.88146727, -207.82986272,
       -207.90107039, -192.07756721, -225.79614484, -225.94476113,
       -230.36835114, -227.26917676, -175.06723112, -180.74379391,
       -176.15934306, -447.94417902, -382.7026551 , -337.88971966,
       -175.12650571, -175.42908405, -228.65424594, -189.58440701,
       -203.25930322, -210.13652231, -209.49243841, -210.79611285,
       -203.09739461, -270.83204572, -208.90115478, -210.72919927,
       -210.09437266, -216.89309637, 6572.61837904, 6572.92421277,
       6541.133892  , 6573.45570579, 6572.32705719, 6573.7743862 ,
       6572.6824733 , 6571.88877416, 6573.16556656, 6573.66926557,
       -186.82676619, -190.05201395, -189.26094737, -183.15909073,
       -186.22500758, -178.33734238, -181.24182352, -184.49048043,
       -182.29192183, -179.56420893])
llh_GD_GSS_Renorm_tau: array([  -336.57580722,   -317.87470211,   -328.43871359,   -318.49100731,
         -345.06419016,   -295.31609152,   -332.01019733,   -326.6895869 ,
         -339.43671796,   -328.78840834,   -256.46393767,   -287.21401411,
         -279.4911437 ,   -461.09617072,   -451.23614485,  -8696.56636511,
         -234.50226552,   -258.37267125,   -378.28030163,   -394.03007045,
         -298.34563286,   -284.40335186,   -280.23934073,   -288.90247541,
         -279.78761373,   -425.66402519,   -293.9474821 ,   -282.86888988,
         -293.13557476,   -309.60223808,   6572.94022957,   6573.20952722,
       -99228.62691229,   6573.19199628,   6572.61596519,   6571.52941765,
         6572.99308132,   6572.6880211 ,   6573.43776233,   6573.49666083,
         -240.05838687,   -244.8634061 ,   -244.00922033,   -239.00927843,
         -241.8413253 ,   -173.00912025,   -233.86926778,   -241.01144934,
         -236.56719275,   -239.17764261])
llh_GD_GSS_Renorm_kappatau: array([-340.14055163, -276.55757125, -256.50107082, -239.55148232,
       -226.80653856, -219.56137703, -325.46807721, -265.46170084,
       -249.76541976, -236.82943809, -227.42552609, -222.44576358,
       -332.6656732 , -271.19430439, -252.38685511, -236.57795452,
       -224.75364397, -218.0690874 , -318.18516706, -262.69308735,
       -243.99739282, -228.17233315, -216.13152587, -208.93762987,
       -349.75015471, -279.09347783, -255.61987213, -235.32063884,
       -219.50839059, -209.74618323, -292.21700505, -239.66507268,
       -223.95394918, -210.67517336, -200.44963168, -193.98270673,
       -335.81014348, -273.39027334, -255.90135455, -241.38850536,
       -230.77953622, -225.15859228, -333.93171145, -269.92391146,
       -253.55260689, -240.05635397, -230.27717747, -225.19339895,
       -327.86784065, -287.89938864, -267.44149396, -250.16093102,
       -237.24153333, -230.08735368, -335.22017147, -271.06490203,
       -254.67966364, -241.18544789, -231.43255581, -226.40960948,
       -274.47670248, -213.30989564, -200.79611979, -190.30720581,
       -182.2292842 , -176.9906594 , -297.70226946, -228.75884493,
       -213.12026863, -199.89468351, -189.64954477, -183.02482584,
       -295.39386386, -226.11645294, -209.99814574, -196.32255447,
       -185.67198032, -178.70333237, -468.96202496, -430.14244203,
       -419.27918698, -413.4436857 , -414.56119424, -425.04738367,
       -455.51768139, -404.98980228, -385.5298705 , -370.86294108,
       -363.3525505 , -366.01238813,           nan,           nan,
                 nan,           nan,           nan,           nan,
       -257.88793369, -200.60199337, -192.11958052, -185.11292344,
       -179.79068725, -176.37964157, -276.25592827, -214.02097506,
       -201.3912423 , -190.80243126, -182.64715136, -177.36118749,
       -377.16597726, -321.49245622, -291.11232533, -264.30074601,
       -243.1415366 , -230.20155558, -652.07313774, -272.9886543 ,
       -281.75991678, -274.37284136, -232.3019281 , -201.58225609,
       -276.66301899, -244.52472318, -230.9022388 , -219.38216438,
       -210.50820501, -204.89884032, -279.72598935, -236.79271921,
       -227.2348351 , -219.42642816, -213.71077666, -210.47120305,
       -269.42022884, -233.79323785, -225.02888416, -217.90012674,
       -212.70648847, -209.78059449, -283.15351009, -239.91684116,
       -229.54132457, -221.02633226, -214.76237554, -211.18789352,
       -263.72259801, -234.97270268, -224.266456  , -215.33366249,
       -208.54403369, -204.31093289, -440.5608526 , -361.86532997,
       -334.6569142 , -306.48462602, -283.67593889, -270.08799857,
       -284.24769548, -241.94160586, -230.40055748, -220.843988  ,
       -213.72374224, -209.55020284, -276.41401954, -236.16269268,
       -226.97851112, -219.4989837 , -214.04913456, -210.99112524,
       -283.74599871, -242.30176372, -230.97469256, -221.6176414 ,
       -214.67396643, -210.64414613, -296.31914039, -254.17009269,
       -240.98234052, -230.02926111, -221.89826421, -217.26207194,
       6574.03261113, 6573.60935902, 6573.15224705, 6572.71145002,
       6572.31632938, 6571.98207795, 6573.63726074, 6573.3654809 ,
       6573.10483678, 6572.86082662, 6572.63645309, 6572.43276893,
                 nan,           nan,           nan,           nan,
                 nan,           nan, 6573.53167348, 6573.42507333,
       6573.34642361, 6573.29517075, 6573.2693542 , 6573.26605996,
       6573.38251306, 6573.71009896, 6573.89109136, 6573.94434107,
       6573.89089584, 6573.75425182, 6570.98554406, 6570.80533785,
       6570.4144912 , 6569.75030178, 6568.72061907, 6567.18163033,
       6573.97641505, 6573.59356741, 6573.19605271, 6572.81574987,
       6572.47201979, 6572.17528197, 6572.61970695, 6572.27822505,
       6571.94433223, 6571.62100136, 6571.30961622, 6571.01027488,
       6572.93578119, 6572.74867978, 6572.57545861, 6572.4147114 ,
       6572.26435362, 6572.12178418, 6571.68734588, 6571.53033214,
       6571.32258874, 6571.05293671, 6570.70805812, 6570.2718613 ,
       -262.96493155, -236.11556841, -188.31946152, -187.00640249,
       -186.28751199, -186.21068644, -272.13954601, -195.05155535,
       -192.40414298, -190.50270021, -189.42220944, -189.24316193,
       -270.39560327, -194.16671282, -191.59168525, -189.739734  ,
       -188.68210999, -188.49520069, -254.11762092, -234.19581265,
       -185.19313034, -183.76669291, -182.92069346, -182.7016953 ,
       -262.56370179, -233.65357951, -188.32099694, -186.7266672 ,
       -185.80604559, -185.61793034, -175.29720698, -174.75091323,
       -176.32382412, -176.97971517, -177.30752398, -177.65373109,
       -249.99209738, -230.08569098, -183.11008963, -181.84587292,
       -181.08772075, -180.87315971, -257.8307592 , -236.14843862,
       -186.41769935, -184.98850731, -184.15789046, -183.97461949,
       -251.92389687, -231.72186172, -184.42911753, -182.98826466,
       -182.12081507, -181.87252764, -255.23043606, -233.81212052,
       -210.45508571, -180.44735223, -179.58077832, -179.27256152])
max_GSS_Renorm: nan
