llh_GD_EXP: array([ -91.08335606,  -88.27549866,  -85.61921262,  -98.50221109,
        -86.14812101,  -87.64975847,  -90.12964156,  -97.55796308,
        -86.29459484,  -86.54328535,  -81.3979618 ,  -89.6707081 ,
        -91.57155339,  -81.36232062,  -79.50000667,  -91.68488782,
        -92.54056399,  -87.85324928,  -79.14582756,  -80.25448412,
        -96.72723097,  -90.43764584,  -91.22188928,  -96.49787849,
       -105.25106567,  -92.13232003,  -95.54764334,  -97.03474704,
       -101.53088706,  -96.20611401,  461.26340641,  395.38461745,
        469.91778691,  464.33897304,  445.96480164,  452.38895293,
        448.82466571,  443.24840706,  389.3190163 ,  469.38504878,
         67.00013274,   78.74077523,   58.69829362,   81.27271956,
         78.29446309,   60.30651977,   84.97422237,   86.48304834,
          3.47764496,   39.76840225])
llh_GD_EXP_Renorm_alpha: array([ -90.22148344,  -88.85872702,  -90.28303704, -101.56189261,
        -92.80596445,  -95.54028135, -102.3054523 ,  -96.83535433,
        -91.92066902,  -87.73959179,  -87.88830488, -107.6720284 ,
       -101.27049925,  -90.6171497 ,  -85.86290907,  -98.57008596,
        -98.93261896,  -85.90144108,  -92.25004918,  -85.84858026,
        -97.39261779,  -94.58320537,  -96.07780286, -113.99874388,
       -107.53143581, -108.29030761,  -99.22014727, -112.08870337,
       -101.5331503 , -106.55134521,  467.11883436,  405.82678198,
        469.82599441,  467.75680847,  448.14001367,  452.55742115,
        452.65795307,  449.10227552,  392.16591666,  470.0973108 ,
         83.25462386,   81.47620006,   63.9303451 ,   81.39165877,
         82.11146841,   70.00469204,   84.43720679,   84.30457735,
          6.40675452,   46.3793267 ])
llh_GD_EXP_Renorm_beta: array([ -90.89585828,  -89.05284932,  -87.00312989, -100.49463218,
        -86.70505028,  -89.24964776,  -90.21264093,  -99.52502747,
        -87.83792892,  -93.18387123,  -89.90656664,  -93.76723246,
        -95.14107087,  -86.43589512,  -87.6777237 ,  -95.57034523,
        -94.7676595 ,  -85.84488219,  -89.56577222,  -86.10590788,
        -97.31477515,  -94.29845589,  -94.18986122, -102.51548403,
       -105.30858487,  -94.36794465, -105.62942032,  -97.14706834,
        -99.04480729,  -98.34687699,  466.53809876,  401.17014525,
        470.03243089,  468.46534151,  453.32587284,  451.45184675,
        445.54360012,  444.89205361,  383.28793263,  470.08760571,
         75.92980612,   80.82012835,   53.93932621,   79.57719813,
         77.52276095,   57.07172907,   84.14325292,   84.74641189,
         -2.38470871,   39.96967031])
llh_GD_EXP_Renorm_alphabeta: array([-9.07953323e+01, -9.06962193e+01, -9.05985087e+01, -9.05021901e+01,
       -9.04072531e+01, -9.03136876e+01, -8.90245713e+01, -8.89964761e+01,
       -8.89685634e+01, -8.89408326e+01, -8.89132832e+01, -8.88859148e+01,
       -8.72653565e+01, -8.75913061e+01, -8.79836139e+01, -8.84453032e+01,
       -8.89797990e+01, -8.95909472e+01, -1.00643720e+02, -1.00793923e+02,
       -1.00945248e+02, -1.01097701e+02, -1.01251289e+02, -1.01406017e+02,
       -8.70052010e+01, -8.74729923e+01, -8.81191415e+01, -8.89572279e+01,
       -9.00038626e+01, -9.12789461e+01, -8.98835313e+01, -9.05970955e+01,
       -9.13950143e+01, -9.22824253e+01, -9.32649480e+01, -9.43486956e+01,
       -9.13089914e+01, -9.25852018e+01, -9.40575766e+01, -9.57444446e+01,
       -9.76661684e+01, -9.98450951e+01, -9.91198734e+01, -9.87217521e+01,
       -9.83306238e+01, -9.79464520e+01, -9.75692032e+01, -9.71988467e+01,
       -8.82307825e+01, -8.86820968e+01, -8.91945753e+01, -8.97712117e+01,
       -9.04153044e+01, -9.11304722e+01, -9.21078930e+01, -9.11349917e+01,
       -9.02633456e+01, -8.94907058e+01, -8.88144504e+01, -8.82317172e+01,
       -8.95657594e+01, -8.92433077e+01, -8.89386821e+01, -8.86513663e+01,
       -8.83808566e+01, -8.81266623e+01, -9.51572000e+01, -9.67165595e+01,
       -9.84614346e+01, -1.00409508e+02, -1.02580012e+02, -1.04993589e+02,
       -9.58800004e+01, -9.66611476e+01, -9.74864330e+01, -9.83578662e+01,
       -9.92775475e+01, -1.00247666e+02, -8.67634419e+01, -8.71680618e+01,
       -8.76560979e+01, -8.82353494e+01, -8.89149195e+01, -8.97050744e+01,
       -8.72252702e+01, -8.68444513e+01, -8.65305573e+01, -8.62792279e+01,
       -8.60864799e+01, -8.59487439e+01, -9.59629389e+01, -9.63670516e+01,
       -9.67829535e+01, -9.72109213e+01, -9.76512382e+01, -9.81041942e+01,
       -9.52981727e+01, -9.58493888e+01, -9.64217825e+01, -9.70158292e+01,
       -9.76320033e+01, -9.82707771e+01, -8.58506985e+01, -8.58572620e+01,
       -8.58645770e+01, -8.58726478e+01, -8.58814789e+01, -8.58910751e+01,
       -8.73161722e+01, -8.61500873e+01, -8.58257928e+01, -8.62016468e+01,
       -8.72734566e+01, -8.91934442e+01, -8.60091694e+01, -8.59335069e+01,
       -8.58781865e+01, -8.58425550e+01, -8.58260449e+01, -8.58281800e+01,
       -9.73258323e+01, -9.73369105e+01, -9.73480098e+01, -9.73591301e+01,
       -9.73702716e+01, -9.73814341e+01, -9.41971895e+01, -9.41445521e+01,
       -9.41395351e+01, -9.41813594e+01, -9.42694579e+01, -9.44034642e+01,
       -9.41358889e+01, -9.41915175e+01, -9.43546461e+01, -9.46242563e+01,
       -9.50003784e+01, -9.54841271e+01, -9.71313166e+01, -9.46163491e+01,
       -9.42121334e+01, -9.56357210e+01, -9.89538368e+01, -1.04668572e+02,
       -1.05608220e+02, -1.05913641e+02, -1.06224957e+02, -1.06542279e+02,
       -1.06865722e+02, -1.07195401e+02, -9.41465543e+01, -9.45957889e+01,
       -9.57026356e+01, -9.74970123e+01, -1.00064632e+02, -1.03571324e+02,
       -1.00003958e+02, -9.65347817e+01, -9.46929218e+01, -9.41360583e+01,
       -9.47036567e+01, -9.63665369e+01, -9.83653346e+01, -9.98252173e+01,
       -1.01555146e+02, -1.03592800e+02, -1.05986239e+02, -1.08794657e+02,
       -9.93627967e+01, -9.96927400e+01, -1.00034943e+02, -1.00389730e+02,
       -1.00757446e+02, -1.01138457e+02, -9.91961116e+01, -1.00139077e+02,
       -1.01182781e+02, -1.02335501e+02, -1.03606873e+02, -1.05007967e+02,
        4.66622286e+02,  4.66706066e+02,  4.66789438e+02,  4.66872401e+02,
        4.66954956e+02,  4.67037100e+02,  4.01833246e+02,  4.02497091e+02,
        4.03161665e+02,  4.03826946e+02,  4.04492911e+02,  4.05159533e+02,
        4.70003199e+02,  4.69973881e+02,  4.69944476e+02,  4.69914985e+02,
        4.69885408e+02,  4.69855744e+02,  4.68366322e+02,  4.68266567e+02,
        4.68166079e+02,  4.68064858e+02,  4.67962905e+02,  4.67860222e+02,
        4.52613028e+02,  4.51890593e+02,  4.51158720e+02,  4.50417563e+02,
        4.49667283e+02,  4.48908043e+02,  4.51611127e+02,  4.51769963e+02,
        4.51928353e+02,  4.52086295e+02,  4.52243788e+02,  4.52400831e+02,
        4.46606394e+02,  4.47654406e+02,  4.48687199e+02,  4.49704349e+02,
        4.50705450e+02,  4.51690110e+02,  4.45508047e+02,  4.46119336e+02,
        4.46725836e+02,  4.47327462e+02,  4.47924131e+02,  4.48515762e+02,
        3.84552883e+02,  3.85818293e+02,  3.87084590e+02,  3.88352165e+02,
        3.89621372e+02,  3.90892530e+02,  4.70088993e+02,  4.70090380e+02,
        4.70091766e+02,  4.70093153e+02,  4.70094539e+02,  4.70095925e+02,
        7.72875595e+01,  7.85500766e+01,  7.97127913e+01,  8.07704918e+01,
        8.17174561e+01,  8.25475985e+01,  8.09170758e+01,  8.10129583e+01,
        8.11077703e+01,  8.12015061e+01,  8.12941602e+01,  8.13857267e+01,
        5.54949670e+01,  5.70055144e+01,  5.84724100e+01,  5.98970531e+01,
        6.12807772e+01,  6.26248284e+01,  7.98569897e+01,  8.01300731e+01,
        8.03963586e+01,  8.06557541e+01,  8.09081662e+01,  8.11534999e+01,
        7.82948998e+01,  7.90301859e+01,  7.97274846e+01,  8.03855785e+01,
        8.10031793e+01,  8.15789401e+01,  5.91598973e+01,  6.11624492e+01,
        6.30831392e+01,  6.49252754e+01,  6.66916145e+01,  6.83842781e+01,
        8.41909957e+01,  8.42368373e+01,  8.42807686e+01,  8.43227803e+01,
        8.43628632e+01,  8.44010084e+01,  8.47397786e+01,  8.47145841e+01,
        8.46706576e+01,  8.46078383e+01,  8.45259763e+01,  8.44249321e+01,
       -1.10523493e+00,  1.66800725e-01,  1.43114398e+00,  2.68754742e+00,
        3.93577083e+00,  5.17558152e+00,  4.09238203e+01,  4.18649764e+01,
        4.27932292e+01,  4.37086787e+01,  4.46114328e+01,  4.55016076e+01])
max_EXP_Renorm: 470.09731080278374
llh_GD_PWL: array([-94.60956561, 213.10879901,          nan, -88.33311972,
       -87.40147856, -88.89134533, -87.70410663,          nan,
       -88.70790909, -99.66709937,          nan,          nan,
                nan, -83.63446263, -81.33887113,          nan,
                nan,          nan, -79.68524446,          nan,
                nan, -94.02787025,          nan,          nan,
       -95.97041354, -97.52614721, -94.78505526, -93.56896026,
       -91.87484348,          nan,          nan, 389.92320224,
                nan,          nan,          nan,          nan,
                nan,          nan,          nan,          nan,
       109.85468136,          nan,  61.21774486,  65.41050637,
        24.73521879,  34.6240411 ,  70.17173873,  30.50905488,
        11.97237113,  44.59685961])
llh_GD_PWL_Renorm_K: array([-1.47878231e+02, -6.15807853e+01,             nan, -2.03689412e+03,
       -2.58862478e+02, -5.44457085e+03, -9.81303111e+02,             nan,
       -1.05587441e+02, -2.01147692e+02,             nan,             nan,
                   nan, -2.14760628e+02, -1.03078208e+02,             nan,
                   nan,             nan, -1.06359930e+02,             nan,
                   nan, -1.27126260e+02,             nan,             nan,
       -1.85492332e+02, -1.26129042e+02, -4.37840568e+02, -1.50606440e+02,
       -1.23899519e+02,             nan,             nan, -4.69291651e+02,
                   nan,             nan,             nan,             nan,
                   nan,             nan,             nan,             nan,
        2.22769117e+02,             nan,  7.34944606e+01,  8.28289118e+01,
       -1.67346753e+00, -4.22238105e+00,  6.82894042e+01,  7.40691142e+01,
        5.62339381e+01,  7.83115021e+01])
llh_GD_PWL_Renorm_c: array([           nan,  -165.0945951 ,            nan,            nan,
        -120.0384998 , -4562.69917857,            nan,            nan,
        -132.03043887,  -114.13826731,            nan,            nan,
                  nan,            nan,            nan,            nan,
                  nan,            nan,            nan,            nan,
                  nan,  -182.67747784,  -338.89119256,            nan,
        -134.47879737,  -155.51833338,            nan,  -202.34739567,
        -219.17565996,            nan,            nan,            nan,
                  nan,            nan,            nan,            nan,
                  nan,            nan,            nan,            nan,
                  nan,            nan,    64.53587377,    75.89564423,
          67.72657472,    75.21007303,    80.00980373,    62.68478873,
          78.54170622,    58.99618733])
lllh_GD_PWL_Renorm_p: array([ -129.24854181,  -214.33075467,            nan,  -139.99034684,
         -96.00374481, -5377.89551703,  -177.96738749,            nan,
        -101.11914441,  -103.2970402 ,            nan,            nan,
                  nan,   -88.77717167,   -98.07674381,            nan,
                  nan,            nan,  -205.63166542,            nan,
                  nan,  -135.89102943,            nan,            nan,
        -100.194409  ,  -117.57011048,  -116.97120967,  -151.5674951 ,
        -202.59768864,            nan,            nan,   383.92914224,
                  nan,            nan,            nan,            nan,
                  nan,            nan,            nan,            nan,
          40.27026892,            nan,    69.98542484,    73.12718836,
          35.57617157,    44.70321387,    66.88644481,    46.04478626,
          66.85269196,    62.87727952])
llh_GD_PWL_Renorm_Kc: array([           nan,            nan,  -136.5623103 ,  -140.98605576,
        -139.62580115,  -141.57832297,  -167.04458202,  -165.28483854,
        -165.31325645,  -166.67870581,  -168.58987117,  -168.05736095,
                  nan,            nan,            nan,            nan,
                  nan,            nan,            nan,            nan,
                  nan,            nan,            nan,            nan,
                  nan,  -149.02286436,  -158.25528796,  -172.75698377,
        -194.09430122,  -222.74127022, -4885.25192041, -5051.92376182,
       -5153.55909824, -5253.21134627, -5412.18411054, -5444.57084669,
                  nan,            nan,            nan,            nan,
                  nan,  -799.66362445,            nan,            nan,
                  nan,            nan,            nan,            nan,
        -127.94171681,  -123.46284992,  -119.24431884,  -115.31615513,
        -111.70925809,  -108.45543319,  -137.99405746,  -143.25248214,
        -150.49020364,  -159.81387667,  -171.31515208,  -185.07190018,
                  nan,            nan,            nan,            nan,
                  nan,            nan,            nan,            nan,
                  nan,            nan,            nan,            nan,
                  nan,            nan,            nan,            nan,
                  nan,            nan,            nan,            nan,
                  nan,            nan,            nan,  -188.04950436,
                  nan,            nan,            nan,            nan,
         -98.64469621,  -101.39774395,            nan,            nan,
                  nan,            nan,            nan,            nan,
                  nan,            nan,            nan,            nan,
                  nan,            nan,            nan,            nan,
                  nan,            nan,            nan,            nan,
                  nan,            nan,            nan,            nan,
        -127.95194678,  -118.22738192,            nan,            nan,
                  nan,            nan,            nan,            nan,
                  nan,            nan,            nan,            nan,
                  nan,            nan,  -174.56975896,  -165.45559198,
        -156.63272145,  -148.23969376,  -140.42195073,  -133.33138459,
                  nan,            nan,            nan,            nan,
                  nan,            nan,            nan,            nan,
                  nan,            nan,            nan,            nan,
        -146.72124162,  -145.38888457,  -146.82350841,  -151.32396798,
        -159.13781253,  -170.47135087,  -151.20987421,  -146.42922566,
        -141.84878361,  -137.49800859,  -133.40707305,  -129.60687089,
                  nan,            nan,            nan,            nan,
        -324.0488562 ,  -374.99410143,  -200.14206916,  -191.88386299,
        -183.52062141,  -175.12603018,  -166.78157599,  -158.57627462,
        -195.9682335 ,  -173.60123349,  -152.30566531,  -134.69839519,
        -122.84619155,  -118.65168495,  -207.32036146,            nan,
                  nan,            nan,            nan,            nan,
                  nan,            nan,            nan,            nan,
                  nan,            nan,            nan,            nan,
                  nan,            nan,            nan,            nan,
                  nan,            nan,            nan,            nan,
                  nan,            nan,            nan,            nan,
                  nan,            nan,            nan,            nan,
                  nan,            nan,            nan,            nan,
                  nan,            nan,            nan,            nan,
                  nan,            nan,            nan,            nan,
                  nan,            nan,            nan,            nan,
                  nan,            nan,            nan,            nan,
                  nan,            nan,            nan,            nan,
                  nan,            nan,            nan,            nan,
                  nan,            nan,            nan,            nan,
                  nan,            nan,            nan,            nan,
                  nan,            nan,            nan,            nan,
                  nan,            nan,            nan,            nan,
                  nan,            nan,            nan,            nan,
          65.25257613,    66.76333116,    68.22121997,    69.62478043,
          70.97252328,    72.26293164,    77.61916054,    79.13091385,
          80.40003042,    81.41568849,    82.16675028,    82.64175501,
          53.73121778,    47.00228954,    39.32714762,    30.66409461,
          20.97118878,    10.20618635,    61.50836021,    54.47268888,
          45.98600306,    35.96076562,    24.30962329,    10.94475201,
          81.13776416,    81.32051863,    80.65578675,    79.08340603,
          76.54137218,    72.9655368 ,    72.83630845,    77.94809017,
          81.37956336,    82.92936045,    82.3826183 ,    79.51039352,
          77.78110846,    76.96849122,    75.17475904,    72.29661797,
          68.24082566,    62.9168887 ,    61.61219032,    65.05505294,
          68.25458245,    71.19583626,    73.86328096,    76.24076665])
llh_GD_PWL_Renorm_Kp: array([-1.14159849e+02, -1.03149176e+02, -9.75161223e+01, -9.83185671e+01,
       -1.06123826e+02, -1.21100776e+02, -1.58766412e+02, -1.28680569e+02,
       -1.14500411e+02, -1.09833677e+02, -1.10223174e+02, -1.17859739e+02,
                   nan,             nan,             nan,             nan,
                   nan,             nan, -1.06261065e+02, -9.71396183e+01,
       -1.39401995e+02, -2.76481967e+02, -5.76554280e+02, -1.13433689e+03,
       -9.27138497e+01, -9.87424692e+01, -1.15324560e+02, -1.42486725e+02,
       -1.78394243e+02, -2.19038220e+02, -5.37857041e+03, -5.38012331e+03,
       -5.41222442e+03, -5.44457085e+03, -5.44457085e+03, -5.44457085e+03,
       -1.34898326e+02, -1.01622297e+02, -9.63509198e+01, -1.46689950e+02,
       -2.90996946e+02, -5.69061381e+02,             nan,             nan,
                   nan,             nan,             nan,             nan,
       -1.00165758e+02, -9.97620552e+01, -9.98918253e+01, -1.00543845e+02,
       -1.01711840e+02, -1.03393268e+02, -1.12569519e+02, -1.24413508e+02,
       -1.38377930e+02, -1.53826207e+02, -1.69980221e+02, -1.86007527e+02,
                   nan,             nan,             nan,             nan,
                   nan,             nan,             nan,             nan,
                   nan,             nan,             nan,             nan,
                   nan,             nan,             nan,             nan,
                   nan,             nan, -9.22073214e+01, -1.01906606e+02,
       -1.17726926e+02, -1.38818140e+02, -1.63561032e+02, -1.89702364e+02,
       -9.35224836e+01, -9.12273387e+01, -9.09618403e+01, -9.23741643e+01,
       -9.50676515e+01, -9.87017926e+01,             nan,             nan,
                   nan,             nan,             nan,             nan,
                   nan,             nan,             nan,             nan,
                   nan,             nan,             nan,             nan,
                   nan,             nan,             nan,             nan,
       -1.75990591e+02, -1.48449994e+02, -1.25994929e+02, -1.10654021e+02,
       -1.02863470e+02, -1.01784219e+02,             nan,             nan,
                   nan,             nan,             nan,             nan,
                   nan,             nan,             nan,             nan,
                   nan,             nan, -1.27757244e+02, -1.21674249e+02,
       -1.17806551e+02, -1.16252228e+02, -1.17109608e+02, -1.20583751e+02,
                   nan,             nan,             nan,             nan,
                   nan,             nan,             nan,             nan,
                   nan,             nan,             nan,             nan,
       -9.94593279e+01, -1.03697076e+02, -1.13051842e+02, -1.27152553e+02,
       -1.45006520e+02, -1.65050495e+02, -1.16367207e+02, -1.15929429e+02,
       -1.16268949e+02, -1.17407912e+02, -1.19384940e+02, -1.22261601e+02,
       -1.03247909e+02, -1.01720297e+02, -1.17923903e+02, -1.57700827e+02,
       -2.25682922e+02, -3.22094238e+02, -1.46687323e+02, -1.43473288e+02,
       -1.41923102e+02, -1.41975766e+02, -1.43527298e+02, -1.46449147e+02,
       -1.71124854e+02, -1.40595331e+02, -1.15891729e+02, -1.01673177e+02,
       -1.00219903e+02, -1.09403986e+02,             nan,             nan,
                   nan,             nan,             nan,             nan,
                   nan,             nan,             nan,             nan,
                   nan,             nan,  4.06240036e+02,  3.86188471e+02,
        3.13457507e+02,  1.81674735e+02, -6.70618823e+00, -2.34887750e+02,
                   nan,             nan,             nan,             nan,
                   nan,             nan,             nan,             nan,
                   nan,             nan,             nan,             nan,
                   nan,             nan,             nan,             nan,
                   nan,             nan,             nan,             nan,
                   nan,             nan,             nan,             nan,
                   nan,             nan,             nan,             nan,
                   nan,             nan,             nan,             nan,
                   nan,             nan,             nan,             nan,
                   nan,             nan,             nan,             nan,
                   nan,             nan,             nan,             nan,
                   nan,             nan,             nan,             nan,
        3.56619764e+01,  3.13181051e+01,  2.77477988e+01,  2.59837874e+01,
        2.85504213e+01,  4.41445497e+01,             nan,             nan,
                   nan,             nan,             nan,             nan,
        7.08616921e+01,  7.16208129e+01,  7.22584492e+01,  7.27699159e+01,
        7.31501514e+01,  7.33936658e+01,  7.50607034e+01,  7.68184216e+01,
        7.83985809e+01,  7.97968095e+01,  8.10066515e+01,  8.20202197e+01,
        3.00140222e+01,  2.42076009e+01,  1.83690317e+01,  1.27039760e+01,
        7.39417672e+00,  2.57743706e+00,  3.85500313e+01,  3.14220594e+01,
        2.37302751e+01,  1.59224292e+01,  8.43830565e+00,  1.64814788e+00,
        6.86285473e+01,  6.96275343e+01,  7.00662080e+01,  7.01129587e+01,
        6.98777893e+01,  6.93479490e+01,  5.43345464e+01,  6.04299014e+01,
        6.48191118e+01,  6.80350573e+01,  7.05269110e+01,  7.25417209e+01,
        6.81262761e+01,  6.81144168e+01,  6.70499413e+01,  6.52077310e+01,
        6.28430528e+01,  6.00387804e+01,  6.69062527e+01,  7.04628716e+01,
        7.35086651e+01,  7.59753427e+01,  7.77490369e+01,  7.86404690e+01])
max_PWL_Renorm: nan
llh_GD_QEXP: array([ 396.21632242,  333.40676217,  495.96479095,  402.27945056,
        406.15341995,  506.43630371,  484.10690241,  499.78285137,
        462.48200374,  558.21273957,  245.32715442,  343.716551  ,
        310.13930376,  212.49798327,  149.70255213,  164.83504923,
        360.69738511,  419.50068281,  410.86122067,  321.62590024,
        467.37232991,  334.98692668,  423.25667012,  443.02484962,
        338.99697916,  562.27152944,  219.68227182,  534.95691835,
        399.42576583,  426.4040526 , 1717.30567889, 1044.03441628,
       1658.84841687, 1306.31855112, 1737.40445135, 1806.38743235,
       1768.8222141 , 1710.90468939, 1792.29576213, 1623.46136823,
        480.35404469,  970.36223833,  990.90004057,  464.83707664,
        780.92648893,  877.03382334,  864.02524789,  915.4576206 ,
        835.43767694,  677.51074402])
llh_GD_QEXP_Renorm_a: array([ 133.98225349,  159.11988046,  229.97938149,  229.43942046,
        218.56736578,  156.9739357 ,  170.25489079,  226.50150454,
        168.94463846,  172.85130825,   76.08285208,   75.07351071,
         75.59650749,   76.78073209,   70.93463499,   62.79769025,
         76.46869265,   70.4768142 ,   69.89580211,   58.4679955 ,
        188.83135276,  167.89137052,  195.8698381 ,  214.70013236,
        126.41314038,  195.77084016,  125.53832884,  210.48985855,
        177.2420317 ,  188.16034033,  761.83294655,  759.15508665,
        757.10291195,  202.73273074, -211.87900053,  765.98096431,
        755.59250279,  765.41389012,  205.11588741,  766.80598714,
        260.34199505,  434.53650526,  445.07512399,  426.86346249,
        426.49731091,  449.97816159,  415.79807592,  427.86792489,
        406.44567082,  457.21181989])
lllh_GD_QEXP_Renorm_q: array([         nan,          nan,          nan,          nan,
                nan,          nan,          nan,          nan,
                nan,          nan,          nan,          nan,
                nan,          nan,          nan,          nan,
                nan,          nan,          nan,          nan,
                nan,          nan,          nan,          nan,
       418.94377017,          nan, 285.89699141,          nan,
                nan,          nan,          nan,          nan,
                nan, 961.64417855, 471.60766747,          nan,
                nan,          nan, 467.0776652 ,          nan,
       551.30099972,          nan,          nan, 459.95484725,
                nan,          nan,          nan,          nan,
                nan,          nan])
llh_GD_QEXP_Renorm_aq: array([         nan,          nan, 367.39580452, 308.91481777,
       249.96333523, 191.34321575, 349.64064507, 318.2258571 ,
       286.52085022, 254.62805982, 222.66876584, 190.78159196,
                nan,          nan,          nan,          nan,
                nan,          nan,          nan,          nan,
                nan,          nan,          nan,          nan,
                nan,          nan,          nan,          nan,
                nan,          nan,          nan,          nan,
                nan,          nan, 308.74081463, 232.73065604,
                nan,          nan,          nan,          nan,
       306.35258964, 238.42358381,          nan,          nan,
                nan,          nan,          nan,          nan,
                nan,          nan,          nan,          nan,
       295.61596617, 232.32103829,          nan,          nan,
                nan,          nan, 336.74008171, 255.22736304,
                nan,          nan,          nan,          nan,
                nan,          nan,          nan,          nan,
                nan,          nan,          nan,          nan,
                nan,          nan,          nan,          nan,
                nan,          nan,          nan,          nan,
                nan,          nan,          nan,          nan,
                nan,          nan,          nan,  90.98330001,
        84.23439639,  77.55147774,          nan,          nan,
       115.97226704, 102.29685829,  88.87599099,  75.70968936,
                nan,          nan,          nan,          nan,
                nan,          nan,          nan,          nan,
                nan,          nan,          nan,          nan,
                nan,          nan,          nan,          nan,
                nan,          nan,          nan,          nan,
                nan,          nan,          nan, 101.94830788,
                nan,          nan,          nan,          nan,
       304.02022681, 247.03052762, 352.30712312, 322.46358771,
       292.1557398 , 261.44736476, 230.42408473, 199.19467148,
                nan,          nan,          nan,          nan,
       288.72906933, 242.71011768,          nan,          nan,
                nan,          nan,          nan, 261.36307632,
       378.5771078 , 337.35689746, 295.44598178, 253.07293726,
       210.53239616, 168.17885333,          nan,          nan,
                nan,          nan,          nan, 271.80513333,
       262.91191406, 239.85726221, 216.78566204, 193.7546397 ,
       170.8259452 , 148.06469171,          nan,          nan,
                nan,          nan,          nan, 276.32094892,
                nan,          nan,          nan, 320.32121071,
       273.41751353, 225.6022043 ,          nan,          nan,
                nan, 334.54773172, 286.77503823, 237.87074927,
                nan,          nan,          nan,          nan,
                nan,          nan,          nan,          nan,
       911.34895632, 872.58429803, 834.29578271, 796.48503969,
                nan,          nan,          nan,          nan,
                nan, 886.77522334, 911.16247334, 823.60809114,
       711.11671914, 585.33949994, 454.77063028, 325.64040674,
       971.28369275, 867.29933812, 650.87209919, 398.84216846,
       159.46144556, -48.64006913,          nan,          nan,
                nan,          nan,          nan,          nan,
                nan,          nan,          nan,          nan,
                nan, 899.05302511,          nan,          nan,
                nan,          nan,          nan,          nan,
       473.95991251, 960.08953877, 876.97910378, 732.46367548,
       558.39147842, 377.59168892,          nan,          nan,
                nan,          nan,          nan,          nan,
       506.71003453, 463.00117638, 420.26712089, 378.58314431,
       338.00770151, 298.58395841,          nan,          nan,
                nan,          nan,          nan,          nan,
                nan,          nan,          nan,          nan,
                nan,          nan, 455.22887195, 450.50214357,
       445.77483823, 441.04713472, 436.31921447, 431.59126152,
                nan,          nan,          nan,          nan,
                nan, 497.18694002,          nan,          nan,
                nan,          nan,          nan,          nan,
                nan,          nan,          nan,          nan,
                nan, 505.11255834,          nan,          nan,
                nan,          nan,          nan, 523.78652965,
                nan,          nan,          nan,          nan,
       577.03052862, 491.87256246,          nan,          nan,
                nan,          nan,          nan,          nan])
max_QEXP_Renorm: nan
llh_GD_RAY: array([ -82.07168764,  -81.96259605,  -83.12646804,  -87.4337513 ,
        -81.7020167 ,  -82.64781966,  -82.82558754,  -82.69849208,
        -81.80622913,  -95.63156585,  -81.90107396,  -88.48278378,
        -78.55622071,  -85.82455101,  -79.592407  ,  -88.14407127,
        -89.2885199 , -100.89207541,  -78.61898692,  -89.16299083,
        -99.67570585,  -92.89014384,  -92.72247152,  -93.76581259,
        -90.82679127,  -93.46976254,  -90.89260007,  -93.67271129,
        -98.30725542,  -93.75555302,  386.07871637,  438.16756131,
        454.99020255,  434.22965937,  447.59092648,  453.09701839,
        436.12396386,  421.58304321,  460.11946397,  451.12886592,
         68.51022505,   72.88963435,   82.01263053,   15.30680797,
         47.20678682,   55.29829317,   77.12044508,   46.66880134,
         84.04876484,   81.17238151])
llh_GD_RAY_Renorm_gamma: array([ -86.69682112,  -86.98471471,  -90.87977531,  -89.64022893,
        -83.50258977,  -89.68458691,  -90.48241858,  -90.13442573,
        -86.87736786,  -83.84452305,  -88.53590933,  -88.32947455,
        -89.16602974,  -87.55286832,  -91.17789062,  -87.35579941,
        -86.86615387,  -85.71972363,  -87.50978483,  -86.92541521,
        -95.63703151,  -94.41586144,  -96.78907785, -106.66930407,
        -93.59239004,  -94.41850418,  -96.2283019 , -114.01902449,
        -94.84700116, -104.32890263,  386.82396536,  443.72299621,
        452.32440747,  431.14518486,  448.00756568,  451.82304874,
        436.74528369,  432.8801079 ,  456.99558276,  447.91536208,
         68.02810965,   75.13697731,   81.68571724,   15.29183205,
         51.54076492,   59.77900932,   77.83972872,   68.33930802,
         81.80121149,   81.64981015])
llh_GD_RAY_Renorm_eta: array([-83.83242888, -84.44455964, -84.30062889, -88.70863829,
       -83.34301362, -84.16968755, -84.72704519, -84.33132579,
       -84.10466164, -85.36427249, -87.32688886, -88.12071632,
       -86.82187155, -87.15594995, -88.04851177, -87.55508532,
       -86.71447653, -85.82135206, -86.30853737, -87.25007816,
       -96.50148865, -94.28541983, -95.20136757, -97.18606426,
       -93.21525011, -93.56740591, -93.67154375, -97.27628379,
       -91.61140053, -94.93656021, 386.07171235, 444.17421476,
       448.59649292, 429.63827724, 447.57513942, 447.37710956,
       437.57208021, 434.73288515, 455.5023136 , 445.94718588,
        67.78484074,  70.52238686,  80.84354765,  10.87394402,
        55.68334292,  49.68314656,  75.85556883,  54.12242118,
        80.98130071,  80.09207468])
llh_GD_RAY_Renorm_gammaeta: array([ -84.06444785,  -84.35048703,  -84.69393864,  -85.09777714,
        -85.5646228 ,  -86.0968633 ,  -84.7042085 ,  -84.99660702,
        -85.32280954,  -85.68379132,  -86.08048158,  -86.51380285,
        -84.80841845,  -85.4466967 ,  -86.22325116,  -87.14540435,
        -88.22131436,  -89.46142007,  -88.83616789,  -88.96552201,
        -89.0967164 ,  -89.22976729,  -89.36469141,  -89.50150604,
        -83.33795807,  -83.34103259,  -83.35290096,  -83.37425998,
        -83.40583233,  -83.44835875,  -84.59953752,  -85.13815314,
        -85.79208209,  -86.56716422,  -87.46931714,  -88.50547851,
        -85.23765014,  -85.84415352,  -86.5508869 ,  -87.36227551,
        -88.28342406,  -89.32072687,  -84.80031219,  -85.37906654,
        -86.07363419,  -86.88964571,  -87.83314364,  -88.91151785,
        -84.35944453,  -84.65828793,  -85.00319426,  -85.39595154,
        -85.83819176,  -86.33147132,  -85.09350324,  -84.84042484,
        -84.60510224,  -84.38769981,  -84.18837173,  -84.00724465,
        -87.45755358,  -87.60049549,  -87.75680864,  -87.92754984,
        -88.11371696,  -88.31622895,  -88.14946031,  -88.17855946,
        -88.20801643,  -88.23783386,  -88.26801434,  -88.29856041,
        -87.00693252,  -87.22643215,  -87.48976637,  -87.80667883,
        -88.18653027,  -88.63751128,  -87.2061047 ,  -87.25827634,
        -87.31256387,  -87.36906694,  -87.4278855 ,  -87.48911947,
        -88.36108465,  -88.71533573,  -89.11373508,  -89.55811051,
        -90.04972112,  -90.58941967,  -87.52498789,  -87.49544992,
        -87.46646136,  -87.43801216,  -87.41009218,  -87.38269132,
        -86.73494671,  -86.75578826,  -86.77701758,  -86.79865146,
        -86.82070705,  -86.84320189,  -85.78714304,  -85.75826938,
        -85.7354883 ,  -85.71954981,  -85.71117471,  -85.71103304,
        -86.42600378,  -86.55231432,  -86.69170535,  -86.84980459,
        -87.03346837,  -87.250588  ,  -87.19816208,  -87.14825249,
        -87.10025116,  -87.05406118,  -87.00958722,  -86.96673573,
        -96.36645107,  -96.23536328,  -96.10816623,  -95.98479867,
        -95.86519737,  -95.74929725,  -94.30346504,  -94.32170376,
        -94.34013774,  -94.35876874,  -94.37759852,  -94.39662883,
        -95.38925084,  -95.58934158,  -95.80212127,  -96.02805408,
        -96.26758329,  -96.52112769,  -98.12440537,  -99.20010809,
       -100.41606936, -101.77255749, -103.26812606, -104.90082016,
        -93.26097913,  -93.30888294,  -93.35927203,  -93.41247163,
        -93.46882093,  -93.52867224,  -93.65841151,  -93.75791994,
        -93.8669215 ,  -93.98643321,  -94.11749424,  -94.26116133,
        -93.87677554,  -94.122278  ,  -94.41580717,  -94.76530172,
        -95.17873533,  -95.66392883,  -98.7453168 , -100.52329937,
       -102.6127909 , -105.00862429, -107.70619129, -110.70702503,
        -91.56194873,  -91.87162436,  -92.3208708 ,  -92.74564175,
        -93.14749333,  -93.72295251,  -95.64488102,  -96.53756049,
        -97.63764815,  -98.96173491, -100.51833717, -102.30851288,
        386.17923876,  386.28674481,  386.39423036,  386.50169531,
        386.60913954,  386.71656293,  444.11000456,  444.04571132,
        443.98133496,  443.91687537,  443.85233244,  443.78770609,
        449.14838718,  449.69366383,  450.23242783,  450.76478309,
        451.29083188,  451.81067425,  429.85541051,  430.07192545,
        430.28782086,  430.5030956 ,  430.71774855,  430.93177865,
        447.63716146,  447.69910099,  447.76095814,  447.82273305,
        447.88442585,  447.94603668,  448.03945334,  448.69244728,
        449.33626006,  449.97106045,  450.597016  ,  451.2142917 ,
        437.45466798,  437.33702204,  437.21914232,  437.1010287 ,
        436.98268111,  436.86409946,  434.47137138,  434.20880015,
        433.94517207,  433.68048788,  433.41474845,  433.14795475,
        455.719088  ,  455.9347044 ,  456.14916787,  456.36248318,
        456.57465475,  456.78568669,  446.23341773,  446.51794194,
        446.8007702 ,  447.08191434,  447.36138633,  447.63919819,
         67.81972779,   67.85457006,   67.88936754,   67.92412025,
         67.95882817,   67.9934913 ,   71.25510112,   71.96287736,
         72.64597018,   73.3046526 ,   73.9392031 ,   74.54989341,
         80.98566467,   81.12050807,   81.24807774,   81.3683764 ,
         81.48140971,   81.58718622,   11.51719692,   12.15627528,
         12.79125158,   13.42220532,   14.04922301,   14.67239834,
         55.10379351,   54.51983102,   53.93164975,   53.33944844,
         52.74342967,   52.14379913,   51.19761981,   52.69314504,
         54.16652392,   55.61464634,   57.03455587,   58.42350659,
         76.16116467,   76.45934889,   76.75014404,   77.03356816,
         77.30963485,   77.57835334,   56.4223507 ,   58.64641694,
         60.78436972,   62.82786176,   64.77063251,   66.60851668,
         81.12219815,   81.25516205,   81.38019566,   81.49730568,
         81.60650223,   81.70779872,   80.370882  ,   80.6309673 ,
         80.87229337,   81.09483729,   81.29859304,   81.48357332])
max_RAY_Renorm: 456.9955827561684
llh_GD_GSS: array([ -94.71536758,  -86.66832296,  -85.11661734,  -91.14899366,
       -110.55082796,  -87.51644264,  -82.86255199, -102.83299483,
       -113.96416414,  -87.94041911,  -78.8262155 ,  -97.05987677,
        -86.11531227,  -97.82596364,  -79.83843701,  -89.4377072 ,
       -122.59808201,  -91.72486423,  -86.72522708,  -80.32708753,
        -97.51159715, -119.59834966,  -93.04160857,  -91.98075627,
        -90.99722116, -100.97644131,  -95.37444872, -108.23018596,
       -158.78465366, -114.5115615 ,  401.24734821,  468.90335441,
        453.3358237 ,  453.09309964,  470.43479979,  467.50798488,
        476.12212363,  410.3140425 , -138.02158217,  254.70328106,
         62.29736832,   38.26371366,   76.54662506,   86.98984279,
         82.01840334,   85.54408637,  -79.24526252,   84.41241626,
         87.37423655,   57.53133473])
llh_GD_GSS_Renorm_kappa: array([ -93.24206563, -159.21897759, -147.0664862 , -111.27677837,
       -126.86895029, -107.58871936,  -95.0578178 , -128.85187679,
       -105.39157733, -116.9934623 , -137.36420287, -110.63353539,
        -95.11682281, -123.23109929, -129.14461068, -101.9971355 ,
       -110.25967689, -210.73194002, -120.77207783, -114.12260269,
       -362.4453925 , -111.80017025, -131.04100531, -103.65791049,
       -117.36924276, -120.46630492, -173.85706005, -100.44379481,
       -147.96276024, -106.88425856,  457.06405384,  468.12861223,
        469.03004553,  463.59353022,  473.91261571,  473.99313963,
        474.08627155,  474.06580169,  399.81420684,  472.59084588,
         79.08217935,   74.76383023,   80.17232529,   80.27655166,
         79.42292376,   83.36261028,   78.21779509,   82.26093364,
         83.35873766,   66.1782543 ])
llh_GD_GSS_Renorm_tau: array([-102.78452463, -189.10090622, -233.83214383, -116.50311205,
       -108.50560515, -172.49535104, -154.08204257, -111.84140359,
       -297.93547616, -174.13902035, -202.37772112, -112.44005594,
       -108.67611152, -141.98512276, -214.5709914 , -301.33376992,
       -117.43231654, -177.3674362 , -180.86117255, -249.94005453,
       -295.82339555, -115.24437639, -191.21871616, -157.84025583,
       -274.72092763, -153.69242299, -177.83815924, -122.77831127,
       -103.90274457, -103.69590235,  335.8074203 ,  463.07423213,
        471.01219469,  466.22703468,  473.75841269,  474.11843235,
        472.80288151,  197.91272724,  111.56315941,  155.60795837,
        -28.45026086,  -70.46318   ,   79.69409347,   80.32157688,
         80.51543195,  -87.88425422,  -85.05437217,  -68.62283636,
         79.84676476,   13.44608161])
llh_GD_GSS_Renorm_kappatau: array([-101.70589101, -101.30568494, -101.28217632,  -90.21907989,
        -93.23434244,  -93.18449845, -187.45740318, -178.89183063,
       -168.53765802, -160.27345444, -155.08735828, -154.21684045,
       -269.72268336, -220.44108339, -178.01742206, -161.07446776,
       -148.09445697, -142.04760942, -114.44723977, -103.04385731,
       -115.95433767, -113.41288448, -111.70815212, -110.9544713 ,
       -103.57516948, -108.80645614, -112.8665363 , -116.13116765,
       -118.86429252, -121.2499066 , -158.97059788, -132.83183452,
       -136.8763172 , -124.57428074, -114.82676433, -108.72166538,
       -154.65644675, -125.35084256, -115.10103969, -106.39162701,
        -99.73294457,  -95.72167839, -108.68467335,  -93.89081002,
        -86.60221972,  -99.03857964, -129.16212116, -128.14253105,
       -314.65429238, -314.65429239, -241.79918872, -206.2627733 ,
       -162.28546897, -122.33552809, -162.43090396, -131.31633542,
       -152.75937585, -138.00800405, -126.03088246, -118.37453662,
       -191.5857548 , -169.95202936, -156.6848435 , -145.59485671,
       -137.74745447, -134.45904179, -107.62642385, -108.94311352,
       -100.66471759, -111.60300224, -110.6644711 , -110.32280946,
       -109.10619438, -104.08258821,  -97.8560666 ,  -96.53330272,
        -95.61423639,  -95.1308322 , -142.95658973, -134.86257658,
       -129.63979917, -125.61545449, -123.02471796, -122.1312466 ,
       -205.93161408, -175.82438652, -159.08858983, -144.45084446,
       -133.31577028, -127.46031107, -334.79457254, -312.33256387,
       -228.88911038, -183.33257303, -144.70428607, -113.43907992,
       -114.9869556 , -113.84260613, -112.63010034, -111.34593653,
       -109.98757289, -108.55370491, -154.84484998, -140.80613061,
       -208.57345381, -203.88973979, -202.01851403, -203.9117342 ,
       -172.27902926, -157.39635419, -144.40670301, -133.31197721,
       -124.95879873, -120.36749341, -334.79457254, -194.27611248,
       -194.27806701, -165.55316545, -139.29539726, -120.01849624,
       -308.09901435, -308.11342124, -269.61072427, -297.92827853,
       -300.75900351, -316.50693613, -106.10153248, -105.44205292,
       -104.70122696, -103.84548252, -102.8188797 , -101.5171992 ,
       -174.72553226, -151.95198235, -169.76765324, -154.41916087,
       -141.61090885, -133.07710445, -147.50808244, -136.84075345,
       -126.5346204 , -117.54597143, -110.35169076, -105.50657686,
       -308.11371749, -268.66894801, -202.56774425, -186.72887619,
       -154.7454049 , -128.27402004, -136.76615981, -127.07379556,
       -144.31120018, -134.59302967, -126.8682339 , -121.86884545,
       -164.97119077, -138.95402801, -189.66757834, -180.31261103,
       -173.60896835, -170.89169783, -105.01715528, -102.65858426,
       -100.31174882,  -98.03197389,  -95.97219997,  -94.41895539,
       -102.8570444 ,  -93.7136797 , -103.62088693, -115.82629725,
       -126.65138148, -139.06420526,  -99.63363662, -104.82124828,
       -104.63743622, -104.96443537, -106.96108616, -106.90044741,
        235.04676259,  429.18324631,  439.2611939 ,  447.3196056 ,
        453.13604288,  456.4705454 ,  443.39637132,  442.66301419,
        440.91842671,  437.03293829,  425.32848473,  227.85498612,
        459.20232943,  458.24936664,  457.09901043,  455.66880538,
        453.82007674,  451.29544088,  453.23425266,  452.32622289,
        451.27419352,  450.02853615,  448.51339612,  446.60523506,
        472.61112238,  472.65586966,  472.69928211,  472.74094151,
        472.78044302,  472.81738327,  471.8257005 ,  471.74591697,
        471.6598099 ,  471.56556291,  471.4611052 ,  471.34402873,
        464.82035544,  465.34108497,  465.64936734,  465.72304997,
        465.49506507,  464.78925779,  180.81507355,  287.34639431,
        379.40850464,  445.11012563,  464.23549782,  471.57922848,
        112.30115631,  233.86402311,  288.01827887,  335.43395324,
        372.77272557,  395.927955  ,  190.44302225,  428.90685824,
        449.37731333,  444.43330395,  447.00052143,  465.91201325,
        -71.90790469,  -41.9840008 ,  -17.29561991,    4.57762302,
         19.47976387,   35.3106741 ,  -23.48818505,   81.66905565,
         82.49993818,   80.15849922,   78.22591163,   74.83031723,
         79.76127961,   79.8411751 ,   79.92172995,   80.0025264 ,
         80.08322182,   80.16353656,   67.71914249,   55.65957734,
        -37.09517161,  -19.62214904,   -2.54716588,   11.86899178,
         68.87203196,   60.1613181 ,  -34.57474658,  -20.75469533,
         -6.29165298,    5.75013804, -113.25968962, -107.97101145,
        -90.29087479,  -60.25579222,  -27.25837902,   12.69557506,
       -129.35757294,  -12.03146475,   43.26148946,   58.5073514 ,
         70.1034081 ,   77.06527797, -105.34232947,  -58.28845305,
        -17.45831946,   14.66472006,   40.5702508 ,   82.39999561,
         67.66635742,   65.79984746,   44.04877869,  -55.34158488,
        -33.15845197,  -12.56256422,  -23.50450675,   11.71550268,
         65.43460114,   66.59441935,   67.13526335,   67.01236927])
max_GSS_Renorm: 474.118432349491
