llh_GD_EXP: array([ -91.08335606,  -88.27549866,  -85.61921262,  -98.50221109,
        -86.14812101,  -87.64975847,  -90.12964156,  -97.55796308,
        -86.29459484,  -86.54328535,  -81.3979618 ,  -89.6707081 ,
        -91.57155339,  -81.36232062,  -79.50000667,  -91.68488782,
        -92.54056399,  -87.85324928,  -79.14582756,  -80.25448412,
        -96.72723097,  -90.43764584,  -91.22188928,  -96.49787849,
       -105.25106567,  -92.13232003,  -95.54764334,  -97.03474704,
       -101.53088706,  -96.20611401,  461.26340641,  395.38461745,
        469.91778691,  464.33897304,  445.96480164,  452.38895293,
        448.82466571,  443.24840706,  389.3190163 ,  469.38504878,
         67.00013274,   78.74077523,   58.69829362,   81.27271956,
         78.29446309,   60.30651977,   84.97422237,   86.48304834,
          3.47764496,   39.76840225])
llh_GD_EXP_Renorm_alpha: array([ -99.02082689,  -97.38211596,  -99.09527368, -113.16959453,
       -102.17138582, -105.5533    , -114.12657592, -109.02150798,
       -101.08682575,  -96.52890565,  -99.37468478, -121.58080325,
       -113.19723836, -100.01950898,  -95.43423525, -109.76507052,
       -116.89729065,  -95.56024766, -101.97003592,  -95.10761998,
       -105.56192058, -102.87823144, -104.20751635, -124.84293349,
       -117.08061322, -117.97823221, -107.54056693, -122.52419239,
       -110.12904803, -115.92678543,  455.26225926,  395.76447493,
        456.80221356,  455.66817648,  439.04636974,  443.18411557,
        443.276815  ,  439.95757679,  380.6080758 ,  456.92355   ,
         71.20572971,   70.84028114,   56.33503665,   70.80464465,
         71.06745637,   62.0636053 ,   70.31695284,   64.67441101,
         -3.8883349 ,   38.68818024])
llh_GD_EXP_Renorm_beta: array([ -98.62682384,  -96.76399798,  -94.9316392 , -109.03744356,
        -94.77390992,  -96.9580788 ,  -97.92610316, -115.41239987,
        -95.61327504, -105.79041186, -104.40998697, -102.22898584,
       -103.69945565,  -95.19422654, -100.13615438, -104.16277468,
       -113.104458  ,  -95.6585448 , -103.77669135,  -96.60307454,
       -104.7505603 , -103.92256966, -103.52255075, -119.57326611,
       -112.67952792, -104.13426362, -124.93544871, -104.60082722,
       -106.36447085, -105.70075579,  452.95943218,  385.17182242,
        455.79186178,  454.5861708 ,  440.23712165,  438.33990556,
        432.29641306,  431.62545643,  364.64666242,  455.83161858,
         65.4644207 ,   69.65040555,   42.72242077,   68.67768542,
         66.91547024,   46.12745129,   71.18093467,   69.91151773,
        -20.8416494 ,   27.25484642])
llh_GD_EXP_Renorm_alphabeta: array([ -98.68173371,  -98.73709919,  -98.79292214,  -98.84920447,
        -98.90594809,  -98.96315491,  -96.84667066,  -96.93119673,
        -97.01758984,  -97.10586394,  -97.19603327,  -97.28811234,
        -95.1715205 ,  -95.52050207,  -95.98295164,  -96.5643399 ,
        -97.27132204,  -98.11184411, -109.58151011, -110.14039692,
       -110.7144502 , -111.30402581, -111.90948944, -112.53121693,
        -94.96455809,  -95.40941323,  -96.12246088,  -97.12390676,
        -98.4408971 , -100.10856865,  -97.7271097 ,  -98.63015249,
        -99.67692048, -100.87868096, -102.24841459, -103.80098241,
        -99.22620541, -100.80123461, -102.68232056, -104.90685742,
       -107.51930145, -110.57206208, -114.41223123, -113.4419942 ,
       -112.50112878, -111.58911412, -110.70546651, -109.8497369 ,
        -96.05882505,  -96.60602162,  -97.26016487,  -98.0274893 ,
        -98.91525085,  -99.93182681, -103.90737525, -102.22275699,
       -100.72980226,  -99.42144182,  -98.29023192,  -97.32854003,
       -103.53358272, -102.71323011, -101.9466248 , -101.23155195,
       -100.56588456,  -99.94758139, -103.95888571, -105.9626731 ,
       -108.275742  , -110.93999721, -114.00504063, -117.5292697 ,
       -104.75525756, -105.89987694, -107.13957235, -108.48121999,
       -109.93237774, -111.50134815,  -95.43255562,  -95.80271003,
        -96.31249443,  -96.97310772,  -97.79897162,  -98.8075846 ,
        -99.05581024,  -98.12971562,  -97.34600429,  -96.69383892,
        -96.16342715,  -95.74606953, -104.84694036, -105.56702392,
       -106.32460614, -107.1213648 , -107.95908126, -108.83964708,
       -113.61518689, -114.13605878, -114.66720844, -115.20877098,
       -115.76088181, -116.32367649,  -95.64391326,  -95.62947899,
        -95.61524143,  -95.60120005,  -95.58735432,  -95.57370369,
        -99.24124411,  -96.55398012,  -95.28134893,  -95.14859313,
        -96.07938491,  -98.22734071,  -96.24028875,  -95.93098272,
        -95.67262289,  -95.46294183,  -95.29995365,  -95.18197059,
       -104.85768277, -104.96770165, -105.08063535, -105.19650325,
       -105.3153257 , -105.43712402, -103.49228345, -103.16113469,
       -102.92518261, -102.78119622, -102.72659467, -102.75940388,
       -103.06508094, -102.80259712, -102.72657594, -102.83114905,
       -103.11295036, -103.57112777, -109.71535889, -104.58891154,
       -102.76445785, -103.58156241, -106.95691621, -113.47157683,
       -113.23994214, -113.82177365, -114.4257934 , -115.05281262,
       -115.7036842 , -116.37930416, -102.94223253, -102.78054266,
       -103.57674518, -105.33323916, -108.14220302, -112.22318197,
       -114.85199588, -108.41285711, -104.66227062, -102.94388939,
       -102.90271701, -104.4090089 , -105.83718558, -107.41823994,
       -109.38263111, -111.78611361, -114.70516308, -118.24097202,
       -106.80963806, -107.28390522, -107.78822863, -108.32367047,
       -108.89140503, -109.49272502, -106.64540557, -107.73775004,
       -108.98924937, -110.41429576, -112.03059481, -113.85956811,
        453.33346398,  453.69278087,  454.03720261,  454.36654689,
        454.68062929,  454.97926309,  386.69362039,  388.21253596,
        389.72864884,  391.24197575,  392.75247086,  394.26002662,
        455.96200753,  456.12367613,  456.27679266,  456.42128147,
        456.55706614,  456.68406948,  454.75496596,  454.91907298,
        455.07846038,  455.23309647,  455.38294932,  455.52798679,
        440.06892436,  439.90008582,  439.73060876,  439.56049588,
        439.38974993,  439.21837364,  439.06573337,  439.78062605,
        440.48438332,  441.17680671,  441.8576996 ,  442.52686701,
        434.00632924,  435.67255097,  437.29299553,  438.86562248,
        440.38843357,  441.85947112,  432.8871439 ,  434.12638013,
        435.34234721,  436.53423883,  437.70126061,  438.84263012,
        366.97380562,  369.28162352,  371.57253447,  373.84875568,
        376.11228563,  378.36488779,  456.02054028,  456.19866618,
        456.36588869,  456.52209898,  456.66718703,  456.80104154,
         66.94093405,   68.22694653,   69.3082168 ,   70.16764129,
         70.78547472,   71.13958792,   69.86573255,   70.06648934,
         70.25235834,   70.42301258,   70.57811592,   70.71732333,
         44.94466322,   47.06916937,   49.09925067,   51.03809444,
         52.88865875,   54.65357149,   69.08000086,   69.45123612,
         69.79039857,   70.09644227,   70.36827   ,   70.60473531,
         67.80948719,   68.61225462,   69.31891279,   69.92401584,
         70.42156461,   70.80504303,   48.86197305,   51.434527  ,
         53.85201286,   56.12023783,   58.24354285,   60.22448775,
         71.12920437,   71.05446333,   70.95618721,   70.83384334,
         70.68689067,   70.51477978,   69.42928888,   68.86369386,
         68.21165182,   67.46999853,   66.63548305,   65.70476475,
        -18.32324471,  -15.83531891,  -13.37894337,  -10.95513409,
         -8.56484661,   -6.20897216,   29.01392285,   30.73030791,
         32.40441014,   34.03669829,   35.62769729,   37.1779837 ])
max_EXP_Renorm: 456.9235499988464
llh_GD_PWL: array([-94.60956561, 213.10879901,          nan, -88.33311972,
       -87.40147856, -88.89134533, -87.70410663,          nan,
       -88.70790909, -99.66709937,          nan,          nan,
                nan, -83.63446263, -81.33887113,          nan,
                nan,          nan, -79.68524446,          nan,
                nan, -94.02787025,          nan,          nan,
       -95.97041354, -97.52614721, -94.78505526, -93.56896026,
       -91.87484348,          nan,          nan, 389.92320224,
                nan,          nan,          nan,          nan,
                nan,          nan,          nan,          nan,
       109.85468136,          nan,  61.21774486,  65.41050637,
        24.73521879,  34.6240411 ,  70.17173873,  30.50905488,
        11.97237113,  44.59685961])
llh_GD_PWL_Renorm_K: array([ -163.56154639,  -107.21384101,            nan, -2266.0355978 ,
        -290.39077603, -5451.38339179, -1097.13906459,            nan,
        -118.07175804,  -224.984576  ,            nan,            nan,
                  nan,  -241.21382859,  -113.89163974,            nan,
                  nan,            nan,  -120.38029003,            nan,
                  nan,  -142.36019134,            nan,            nan,
        -205.43077098,  -141.11410528,  -489.52643112,  -178.08435327,
        -135.21270792,            nan,            nan,  -604.15732968,
                  nan,            nan,            nan,            nan,
                  nan,            nan,            nan,            nan,
         219.83832957,            nan,    58.02085831,    74.31751924,
         -22.3047159 ,   -25.30885899,    56.44503833,    65.32809895,
          41.75778104,    62.82486851])
llh_GD_PWL_Renorm_c: array([           nan,  -183.95026567,            nan,            nan,
        -138.3176306 , -5451.38339179,            nan,            nan,
        -160.85396279,  -124.61408761,            nan,            nan,
                  nan,            nan,            nan,            nan,
                  nan,            nan,            nan,            nan,
                  nan,  -237.16350581,  -306.50545096,            nan,
        -152.85950413,  -190.06517985,            nan,  -276.7522756 ,
        -311.52564136,            nan,            nan,            nan,
                  nan,            nan,            nan,            nan,
                  nan,            nan,            nan,            nan,
                  nan,            nan,    40.01677076,    60.27823091,
          61.4210757 ,    67.5567015 ,    63.73920221,    39.51184429,
          61.19394104,    27.79447641])
lllh_GD_PWL_Renorm_p: array([ -159.36568478,  -206.94019783,            nan,  -176.52716487,
        -109.6712208 , -5451.38339179,  -238.96677874,            nan,
        -114.17427793,  -109.17231641,            nan,            nan,
                  nan,   -99.1707712 ,  -114.9499898 ,            nan,
                  nan,            nan,  -293.288885  ,            nan,
                  nan,  -164.20435623,            nan,            nan,
        -111.74620872,  -133.85796432,  -138.63804497,  -185.39707485,
        -282.12465856,            nan,            nan,   353.60185444,
                  nan,            nan,            nan,            nan,
                  nan,            nan,            nan,            nan,
          36.28658457,            nan,    58.30980543,    65.50420423,
          30.45255842,    40.78084171,    60.70094212,    36.09303502,
          60.85806731,    51.44980176])
llh_GD_PWL_Renorm_Kc: array([           nan,            nan,            nan,  -159.11404683,
        -155.48108165,  -156.56474893,  -187.79598221,  -188.3773767 ,
        -191.08278647,  -195.52024337,  -200.89130182,  -203.80055502,
                  nan,            nan,            nan,            nan,
                  nan,            nan,            nan,            nan,
                  nan,            nan,            nan,            nan,
                  nan,  -161.86851909,  -172.93387004,  -189.25179674,
        -213.99961382,  -247.674375  , -5451.38339179, -5451.38339179,
       -5451.38339179, -5451.38339179, -5451.38339179, -5451.38339179,
                  nan,            nan,            nan,            nan,
                  nan,  -888.90310275,            nan,            nan,
                  nan,            nan,            nan,            nan,
        -153.96275059,  -146.47078091,  -139.54493584,  -133.21213094,
        -127.50126892,  -122.44337877,  -150.33535548,  -155.84292323,
        -163.98522264,  -174.87924862,  -188.62408184,  -205.30343227,
                  nan,            nan,            nan,            nan,
                  nan,            nan,            nan,            nan,
                  nan,            nan,            nan,            nan,
                  nan,            nan,            nan,            nan,
                  nan,            nan,            nan,            nan,
                  nan,            nan,            nan,  -209.02953973,
                  nan,            nan,            nan,            nan,
        -108.60360471,  -112.22435543,            nan,            nan,
                  nan,            nan,            nan,            nan,
                  nan,            nan,            nan,            nan,
                  nan,            nan,            nan,            nan,
                  nan,            nan,            nan,            nan,
                  nan,            nan,            nan,            nan,
        -153.28722398,  -137.83173594,            nan,            nan,
                  nan,            nan,            nan,            nan,
                  nan,            nan,            nan,            nan,
                  nan,            nan,  -221.78713757,  -205.03847418,
        -189.5672868 ,  -175.46080588,  -162.81616272,  -151.74200018,
                  nan,            nan,            nan,            nan,
                  nan,            nan,            nan,            nan,
                  nan,            nan,            nan,            nan,
        -162.761584  ,  -159.49612895,  -160.05764045,  -164.7251926 ,
        -173.72366635,  -187.2410893 ,  -182.59803904,  -174.27588184,
        -166.48429359,  -159.24649453,  -152.58738626,  -146.53369273,
                  nan,            nan,            nan,            nan,
        -356.39999829,  -415.95553568,  -271.24395221,  -253.69085154,
        -236.87899234,  -220.85532104,  -205.67317865,  -191.39321086,
        -257.37758056,  -215.69017518,  -180.11884862,  -153.02422812,
        -135.65284752,  -129.25994776,            nan,            nan,
                  nan,            nan,            nan,            nan,
                  nan,            nan,            nan,            nan,
                  nan,            nan,            nan,            nan,
                  nan,            nan,            nan,            nan,
                  nan,            nan,            nan,            nan,
                  nan,            nan,            nan,            nan,
                  nan,            nan,            nan,            nan,
                  nan,            nan,            nan,            nan,
                  nan,            nan,            nan,            nan,
                  nan,            nan,            nan,            nan,
                  nan,            nan,            nan,            nan,
                  nan,            nan,            nan,            nan,
                  nan,            nan,            nan,            nan,
                  nan,            nan,            nan,            nan,
                  nan,            nan,            nan,            nan,
                  nan,            nan,            nan,            nan,
                  nan,            nan,            nan,            nan,
                  nan,            nan,            nan,            nan,
                  nan,            nan,            nan,            nan,
          41.83787347,    44.87088145,    47.77363966,    50.54314483,
          53.17631116,    55.66996816,    63.58237474,    66.50015687,
          68.98812489,    71.03056363,    72.61109899,    73.71267315,
          45.22509812,    37.59265583,    28.58950372,    18.15751652,
           6.23783737,    -7.22931803,    52.48003236,    44.94030966,
          35.3826828 ,    23.69333845,     9.75869002,    -6.53632337,
          66.99034337,    68.72320356,    69.16391401,    68.23682941,
          65.86343928,    61.96160231,    55.03522249,    63.81363297,
          70.07203845,    73.59670611,    74.15439852,    71.49063155,
          62.40126881,    63.04297152,    62.23421735,    59.82350046,
          55.68582538,    49.7032722 ,    33.00248764,    39.21492483,
          44.95873697,    50.21355675,    54.95800692,    59.16963838])
llh_GD_PWL_Renorm_Kp: array([-1.35483051e+02, -1.18014044e+02, -1.08214316e+02, -1.07113215e+02,
       -1.15174677e+02, -1.32293579e+02, -1.60359349e+02, -1.35258644e+02,
       -1.24305926e+02, -1.22470456e+02, -1.26151853e+02, -1.34647919e+02,
                   nan,             nan,             nan,             nan,
                   nan,             nan, -1.24314159e+02, -1.05411863e+02,
       -1.46692918e+02, -2.94758135e+02, -6.25787178e+02, -1.24865157e+03,
       -1.01790438e+02, -1.05836872e+02, -1.23177138e+02, -1.53836507e+02,
       -1.95597637e+02, -2.43471048e+02, -5.45138339e+03, -5.45138339e+03,
       -5.45138339e+03, -5.45138339e+03, -5.45138339e+03, -5.45138339e+03,
       -1.67766585e+02, -1.17219362e+02, -1.04125803e+02, -1.56654698e+02,
       -3.16683892e+02, -6.29715437e+02,             nan,             nan,
                   nan,             nan,             nan,             nan,
       -1.12176724e+02, -1.11074042e+02, -1.10826106e+02, -1.11406573e+02,
       -1.12804179e+02, -1.15021446e+02, -1.18937234e+02, -1.32303530e+02,
       -1.48697805e+02, -1.67271213e+02, -1.86948970e+02, -2.06551322e+02,
                   nan,             nan,             nan,             nan,
                   nan,             nan,             nan,             nan,
                   nan,             nan,             nan,             nan,
                   nan,             nan,             nan,             nan,
                   nan,             nan, -1.00118873e+02, -1.09322439e+02,
       -1.26598951e+02, -1.50889755e+02, -1.80119561e+02, -2.11330102e+02,
       -1.06872436e+02, -1.02244814e+02, -1.00682009e+02, -1.01628100e+02,
       -1.04461878e+02, -1.08650098e+02,             nan,             nan,
                   nan,             nan,             nan,             nan,
                   nan,             nan,             nan,             nan,
                   nan,             nan,             nan,             nan,
                   nan,             nan,             nan,             nan,
       -2.36772491e+02, -1.89415090e+02, -1.53308173e+02, -1.29479995e+02,
       -1.17266225e+02, -1.14781322e+02,             nan,             nan,
                   nan,             nan,             nan,             nan,
                   nan,             nan,             nan,             nan,
                   nan,             nan, -1.50455337e+02, -1.40114647e+02,
       -1.33251178e+02, -1.29866497e+02, -1.29998639e+02, -1.33907324e+02,
                   nan,             nan,             nan,             nan,
                   nan,             nan,             nan,             nan,
                   nan,             nan,             nan,             nan,
       -1.08056142e+02, -1.10970665e+02, -1.20631426e+02, -1.36552354e+02,
       -1.57439125e+02, -1.81210335e+02, -1.31061103e+02, -1.29491271e+02,
       -1.29146440e+02, -1.30047248e+02, -1.32252502e+02, -1.35877041e+02,
       -1.16311706e+02, -1.09834037e+02, -1.25008876e+02, -1.68311590e+02,
       -2.45134767e+02, -3.55860989e+02, -1.76182151e+02, -1.69887423e+02,
       -1.66426443e+02, -1.65664477e+02, -1.67444673e+02, -1.71619440e+02,
       -2.22645356e+02, -1.72040168e+02, -1.34151018e+02, -1.12623561e+02,
       -1.08673242e+02, -1.18623529e+02,             nan,             nan,
                   nan,             nan,             nan,             nan,
                   nan,             nan,             nan,             nan,
                   nan,             nan,  3.93343022e+02,  3.80674987e+02,
        3.04035989e+02,  1.55756661e+02, -6.17862901e+01, -3.28780583e+02,
                   nan,             nan,             nan,             nan,
                   nan,             nan,             nan,             nan,
                   nan,             nan,             nan,             nan,
                   nan,             nan,             nan,             nan,
                   nan,             nan,             nan,             nan,
                   nan,             nan,             nan,             nan,
                   nan,             nan,             nan,             nan,
                   nan,             nan,             nan,             nan,
                   nan,             nan,             nan,             nan,
                   nan,             nan,             nan,             nan,
                   nan,             nan,             nan,             nan,
                   nan,             nan,             nan,             nan,
        2.93412402e+01,  2.21755331e+01,  1.52945262e+01,  9.73221259e+00,
        8.05649913e+00,  1.94053255e+01,             nan,             nan,
                   nan,             nan,             nan,             nan,
        5.92565290e+01,  5.99129288e+01,  6.02594182e+01,  6.02730146e+01,
        5.99267263e+01,  5.91886781e+01,  6.77660216e+01,  6.97067568e+01,
        7.13258896e+01,  7.26149404e+01,  7.35582940e+01,  7.41344521e+01,
        2.30498978e+01,  1.50618909e+01,  6.83155393e+00, -1.29572460e+00,
       -9.00477469e+00, -1.60508361e+01,  3.32312164e+01,  2.40197338e+01,
        1.37325497e+01,  3.03651330e+00, -7.38934860e+00, -1.69576158e+01,
        6.28888296e+01,  6.37866393e+01,  6.36768235e+01,  6.28317168e+01,
        6.14362598e+01,  5.94616786e+01,  4.69210860e+01,  5.43792531e+01,
        5.91872836e+01,  6.21490741e+01,  6.39629492e+01,  6.50268947e+01,
        6.28292042e+01,  6.27481147e+01,  6.09332545e+01,  5.77787761e+01,
        5.36617886e+01,  4.86823915e+01,  5.65949479e+01,  6.08811150e+01,
        6.42363308e+01,  6.65161159e+01,  6.74535763e+01,  6.65559536e+01])
max_PWL_Renorm: nan
llh_GD_QEXP: array([ 396.21632242,  333.40676217,  495.96479095,  402.27945056,
        406.15341995,  506.43630371,  484.10690241,  499.78285137,
        462.48200374,  558.21273957,  245.32715442,  343.716551  ,
        310.13930376,  212.49798327,  149.70255213,  164.83504923,
        360.69738511,  419.50068281,  410.86122067,  321.62590024,
        467.37232991,  334.98692668,  423.25667012,  443.02484962,
        338.99697916,  562.27152944,  219.68227182,  534.95691835,
        399.42576583,  426.4040526 , 1717.30567889, 1044.03441628,
       1658.84841687, 1306.31855112, 1737.40445135, 1806.38743235,
       1768.8222141 , 1710.90468939, 1792.29576213, 1623.46136823,
        480.35404469,  970.36223833,  990.90004057,  464.83707664,
        780.92648893,  877.03382334,  864.02524789,  915.4576206 ,
        835.43767694,  677.51074402])
llh_GD_QEXP_Renorm_a: array([ -888.12516431,  -862.872351  ,  -791.76352281,  -792.30505251,
        -803.20962249,  -865.02747903,  -851.69146418,  -795.25157867,
        -853.00696495,  -849.08476036, -1081.16123962, -1082.17931455,
       -1081.65178593, -1080.45735133, -1086.3545524 , -1094.56564378,
       -1080.77207417, -1086.81645038, -1087.40265273, -1098.93628776,
        -792.66169049,  -813.67630109,  -785.60005949,  -766.7121153 ,
        -855.33275737,  -785.69937667,  -856.2118366 ,  -770.93476748,
        -804.29119825,  -793.33495791, -2689.90957568, -2692.61319344,
       -2694.68521566,    24.03096786,  -746.46121009, -2685.72197111,
       -2696.21029292, -2686.29443495,    27.57531825, -2684.88911953,
       -1286.4047653 , -1111.47970197, -1100.91361041, -1119.1734373 ,
       -1119.54059161, -1095.9981419 , -1130.26977522, -1118.16623141,
       -1139.64944651, -1088.74652584])
lllh_GD_QEXP_Renorm_q: array([         nan,          nan,          nan,          nan,
                nan,          nan,          nan,          nan,
                nan,          nan,          nan,          nan,
                nan,          nan,          nan,          nan,
                nan,          nan,          nan,          nan,
                nan,          nan,          nan,          nan,
                nan,          nan,          nan,          nan,
                nan,          nan,          nan,          nan,
                nan, 943.28097777, 424.34842023,          nan,
                nan,          nan, 394.2242225 ,          nan,
                nan,          nan,          nan,          nan,
                nan,          nan,          nan,          nan,
                nan,          nan])
llh_GD_QEXP_Renorm_aq: array([          nan,           nan,           nan,           nan,
                 nan, -614.75458723,           nan,           nan,
                 nan,           nan,           nan,           nan,
                 nan,           nan,           nan,           nan,
                 nan,           nan,           nan,           nan,
                 nan,           nan,           nan,           nan,
                 nan,           nan,           nan,           nan,
                 nan,           nan,           nan,           nan,
                 nan,           nan,           nan,           nan,
                 nan,           nan,           nan,           nan,
                 nan,           nan,           nan,           nan,
                 nan,           nan,           nan,           nan,
                 nan,           nan,           nan,           nan,
                 nan,           nan,           nan,           nan,
                 nan,           nan,           nan,           nan,
                 nan,           nan,           nan,           nan,
                 nan,           nan,           nan,           nan,
                 nan,           nan,           nan,           nan,
                 nan,           nan,           nan,           nan,
                 nan,           nan,           nan,           nan,
                 nan,           nan,           nan,           nan,
                 nan,           nan,           nan,           nan,
                 nan,           nan,           nan,           nan,
                 nan,           nan,           nan,           nan,
                 nan,           nan,           nan,           nan,
                 nan,           nan,           nan,           nan,
                 nan,           nan,           nan,           nan,
                 nan,           nan,           nan,           nan,
                 nan,           nan,           nan,           nan,
                 nan,           nan,           nan,           nan,
                 nan,           nan,           nan,           nan,
                 nan,           nan,           nan,           nan,
                 nan,           nan,           nan,           nan,
                 nan,           nan,           nan,           nan,
                 nan,           nan,           nan,           nan,
                 nan,           nan,           nan,           nan,
                 nan,           nan,           nan,           nan,
                 nan, -603.91972706,           nan,           nan,
                 nan,           nan,           nan,           nan,
                 nan,           nan,           nan,           nan,
                 nan, -623.52536468,           nan,           nan,
                 nan,           nan,           nan,           nan,
                 nan,           nan,           nan,           nan,
                 nan,           nan,           nan,           nan,
                 nan,           nan,           nan,           nan,
                 nan,           nan,           nan,           nan,
                 nan,           nan,           nan,           nan,
                 nan,           nan,           nan,           nan,
                 nan,           nan,           nan,           nan,
                 nan,           nan,  881.10604269,  780.82690338,
        654.09024171,  510.06534859,  354.73156732,  191.89948407,
        957.09578659,  832.16207496,  582.8781462 ,  276.53416929,
        -54.99179385, -398.0910992 ,           nan,           nan,
                 nan,           nan,           nan,           nan,
                 nan,           nan,           nan,           nan,
                 nan,           nan,           nan,           nan,
                 nan,           nan,           nan,           nan,
        964.16057312,  944.33317119,  847.37460806,  684.28896483,
        483.28701997,  261.35038482,           nan,           nan,
                 nan,           nan,           nan,           nan,
                 nan,           nan,           nan,           nan,
       -610.20819287, -966.49304163,           nan,           nan,
                 nan,           nan,           nan,           nan,
                 nan,           nan,           nan,           nan,
                 nan,           nan,           nan,           nan,
                 nan,           nan,           nan,           nan,
                 nan,           nan,           nan,           nan,
                 nan,           nan,           nan,           nan,
                 nan,           nan,           nan,           nan,
                 nan,           nan,           nan,           nan,
                 nan,           nan,           nan,           nan,
                 nan,           nan,           nan,           nan,
                 nan,           nan,           nan,           nan,
                 nan,           nan,           nan,           nan,
                 nan,           nan,           nan,           nan])
max_QEXP_Renorm: nan
llh_GD_RAY: array([ -82.07168764,  -81.96259605,  -83.12646804,  -87.4337513 ,
        -81.7020167 ,  -82.64781966,  -82.82558754,  -82.69849208,
        -81.80622913,  -95.63156585,  -81.90107396,  -88.48278378,
        -78.55622071,  -85.82455101,  -79.592407  ,  -88.14407127,
        -89.2885199 , -100.89207541,  -78.61898692,  -89.16299083,
        -99.67570585,  -92.89014384,  -92.72247152,  -93.76581259,
        -90.82679127,  -93.46976254,  -90.89260007,  -93.67271129,
        -98.30725542,  -93.75555302,  386.07871637,  438.16756131,
        454.99020255,  434.22965937,  447.59092648,  453.09701839,
        436.12396386,  421.58304321,  460.11946397,  451.12886592,
         68.51022505,   72.88963435,   82.01263053,   15.30680797,
         47.20678682,   55.29829317,   77.12044508,   46.66880134,
         84.04876484,   81.17238151])
llh_GD_RAY_Renorm_gamma: array([ -96.43085718,  -96.87350697, -103.40384525, -101.21336926,
        -91.76110249, -101.28994526, -102.69027399, -102.07413929,
        -96.70785992,  -92.05802499,  -98.76030589,  -98.42765916,
        -99.79387208,  -97.20325775, -103.31755416,  -96.9009051 ,
        -96.17815039,  -95.4462249 ,  -97.13678894,  -96.26230824,
       -103.91955892, -102.55556666, -105.25141267, -117.53244121,
       -101.71862809, -102.55841983, -104.59951467, -128.30810931,
       -103.0282728 , -114.46638385,  368.83016792,  422.85846208,
        427.51747837,  412.65440596,  425.56681082,  427.34383914,
        417.48193059,  414.18560606,  428.21874949,  425.51535957,
         55.76672492,   58.82229957,   50.99978688,    1.47393527,
         40.95551713,   48.94386032,   58.16461967,   55.97995739,
         50.25212928,   51.21040017])
llh_GD_RAY_Renorm_eta: array([ -91.94824018,  -92.63190955,  -92.46750036,  -98.1580557 ,
        -91.49737976,  -92.31968383,  -92.95986145,  -92.50240153,
        -92.24695484,  -94.61658424,  -96.55008214,  -97.58987868,
        -95.92992598,  -96.33498468,  -97.49294316,  -96.84277684,
        -95.80641308,  -95.19395904,  -95.39836094,  -96.45293134,
       -104.19791359, -102.1208788 , -102.9435264 , -104.88391863,
       -101.34204422, -101.5566148 , -101.63049525, -104.97538826,
       -102.78310489, -102.69864978,  363.61841134,  421.2780303 ,
        424.49614721,  408.24466915,  423.80656403,  423.6686787 ,
        415.67171058,  413.07765425,  427.84800202,  422.63651414,
         54.17789401,   56.29240427,   55.77795782,   -7.21190669,
         42.59354813,   36.35194005,   58.78360293,   40.98498279,
         55.47064696,   56.9964753 ])
llh_GD_RAY_Renorm_gammaeta: array([-9.22499620e+01, -9.26452407e+01, -9.31448553e+01, -9.37600572e+01,
       -9.45030644e+01, -9.53878136e+01, -9.30058426e+01, -9.34470494e+01,
       -9.39609559e+01, -9.45534573e+01, -9.52311488e+01, -9.60015800e+01,
       -9.31319821e+01, -9.40213029e+01, -9.51696034e+01, -9.66188382e+01,
       -9.84234945e+01, -1.00654787e+02, -9.85430284e+01, -9.89441073e+01,
       -9.93618994e+01, -9.97970406e+01, -1.00250197e+02, -1.00722064e+02,
       -9.14774542e+01, -9.14738416e+01, -9.14881018e+01, -9.15219770e+01,
       -9.15773770e+01, -9.16563588e+01, -9.28799383e+01, -9.36262890e+01,
       -9.45848790e+01, -9.57863577e+01, -9.72691374e+01, -9.90826360e+01,
       -9.36594616e+01, -9.45387615e+01, -9.56214059e+01, -9.69364476e+01,
       -9.85204934e+01, -1.00419519e+02, -9.31221423e+01, -9.39342172e+01,
       -9.49654440e+01, -9.62480748e+01, -9.78230257e+01, -9.97428586e+01,
       -9.25942928e+01, -9.30237784e+01, -9.35433343e+01, -9.41614052e+01,
       -9.48873512e+01, -9.57319380e+01, -9.41274303e+01, -9.36811607e+01,
       -9.32764840e+01, -9.29125038e+01, -9.25884942e+01, -9.23038071e+01,
       -9.67618570e+01, -9.70022250e+01, -9.72747121e+01, -9.75829905e+01,
       -9.79308182e+01, -9.83219890e+01, -9.76965084e+01, -9.78072844e+01,
       -9.79223294e+01, -9.80417664e+01, -9.81657184e+01, -9.82943083e+01,
       -9.61814908e+01, -9.64986537e+01, -9.68998447e+01, -9.74063601e+01,
       -9.80414482e+01, -9.88291608e+01, -9.64342617e+01, -9.65408421e+01,
       -9.66552737e+01, -9.67781281e+01, -9.69099989e+01, -9.70514990e+01,
       -9.79906172e+01, -9.85794712e+01, -9.92708968e+01, -1.00076585e+02,
       -1.01009222e+02, -1.02083555e+02, -9.68509722e+01, -9.68592035e+01,
       -9.68674709e+01, -9.68757747e+01, -9.68841148e+01, -9.68924916e+01,
       -9.58518365e+01, -9.58995653e+01, -9.59497439e+01, -9.60025257e+01,
       -9.60580724e+01, -9.61165543e+01, -9.52093001e+01, -9.52309153e+01,
       -9.52591959e+01, -9.52945202e+01, -9.53372478e+01, -9.53877142e+01,
       -9.55184501e+01, -9.56653656e+01, -9.58455198e+01, -9.60685710e+01,
       -9.63472236e+01, -9.66971473e+01, -9.64240518e+01, -9.63957406e+01,
       -9.63679861e+01, -9.63407768e+01, -9.63141015e+01, -9.62879489e+01,
       -1.04156892e+02, -1.04116293e+02, -1.04076114e+02, -1.04036354e+02,
       -1.03997010e+02, -1.03958079e+02, -1.02174948e+02, -1.02231555e+02,
       -1.02290782e+02, -1.02352713e+02, -1.02417431e+02, -1.02485020e+02,
       -1.03188084e+02, -1.03458419e+02, -1.03756124e+02, -1.04082768e+02,
       -1.04439887e+02, -1.04828964e+02, -1.05977870e+02, -1.07285905e+02,
       -1.08822358e+02, -1.10599233e+02, -1.12629218e+02, -1.14930495e+02,
       -1.01376199e+02, -1.01415427e+02, -1.01460544e+02, -1.01512434e+02,
       -1.01572054e+02, -1.01640425e+02, -1.01641190e+02, -1.01741311e+02,
       -1.01859247e+02, -1.01997389e+02, -1.02158232e+02, -1.02344358e+02,
       -1.01812048e+02, -1.02051786e+02, -1.02362741e+02, -1.02758684e+02,
       -1.03253872e+02, -1.03862745e+02, -1.06639573e+02, -1.08760846e+02,
       -1.11376862e+02, -1.14528933e+02, -1.18291512e+02, -1.22805830e+02,
       -1.01630264e+02, -1.01170926e+02, -1.01108223e+02, -1.01185210e+02,
       -1.01351296e+02, -1.01813505e+02, -1.03437612e+02, -1.04429044e+02,
       -1.05715861e+02, -1.07335308e+02, -1.09316621e+02, -1.11683875e+02,
        3.64367102e+02,  3.65114446e+02,  3.65860422e+02,  3.66605006e+02,
        3.67348175e+02,  3.68089905e+02,  4.21514676e+02,  4.21747737e+02,
        4.21977191e+02,  4.22203014e+02,  4.22425183e+02,  4.22643674e+02,
        4.25059472e+02,  4.25580682e+02,  4.26058741e+02,  4.26492574e+02,
        4.26881070e+02,  4.27223090e+02,  4.08901967e+02,  4.09550318e+02,
        4.10189621e+02,  4.10819778e+02,  4.11440691e+02,  4.12052265e+02,
        4.24082381e+02,  4.24350221e+02,  4.24610002e+02,  4.24861638e+02,
        4.25105044e+02,  4.25340132e+02,  4.24350776e+02,  4.24982834e+02,
        4.25563524e+02,  4.26091451e+02,  4.26565159e+02,  4.26983138e+02,
        4.15937595e+02,  4.16201072e+02,  4.16462128e+02,  4.16720753e+02,
        4.16976936e+02,  4.17230666e+02,  4.13238081e+02,  4.13397794e+02,
        4.13556794e+02,  4.13715076e+02,  4.13872640e+02,  4.14029484e+02,
        4.27969736e+02,  4.28069040e+02,  4.28145601e+02,  4.28199122e+02,
        4.28229321e+02,  4.28235940e+02,  4.23103574e+02,  4.23552514e+02,
        4.23983057e+02,  4.24394915e+02,  4.24787792e+02,  4.25161379e+02,
        5.44232878e+01,  5.46626426e+01,  5.48958973e+01,  5.51229919e+01,
        5.53438670e+01,  5.55584639e+01,  5.69374371e+01,  5.74915886e+01,
        5.79523576e+01,  5.83174480e+01,  5.85848979e+01,  5.87533204e+01,
        5.52705266e+01,  5.47079296e+01,  5.40870819e+01,  5.34061111e+01,
        5.26643218e+01,  5.18619643e+01, -5.92175131e+00, -4.64873136e+00,
       -3.39246208e+00, -2.15252998e+00, -9.28486369e-01,  2.80157771e-01,
        4.23624436e+01,  4.21303438e+01,  4.18972657e+01,  4.16632268e+01,
        4.14282442e+01,  4.11923352e+01,  3.83274359e+01,  4.02582289e+01,
        4.21358593e+01,  4.39516960e+01,  4.56971553e+01,  4.73638782e+01,
        5.88214822e+01,  5.88150001e+01,  5.87650002e+01,  5.86728491e+01,
        5.85404589e+01,  5.83701967e+01,  4.37053678e+01,  4.62744823e+01,
        4.86654601e+01,  5.08532440e+01,  5.28149908e+01,  5.45300942e+01,
        5.49134070e+01,  5.42955877e+01,  5.36147001e+01,  5.28696051e+01,
        5.20603199e+01,  5.11875743e+01,  5.64706715e+01,  5.58615820e+01,
        5.51559559e+01,  5.43428520e+01,  5.34153471e+01,  5.23709088e+01])
max_RAY_Renorm: 428.2359403359831
llh_GD_GSS: array([ -94.71536758,  -86.66832296,  -85.11661734,  -91.14899366,
       -110.55082796,  -87.51644264,  -82.86255199, -102.83299483,
       -113.96416414,  -87.94041911,  -78.8262155 ,  -97.05987677,
        -86.11531227,  -97.82596364,  -79.83843701,  -89.4377072 ,
       -122.59808201,  -91.72486423,  -86.72522708,  -80.32708753,
        -97.51159715, -119.59834966,  -93.04160857,  -91.98075627,
        -90.99722116, -100.97644131,  -95.37444872, -108.23018596,
       -158.78465366, -114.5115615 ,  401.24734821,  468.90335441,
        453.3358237 ,  453.09309964,  470.43479979,  467.50798488,
        476.12212363,  410.3140425 , -138.02158217,  254.70328106,
         62.29736832,   38.26371366,   76.54662506,   86.98984279,
         82.01840334,   85.54408637,  -79.24526252,   84.41241626,
         87.37423655,   57.53133473])
llh_GD_GSS_Renorm_kappa: array([-1.07424893e+02, -3.37832164e+02, -3.29261073e+02, -1.44868592e+02,
       -1.64973296e+02, -1.37372095e+02, -1.27606671e+02, -1.70695033e+02,
       -1.24438813e+02, -1.46646097e+02, -2.89018493e+02, -1.47040106e+02,
       -1.11011808e+02, -1.99435263e+02, -2.51547347e+02, -1.40483787e+02,
       -1.33252854e+02, -4.32254869e+02, -1.89849170e+02, -1.43847342e+02,
       -1.00386582e+03, -1.23968814e+02, -1.53936528e+02, -1.13533422e+02,
       -1.31531694e+02, -1.35453209e+02, -2.78055066e+02, -1.10429312e+02,
       -1.83255298e+02, -1.17962138e+02,  3.57476388e+02,  4.31723803e+02,
        4.27199059e+02,  4.36725728e+02,  4.21180070e+02,  4.25755133e+02,
        4.17310806e+02,  4.25298432e+02,  1.72446261e+02,  4.18976294e+02,
        2.39616137e+00,  3.90091998e-01,  2.49352650e+01,  7.58108909e+00,
       -4.60399012e+00,  5.13624725e+01, -8.11460133e+00,  3.09824504e+01,
        3.97882608e+01, -8.60822395e+01])
llh_GD_GSS_Renorm_tau: array([-142.81747164, -365.52040293, -535.82744059, -163.33208891,
       -117.67029664, -257.22715316, -222.6188783 , -157.72201655,
       -655.99873269, -261.16718164, -410.97464733, -156.57045819,
       -150.23096434, -215.56232336, -406.84695162, -626.63510171,
       -138.32414336, -308.40451886, -282.98645004, -412.06611373,
       -866.81342306, -112.64079158, -281.49762924, -225.7238197 ,
       -509.31821542, -219.38815485, -252.91343403, -125.28173786,
       -140.35064724, -138.97032052,   99.27122351,  140.90004704,
        419.05347467,  427.036297  ,  424.52642781,  427.91733856,
        410.91398102,   81.68394566, -278.74867068,    3.37908246,
        -78.23118738, -131.83085513,   29.20607181,  -75.26439284,
        -65.96257366, -144.54158402, -199.11279809, -125.18793603,
       -121.86328484, -133.35364341])
llh_GD_GSS_Renorm_kappatau: array([-1.20021884e+02, -1.10778737e+02, -1.09604012e+02, -1.08670272e+02,
       -1.07988270e+02, -1.07569233e+02, -4.29141661e+02, -4.03684955e+02,
       -3.80883055e+02, -3.61601589e+02, -3.46960715e+02, -3.38410936e+02,
       -4.92190101e+02, -4.50448271e+02, -4.11667974e+02, -3.77385889e+02,
       -3.49826200e+02, -3.32218249e+02, -1.18693443e+02, -1.64299422e+02,
       -1.57661636e+02, -1.52244235e+02, -1.48193710e+02, -1.45674002e+02,
       -1.27894335e+02, -1.36596600e+02, -1.43912777e+02, -1.50129825e+02,
       -1.55531389e+02, -1.60381843e+02, -2.41151951e+02, -2.14194192e+02,
       -1.89882418e+02, -1.68959261e+02, -1.52371838e+02, -1.41328624e+02,
       -1.98829720e+02, -1.79653740e+02, -1.62653180e+02, -1.48303896e+02,
       -1.37184732e+02, -1.29999974e+02, -1.15810029e+02, -1.03137855e+02,
       -1.90485871e+02, -1.82230856e+02, -1.75968154e+02, -1.72004874e+02,
       -5.90979706e+02, -4.91779466e+02, -3.94457157e+02, -3.01568466e+02,
       -2.17902923e+02, -1.52764132e+02, -1.87649488e+02, -2.43639831e+02,
       -2.13575675e+02, -1.87364860e+02, -1.66269777e+02, -1.51960317e+02,
       -3.93437924e+02, -3.64784547e+02, -3.39131334e+02, -3.17384128e+02,
       -3.00709015e+02, -2.90608290e+02, -1.35099932e+02, -1.60424880e+02,
       -1.55827927e+02, -1.52108712e+02, -1.49345934e+02, -1.47625291e+02,
       -1.26274938e+02, -1.21951055e+02, -1.18269309e+02, -1.15279165e+02,
       -1.13033889e+02, -1.11590845e+02, -2.42897334e+02, -2.30450093e+02,
       -2.19692212e+02, -2.10885791e+02, -2.04333001e+02, -2.00382246e+02,
       -3.85322840e+02, -3.50284707e+02, -3.18442918e+02, -2.90910720e+02,
       -2.69166781e+02, -2.55175571e+02, -5.22967268e+02, -4.37315463e+02,
       -3.54797672e+02, -2.77908286e+02, -2.10874674e+02, -1.60928003e+02,
       -1.37700135e+02, -1.37049911e+02, -1.36366670e+02, -1.35647704e+02,
       -1.34890134e+02, -1.34090906e+02, -2.59415064e+02, -4.86660521e+02,
       -4.66845073e+02, -4.50462225e+02, -4.38425034e+02, -4.31877736e+02,
       -2.90338459e+02, -2.63539705e+02, -2.39564395e+02, -2.19152660e+02,
       -2.03234135e+02, -1.92976923e+02, -4.12093770e+02, -3.48938673e+02,
       -2.89364627e+02, -2.35316127e+02, -1.89721287e+02, -1.57002363e+02,
       -1.11049531e+03, -1.07629860e+03, -1.04179667e+03, -1.00946231e+03,
       -9.84123531e+02, -9.75581988e+02, -1.13763282e+02, -1.14994210e+02,
       -1.16342325e+02, -1.17839420e+02, -1.19535249e+02, -1.21514109e+02,
       -2.94897465e+02, -2.59891729e+02, -2.27744507e+02, -1.99465315e+02,
       -1.76412297e+02, -1.60414485e+02, -1.85387492e+02, -1.66652595e+02,
       -1.49940400e+02, -1.35685589e+02, -1.24415965e+02, -1.16772461e+02,
       -4.56486909e+02, -3.83907032e+02, -3.14105545e+02, -2.49144125e+02,
       -1.92480751e+02, -1.49966346e+02, -1.64599250e+02, -1.97487645e+02,
       -1.78001758e+02, -1.61302530e+02, -1.48058943e+02, -1.39100018e+02,
       -2.40583776e+02, -3.60192855e+02, -3.34139254e+02, -3.11555526e+02,
       -2.93594118e+02, -2.81766301e+02, -1.20834534e+02, -1.18087832e+02,
       -1.16013904e+02, -1.14314654e+02, -1.12856616e+02, -1.11569835e+02,
       -1.06001902e+02, -1.12440896e+02, -1.25929049e+02, -1.41205587e+02,
       -1.66501146e+02, -1.84395410e+02, -1.21390344e+02, -1.20466872e+02,
       -1.19677956e+02, -1.19028191e+02, -1.18522329e+02, -1.18165284e+02,
        2.89054231e+02,  3.09012495e+02,  3.25991033e+02,  3.39682908e+02,
        3.49749651e+02,  3.55818011e+02,  1.63380768e+02,  1.83541034e+02,
        2.07281132e+02,  2.38590458e+02,  2.84764456e+02,  4.31557898e+02,
        4.20790088e+02,  4.22352876e+02,  4.23727142e+02,  4.24912895e+02,
        4.25903721e+02,  4.26680403e+02,  4.28827367e+02,  4.30487766e+02,
        4.32005901e+02,  4.33386935e+02,  4.34633823e+02,  4.35746060e+02,
        4.24028291e+02,  4.23532641e+02,  4.23044695e+02,  4.22565431e+02,
        4.22095381e+02,  4.21634716e+02,  4.27648882e+02,  4.27362516e+02,
        4.27062773e+02,  4.26751241e+02,  4.26429284e+02,  4.26098066e+02,
        4.14709591e+02,  4.17458101e+02,  4.19241958e+02,  4.20160347e+02,
        4.20273193e+02,  4.19518823e+02,  2.31880352e+02,  3.44731250e+02,
        4.19828856e+02,  3.91857462e+02,  4.09701206e+02,  4.21139776e+02,
       -1.77863195e+02, -8.50199675e+01, -1.37953991e+00,  7.03025812e+01,
        1.26463968e+02,  1.62497858e+02,  3.38116520e+02,  3.54487433e+02,
        3.39263185e+02,  3.41029609e+02,  3.81973842e+02,  4.09002532e+02,
       -4.79919272e+01, -2.22631136e+01, -4.70039625e+00,  1.96412606e+01,
        1.97604100e+00,  2.38741182e+00,  4.35539046e+01,  2.69770247e+01,
        1.48572850e+01,  7.55870704e+00, -6.69646720e+00, -1.22914183e+00,
        2.84740995e+01,  2.77860691e+01,  2.71428171e+01,  2.65401862e+01,
        2.59742985e+01,  2.54415477e+01, -5.39166763e+01, -3.19916025e+01,
       -1.64564243e+01,  1.27948543e-01,  7.45127768e+00,  7.60983902e+00,
       -4.60176073e+01, -3.28070894e+01, -2.06321614e+01,  1.24382005e+01,
       -4.53916673e+00, -4.51881754e+00, -1.02079724e+02, -5.84499681e+01,
       -5.14627164e+00,  5.02053172e+01,  5.08592585e+01,  5.12481615e+01,
       -1.19366462e+02, -8.91494280e+01, -6.23437327e+01, -3.97437449e+01,
       -2.23260249e+01, -1.12910750e+01, -6.49578249e+01, -1.79480442e+01,
        1.35581496e+01,  2.72885666e+01,  2.93940597e+01,  3.06446806e+01,
       -8.89838869e+01, -6.16395109e+01, -3.39631316e+01, -6.76205606e+00,
        2.03823526e+01,  3.97323688e+01, -9.88125580e+01, -9.41971652e+01,
       -9.04785746e+01, -8.77279491e+01, -8.60220550e+01, -8.54437058e+01])
max_GSS_Renorm: 436.7257276643894
