llh_GD_EXP: array([-7.02187967e+66, -2.91285218e+68, -8.15990248e+30, -6.79433784e+33,
       -6.54625155e+35, -5.21388722e+46, -1.63576709e+61, -2.86470282e+24,
       -7.82234508e+45, -1.01732928e+49, -1.17672967e+47, -1.26689557e+48,
       -8.36255700e+55, -6.62306723e+17, -1.49913581e+65, -1.57060506e+56,
       -5.57933775e+38, -1.34104433e+12, -1.06335386e+54, -9.12678462e+34,
       -3.37562716e+54, -9.87549630e+56, -8.64036081e+20, -1.92243371e+13,
       -4.53257213e+45, -1.71914828e+49, -6.70774722e+53, -2.23643977e+24,
       -3.66026157e+53, -2.58335317e+37, -2.80183809e+24, -6.84793851e+75,
       -7.82113375e+42, -1.02934143e+76, -4.71953238e+75, -8.12714431e+25,
       -1.99517638e+39, -3.05124612e+57, -1.71229436e+37, -2.79875770e+48,
       -2.45925096e+41,  5.33458985e+01, -5.32239765e+52, -3.75919172e+10,
       -1.00191618e+54, -8.12871399e+71, -9.90644240e+03, -4.30512303e+54,
        3.08032690e+01, -4.94661030e+03])
llh_GD_EXP_Renorm_alpha: array([ 2.51908849e+03,  5.25782040e+03,  1.50100228e+03,  4.57263577e+03,
        4.84111435e+03,  3.30466344e+03,  8.63540479e+02,  2.95700719e+03,
        3.81981481e+03,  2.45639838e+03,  1.66995937e+03,  1.69117959e+03,
        1.92859914e+03,  1.00258529e+03,  2.15432002e+03,  2.91411590e+03,
        2.79639602e+03,  6.71625144e+02,  1.43125296e+03, -2.65682442e+02,
        2.35904466e+03,  1.41823204e+03,  1.87193032e+03,  2.39107753e+02,
        1.90049915e+03,  1.69123396e+03,  6.20149886e+02,  1.43299558e+02,
        3.95594365e+03,  3.75195150e+03,  6.28683445e+04,  1.08340817e+04,
        3.49753715e+04,  7.51400097e+04,  3.40709627e+04,  6.66614719e+04,
        4.26051775e+04,  8.71463839e+04,  9.59003388e+04,  1.17505959e+05,
        8.23356465e+02, -2.82307830e+01,  4.48542026e+01,  4.55284922e+02,
        4.02241553e+03,  2.44866812e+03, -1.95460219e+02,  1.19091581e+03,
       -1.74656375e+01, -1.95460219e+02])
llh_GD_EXP_Renorm_beta: array([ 9.00983573e+03,  9.22628188e+03,  4.17660185e+03,  2.79901843e+03,
        1.24588276e+03,  6.31071667e+03,  8.25579563e+03,  3.29685180e+03,
        6.19991934e+03,  6.61856580e+03,  5.35019936e+03,  5.46763806e+03,
        6.35666024e+03,  1.99780745e+03,  7.40733878e+03,  6.38775934e+03,
        4.40182383e+03,  1.33141668e+03,  6.14125169e+03,  3.96954137e+03,
        5.46912510e+03,  5.71621769e+03,  2.09040835e+03,  1.30941093e+03,
        4.57965350e+03,  4.93858971e+03,  5.39880210e+03,  2.43595531e+03,
        5.37243989e+03,  3.33398475e+03,  1.78539714e+04,  1.94763524e+05,
        1.10452166e+05,  1.95215460e+05,  1.94350747e+05,  8.72404335e+03,
        1.01217047e+05,  1.47856436e+05,  4.57183461e+04,  1.24704691e+05,
        3.07653990e+03, -6.83530320e+01,  3.92695946e+03,  7.41421285e+02,
        1.94899474e+03,  5.36078707e+03,  2.32237314e+02,  4.06981700e+03,
       -6.13957856e+01,  2.09755154e+02])
llh_GD_EXP_Renorm_alphabeta: array([ 7.50969231e+03,  6.25984808e+03,  5.21828728e+03,  4.35009113e+03,
        3.62623504e+03,  3.02258782e+03,  8.51368026e+03,  7.85627394e+03,
        7.24975965e+03,  6.69017130e+03,  6.17385368e+03,  5.69743820e+03,
        3.60952213e+03,  3.11927567e+03,  2.69539775e+03,  2.32886910e+03,
        2.01192437e+03,  1.73788429e+03,  3.00245798e+03,  3.22061857e+03,
        3.45457176e+03,  3.70546828e+03,  3.97454375e+03,  4.26312480e+03,
        1.51324657e+03,  1.83775919e+03,  2.23138732e+03,  2.70870618e+03,
        3.28751216e+03,  3.98950725e+03,  5.75364118e+03,  5.24578928e+03,
        4.78278296e+03,  4.36063655e+03,  3.97572128e+03,  3.62473310e+03,
        5.98322252e+03,  4.33679116e+03,  3.14310735e+03,  2.27710796e+03,
        1.64871357e+03,  1.19319722e+03,  3.24601853e+03,  3.19596641e+03,
        3.14668338e+03,  3.09815755e+03,  3.05037722e+03,  3.00333088e+03,
        5.78541970e+03,  5.39866034e+03,  5.03777220e+03,  4.70101317e+03,
        4.38675934e+03,  4.09349694e+03,  5.74495647e+03,  4.98676377e+03,
        4.32864464e+03,  3.75731035e+03,  3.26124952e+03,  2.83049042e+03,
        4.53097584e+03,  3.83736596e+03,  3.24991161e+03,  2.75219183e+03,
        2.33039044e+03,  1.97289996e+03,  4.62436091e+03,  3.91134293e+03,
        3.30826218e+03,  2.79798493e+03,  2.36611075e+03,  2.00055721e+03,
        5.36083946e+03,  4.52138244e+03,  3.81355549e+03,  3.21650721e+03,
        2.71271654e+03,  2.28750644e+03,  1.81062755e+03,  1.64089129e+03,
        1.48699451e+03,  1.34748142e+03,  1.22102836e+03,  1.10642967e+03,
        6.20868209e+03,  5.20448254e+03,  4.36305804e+03,  3.65781290e+03,
        3.06647606e+03,  2.57046485e+03,  5.70991570e+03,  5.10419332e+03,
        4.56287445e+03,  4.07905391e+03,  3.64655980e+03,  3.25988347e+03,
        4.12561917e+03,  3.86675708e+03,  3.62413537e+03,  3.39672245e+03,
        3.18355329e+03,  2.98372559e+03,  1.20744643e+03,  1.09500849e+03,
        9.93040389e+02,  9.00570549e+02,  8.16709662e+02,  7.40643223e+02,
        4.98845367e+03,  4.05246242e+03,  3.29215043e+03,  2.67420775e+03,
        2.17178193e+03,  1.76327092e+03, -1.20006977e+02, -2.64198938e+02,
       -2.65676241e+02, -2.65682417e+02, -2.65682442e+02, -2.65682442e+02,
        4.84914735e+03,  4.29970353e+03,  3.81274781e+03,  3.38115787e+03,
        2.99862866e+03,  2.65957514e+03,  4.68158997e+03,  3.83485706e+03,
        3.14182229e+03,  2.57454472e+03,  2.11015157e+03,  1.72986240e+03,
        2.05769423e+03,  2.02549455e+03,  1.99380113e+03,  1.96260588e+03,
        1.93190086e+03,  1.90167824e+03,  1.03616651e+03,  8.19088482e+02,
        6.46265732e+02,  5.08432252e+02,  3.98321919e+02,  3.10127717e+02,
        4.03800355e+03,  3.56065949e+03,  3.13997270e+03,  2.76920883e+03,
        2.44243246e+03,  2.15440538e+03,  4.23615408e+03,  3.63399101e+03,
        3.11775850e+03,  2.67517636e+03,  2.29571499e+03,  1.97032844e+03,
        3.96252985e+03,  2.90957933e+03,  2.13748509e+03,  1.57098833e+03,
        1.15456966e+03,  8.47470290e+02,  1.66238239e+03,  1.13457056e+03,
        7.72715272e+02,  5.23262228e+02,  3.50480979e+02,  2.29736455e+02,
        5.14247974e+03,  4.92240058e+03,  4.71177659e+03,  4.51020034e+03,
        4.31728202e+03,  4.13264870e+03,  3.39070133e+03,  3.44838741e+03,
        3.50705960e+03,  3.56673478e+03,  3.62743013e+03,  3.68916311e+03,
        2.13031796e+04,  2.54739416e+04,  3.04963185e+04,  3.65336504e+04,
        4.37810728e+04,  5.24685282e+04,  1.27916464e+05,  8.39323462e+04,
        5.49798920e+04,  3.59774845e+04,  2.35926532e+04,  1.56255362e+04,
        9.37811928e+04,  7.96074033e+04,  6.75571562e+04,  5.73151841e+04,
        4.86155068e+04,  4.12329268e+04,  1.70371212e+05,  1.48681749e+05,
        1.29744498e+05,  1.13208439e+05,  9.87675765e+04,  8.61553801e+04,
        1.51727161e+05,  1.18425362e+05,  9.23975569e+04,  7.20501364e+04,
        5.61478769e+04,  4.37358758e+04,  1.07820832e+04,  1.40539401e+04,
        1.89580457e+04,  2.58766139e+04,  3.54470337e+04,  4.86163171e+04,
        8.94856378e+04,  7.91026209e+04,  6.99133361e+04,  6.17817040e+04,
        5.45880286e+04,  4.82268948e+04,  1.37115275e+05,  1.27151135e+05,
        1.17907496e+05,  1.09331973e+05,  1.01376031e+05,  9.39947095e+04,
        5.08356783e+04,  5.65227853e+04,  6.28406494e+04,  6.98571447e+04,
        7.76479669e+04,  8.62976033e+04,  1.23650066e+05,  1.22604310e+05,
        1.21567348e+05,  1.20539105e+05,  1.19519508e+05,  1.18508483e+05,
        2.55867900e+03,  2.12554360e+03,  1.76336463e+03,  1.46075094e+03,
        1.20826491e+03,  9.98026415e+02, -6.11187349e+01, -5.42455798e+01,
       -4.78292919e+01, -4.19581934e+01, -3.67059171e+01, -3.21232018e+01,
        2.27862468e+03,  1.30787272e+03,  7.41600370e+02,  4.15964825e+02,
        2.27953125e+02,  1.16140915e+02,  6.91869542e+02,  6.45537166e+02,
        6.02216417e+02,  5.61710816e+02,  5.23834963e+02,  4.88414322e+02,
        2.16387276e+03,  2.40143721e+03,  2.66405869e+03,  2.95437306e+03,
        3.27530932e+03,  3.63012015e+03,  4.79665165e+03,  4.29110696e+03,
        3.83800949e+03,  3.43186703e+03,  3.06777216e+03,  2.74134270e+03,
       -1.61432725e+02, -1.95074163e+02, -1.95457063e+02, -1.95460193e+02,
       -1.95460219e+02, -1.95460219e+02,  3.42471928e+03,  2.87978321e+03,
        2.41937329e+03,  2.03038275e+03,  1.70184302e+03,  1.42458262e+03,
       -4.97853025e+01, -3.97137183e+01, -3.15442521e+01, -2.54152459e+01,
       -2.11959007e+01, -1.86093012e+01, -1.66992431e+02, -1.95194861e+02,
       -1.95458344e+02, -1.95460206e+02, -1.95460219e+02, -1.95460219e+02])
max_EXP_Renorm: 195215.45998037566
llh_GD_PWL: array([          nan,           nan,           nan,           nan,
                 nan,           nan,           nan,           nan,
                 nan,           nan,  -53.45902709,           nan,
        -51.94670959,  -54.86991922,           nan,           nan,
                 nan,           nan,  -54.76530276,           nan,
                 nan,           nan,           nan,           nan,
       -187.99227358,           nan,           nan,           nan,
                 nan,           nan, 4214.53415538, 4219.44390171,
       3969.99885038, 4221.6630561 , 4256.47307276, 4257.19392099,
       4230.03751126, 4231.09450063, 4156.32503562, 4216.88329662,
        -68.99572724,  -68.20762225,  -73.95809882,  -68.90098339,
        -75.63345629,  -75.05514167,  -71.12499092,  -67.90508019,
        -69.49453082,  -65.13558618])
llh_GD_PWL_Renorm_K: array([  -156.08556649,   -728.76647897,   -526.37678715,  -3406.68938235,
        -7066.61239823,   -165.00118636,   -169.96945613,   -497.35257353,
         -159.02425826,   -155.95604637,   -176.06761388,   -181.71886663,
         -144.86442357,   -160.22380967,  -8436.09484523,   -513.92560236,
         -162.55529648,   -299.55563582,   -145.45559581,   -214.57961875,
         -209.75730794,   -236.00102954,   -362.0257598 ,  -5449.95809639,
       -45661.12675901,  -3683.71439617,   -171.62516018,   -178.64449006,
        -6277.83071982,   -162.09995103,   1856.03895311,   1055.24252128,
         1974.88839388,   1672.19643144,   2255.22560843,   1920.33570578,
         1810.70211987,    -70.33687999,   2202.99032485,   1329.87566817,
         -328.50467089,   -615.48725286,   -121.15543019,   -112.4175474 ,
         -125.03999384,   -119.13605549,   -133.02011019,   -129.45411677,
         -119.84361861,   -155.16509034])
llh_GD_PWL_Renorm_c: array([ -166.90794184,  -186.53742168,  -198.61664709,  -574.79212694,
       -6939.41647308,  -245.99998371,  -184.27907568,  -185.98924599,
        -314.58414509,  -197.54683659,  -191.63626839,  -277.78993397,
        -223.80366771,  -321.95803378, -7449.80166403,  -240.40812455,
        -263.63689276,  -208.70750681,  -164.2342854 ,  -288.83168882,
        -242.0045812 ,  -240.8163732 ,  -215.72403385,  -255.67335431,
       -1388.61934397,  -565.48082517,  -195.2630629 ,  -249.27727899,
        -300.11400209,  -173.89231285,  2023.98729496,  2220.19111331,
        2025.75652292,  2147.15272931,  2120.30271371,  1984.63326286,
        1995.22544533,  2219.36502052,  2146.4116121 ,  2143.67992162,
        -138.79803588,  -167.88222293,  -141.64474152,  -113.88831157,
        -148.16982554,  -145.21235241,  -134.82135216,  -116.87152314,
        -119.43618325,  -161.08639441])
lllh_GD_PWL_Renorm_p: array([ -140.43188691,  -142.33391638,  -149.68519059,  -361.67545384,
       -7066.61239823,  -185.90861528,  -141.4380627 ,  -138.42451328,
        -285.62515876,  -147.67190389,  -138.97862911,  -216.50133089,
        -158.72940859,  -303.22735886, -8308.66421536,  -137.43978639,
        -196.03799812,  -153.72716434,  -124.35498631,  -211.29910199,
        -183.01698623,  -168.82329943,  -147.94158639,  -181.01628971,
        -882.36497366,  -356.24298079,  -151.99038082,  -191.06981005,
        -160.70761594,  -143.50482334,  2237.96051474,  1958.038572  ,
        2065.66885329,  1874.64469787,  1984.02742027,  1603.04487611,
        2246.65940604,  1944.54314416,  2143.94179505,  1865.505418  ,
        -133.55102043,  -188.983243  ,  -120.90245339,  -107.07491084,
        -127.57693435,  -125.9568692 ,  -116.51729887,  -109.09716999,
        -107.31728322,  -148.43061051])
llh_GD_PWL_Renorm_Kc: array([ -163.95299395,  -161.11671937,  -158.84188545,  -157.16455715,
        -156.12125755,  -155.74904043,  -352.78399221,  -374.32593029,
        -411.10824041,  -465.13852401,  -537.1868702 ,  -626.19389819,
        -285.90774303,  -291.13142298,  -308.14806416,  -339.02336399,
        -385.30375241,  -447.79911184, -2096.08000584, -2320.05366907,
       -2556.06931433, -2796.80305099, -3031.09085964, -3242.44657827,
       -7035.01345673, -7066.61239823, -7066.61239823, -7066.61239823,
       -7066.61239823, -7066.61239823,  -229.49287292,  -214.01205618,
        -199.76772686,  -187.23811704,  -176.92078179,  -169.33067431,
        -177.0479857 ,  -169.99917616,  -164.96270469,  -162.19003755,
        -161.93206361,  -164.44050478,  -278.56270166,  -290.70536398,
        -311.72929518,  -342.50374932,  -383.61239876,  -435.28902354,
        -286.90475916,  -258.4580301 ,  -230.0613257 ,  -203.66314342,
        -181.44961768,  -165.75382227,  -187.04428666,  -178.00564932,
        -170.2413396 ,  -163.95004677,  -159.33376651,  -156.59862791,
        -179.87988747,  -168.24757046,  -160.23778064,  -156.433491  ,
        -157.41420503,  -163.76193648,  -258.44730454,  -238.25798639,
        -219.83704346,  -204.04598778,  -191.79213412,  -184.02159004,
        -207.94466078,  -193.15728242,  -179.63567256,  -167.70275135,
        -157.69411462,  -149.95936852,  -281.30291024,  -241.57055205,
        -204.54116569,  -174.02077069,  -153.88484294,  -147.98491635,
       -7756.7175273 , -8112.19049691, -8309.36709935, -8404.02882786,
       -8436.09484523, -8436.09484523,  -335.77561127,  -349.08737476,
        -368.15253378,  -393.5898484 ,  -425.99601031,  -465.93476043,
        -247.47015988,  -230.44164756,  -214.0665357 ,  -198.70018436,
        -184.72136247,  -172.53150242,  -220.59751597,  -209.18469845,
        -205.57462717,  -211.37497092,  -228.08099849,  -257.06173464,
        -158.14487259,  -152.83111978,  -148.65825978,  -145.72851835,
        -144.14631007,  -144.0186533 ,  -285.57105709,  -273.75262282,
        -261.80841129,  -249.82226714,  -237.88664543,  -226.10257053,
        -238.24477423,  -233.32120143,  -228.44544487,  -223.63382886,
        -218.90336446,  -214.27173908,  -242.97693235,  -234.47794311,
        -228.18474694,  -224.63426289,  -224.37732243,  -227.97569364,
        -263.24698833,  -266.79795883,  -274.74505818,  -287.68261766,
        -306.18521957,  -330.79789003, -1688.74463182, -2147.16152739,
       -2747.45218823, -3491.14045808, -4330.16371503, -5107.10984075,
        -393.94784818,  -393.94784818,  -393.94784818,  -393.94777613,
        -393.05523966,  -651.0731934 , -2267.592244  , -2526.69688662,
       -2798.2431974 , -3071.1026117 , -3328.20018191, -3544.482927  ,
        -190.87479973,  -186.78308809,  -183.00516493,  -179.57031644,
        -176.50835819,  -173.84965664,  -234.67759619,  -219.9537242 ,
        -206.56551804,  -195.10873269,  -186.20471419,  -180.49567724,
       -2716.54995545, -3333.70347785, -4060.86156672, -4865.02941747,
       -5657.42642502, -6247.75277634,  -170.29902136,  -166.70792427,
        -163.91617717,  -161.991018  ,  -161.00043934,  -161.0133834 ,
        2045.80127075,  2016.88197546,  1986.76450815,  1955.53781671,
        1923.28724422,  1890.0947224 ,  2158.89591382,  2078.74012731,
        1962.40526504,  1805.94071538,  1605.2717744 ,  1356.33083621,
        2029.45318296,  2020.63009057,  2011.69525221,  2002.65118901,
        1993.5003907 ,  1984.24531615,  2064.07245827,  2016.51080952,
        1962.26296614,  1901.02148423,  1832.4741293 ,  1756.30509189,
        2148.81262377,  2176.0667009 ,  2199.90943612,  2220.05661573,
        2236.20737608,  2248.04299368,  2163.74042018,  2218.12319512,
        2242.9582818 ,  2232.57408205,  2180.46314086,  2079.19312178,
        2023.09816846,  1990.62250261,  1956.8368777 ,  1921.85012079,
        1885.76633774,  1848.68518452,  1986.30338035,  1829.62863716,
        1607.73612792,  1313.56729133,   939.97515119,   480.37316846,
        2150.71216294,  2160.47641983,  2169.836516  ,  2178.78038993,
        2187.2957334 ,  2195.36998523,  1992.47403398,  1915.97087805,
        1826.86756021,  1724.44053303,  1607.95648888,  1476.67884   ,
        -170.0676824 ,  -172.03575422,  -181.91314953,  -201.16207041,
        -231.18627374,  -273.27145769,  -237.61445648,  -239.43808937,
        -258.76789884,  -301.71780084,  -373.82650305,  -478.57534911,
        -137.0431601 ,  -132.92415483,  -129.31227392,  -126.2659753 ,
        -123.84699831,  -122.12053823,  -111.70275963,  -110.19702066,
        -109.28112227,  -108.99903229,  -109.39620141,  -110.51956622,
        -143.11429074,  -138.5293383 ,  -134.47838478,  -131.02954137,
        -128.25503757,  -126.23145751,  -139.59195057,  -134.52330887,
        -130.01293188,  -126.13625427,  -122.97348153,  -120.6098751 ,
        -132.02044402,  -128.67636614,  -126.53085137,  -125.73177106,
        -126.43541444,  -128.80682247,  -115.4871503 ,  -114.18876434,
        -114.17192908,  -115.56008324,  -118.48108735,  -123.06705609,
        -117.77459569,  -116.18364933,  -115.28840511,  -115.14611592,
        -115.8162925 ,  -117.36074501,  -161.1166237 ,  -160.11239686,
        -159.11287026,  -158.11820863,  -157.12857868,  -156.14414903])
llh_GD_PWL_Renorm_Kp: array([  -141.49250709,   -143.01674271,   -144.94464353,   -147.23123402,
         -149.85043788,   -152.79691494,   -138.61385753,   -157.05633485,
         -204.87782458,   -288.23364561,   -409.31475521,   -562.10652166,
         -138.95419736,   -145.30238153,   -174.10969514,   -229.57213131,
         -312.35301294,   -416.33841169,   -509.87360048,   -720.72954604,
        -1011.81160173,  -1403.81474774,  -1919.63368427,  -2581.75184743,
        -7066.61239823,  -7066.61239823,  -7066.61239823,  -7066.61239823,
        -7066.61239823,  -7066.61239823,   -168.66562854,   -155.76836191,
         -147.79884734,   -144.84823226,   -146.62324894,   -152.97222261,
         -138.58036386,   -138.99660355,   -142.23078123,   -147.61172744,
         -154.39423918,   -161.95372397,   -145.42455629,   -167.18984965,
         -205.81406536,   -261.90599528,   -333.4915094 ,   -415.02019572,
         -245.24541929,   -205.62352563,   -172.37594016,   -150.54011933,
         -142.29649855,   -145.89416788,   -142.97620948,   -140.75405228,
         -140.71279979,   -142.48314191,   -145.72189065,   -150.21730847,
         -127.5328121 ,   -122.97344992,   -125.32635872,   -133.68874989,
         -146.2812495 ,   -160.94000236,   -187.63674268,   -163.01376146,
         -144.78566755,   -134.88483028,   -134.73501043,   -145.7151011 ,
         -145.65734192,   -136.55548929,   -131.40042461,   -129.90140648,
         -131.68044126,   -136.56033215,   -249.44105785,   -195.95083119,
         -151.98781438,   -126.61281277,   -124.0039649 ,   -138.92850689,
        -8371.65967861,  -8436.09484523,  -8436.09484523,  -8436.09484523,
        -8436.09484523,  -8436.09484523,   -151.98575558,   -177.50210772,
         -215.4748452 ,   -267.07836742,   -332.95718885,   -413.39809408,
         -176.27369827,   -160.35923194,   -148.99847253,   -142.64709925,
         -141.6966762 ,   -147.13313706,   -132.81088202,   -124.06651909,
         -130.81378486,   -154.94499554,   -195.3948867 ,   -246.68389058,
         -124.21410087,   -125.47393504,   -127.8920641 ,   -131.23546683,
         -135.32196033,   -140.05685996,   -202.56400401,   -196.38806367,
         -193.0406084 ,   -192.78605826,   -195.93092322,   -202.92223895,
         -182.30953576,   -182.59374112,   -184.03289128,   -186.86918242,
         -191.49118757,   -198.60000836,   -158.0392059 ,   -152.1012085 ,
         -152.0781436 ,   -158.8416498 ,   -172.97413191,   -195.25975065,
         -152.41157098,   -165.09388003,   -186.9992053 ,   -218.59176164,
         -259.4112496 ,   -307.80069436,   -157.59574434,   -188.03407472,
         -328.18588767,   -677.86479582,  -1415.04938556,  -2845.76037373,
        -1610.62123886,  -2899.80772835,  -5136.71733225,  -8975.43568298,
       -15524.84606955, -26673.08422629,   -504.87534348,   -720.69397674,
        -1024.70332688,  -1442.66315924,  -2004.59721665,  -2742.3974359 ,
         -152.19218447,   -153.12319223,   -154.8177954 ,   -157.34605452,
         -160.83253555,   -165.48277048,   -173.17657159,   -159.51023719,
         -151.13938002,   -148.63877861,   -151.9893672 ,   -161.11460547,
         -211.60585094,   -350.89009332,   -639.87344268,  -1177.6905921 ,
        -2121.64169396,  -3710.85803049,   -144.35794824,   -146.0065226 ,
         -148.30563564,   -151.12900413,   -154.38700752,   -158.03943482,
         2195.04202716,   2139.35361352,   2076.21056132,   2008.84729435,
         1939.28574427,   1868.81880539,   1961.67656571,   1903.8098503 ,
         1785.23857708,   1616.10677552,   1417.61313301,   1220.06400854,
         2047.34109703,   2028.74968639,   2009.93301305,   1990.9252791 ,
         1971.75700436,   1975.37388296,   1841.35793897,   1807.30287599,
         1773.98128969,   1742.7873797 ,   1714.90333408,   1691.20556031,
         2035.95283158,   2082.41854181,   2124.03381736,   2161.61368371,
         2196.00163564,   2227.65033371,   1799.51108856,   1949.0245903 ,
         2037.50940252,   2058.86975649,   2022.84734059,   1961.36555924,
         2206.85503405,   2147.78513486,   2078.20871833,   2003.11021883,
         1925.41458549,   1846.88253778,   1981.57270376,   1914.0352611 ,
         1720.72956548,   1391.78367083,    941.38840325,    422.15727704,
         2154.82270835,   2164.99779299,   2174.41370217,   2183.00657401,
         2190.69999298,   2197.40085037,   1797.07563163,   1718.30952156,
         1633.32565453,   1546.98787806,   1464.50051346,   1390.8101645 ,
         -116.03151089,   -108.94772053,   -116.40063273,   -142.27513238,
         -188.78882286,   -253.87682381,   -148.494658  ,   -118.389668  ,
         -110.71892824,   -141.92229024,   -231.62180982,   -394.3434133 ,
         -115.39067271,   -111.18888092,   -108.36317034,   -107.00753807,
         -107.37270904,   -110.33415897,   -106.52107807,   -106.5188305 ,
         -106.97300507,   -107.8086709 ,   -108.98490328,   -110.504632  ,
         -120.42847746,   -114.70956852,   -110.54850159,   -108.08762701,
         -107.6044323 ,   -110.03778975,   -118.99042535,   -113.53444927,
         -109.66650257,   -107.47306996,   -107.18370218,   -109.63201455,
         -110.65702775,   -107.32584794,   -106.62016773,   -108.50431243,
         -112.87796262,   -119.97565777,   -108.05587242,   -108.90046233,
         -111.32846283,   -114.94188582,   -119.32675994,   -124.17830515,
         -106.44808865,   -106.58310779,   -107.60559002,   -109.40641693,
         -111.93631613,   -115.28998284,   -148.99121717,   -149.6611595 ,
         -150.45151363,   -151.37612811,   -152.45277046,   -153.70496263])
max_PWL_Renorm: 2255.225608428779
llh_GD_QEXP: array([           nan,            nan,            nan,            nan,
                  nan,            nan,            nan,            nan,
                  nan,            nan,            nan,            nan,
                  nan,            nan,            nan,            nan,
                  nan,            nan,            nan,            nan,
                  nan,            nan,            nan,            nan,
                  nan,            nan,            nan,            nan,
                  nan,            nan, 10806.64348026,  9369.66936419,
       10421.6115695 ,  9152.25919168,  9123.70274028, 10640.20378029,
       10877.2478135 , 10641.59044457,  8487.11756488, 10363.48735956,
         128.59808184,    60.73688428,            nan,   203.81030228,
         122.2590285 ,   142.17688689,   204.56115256,   150.36955729,
          43.84353968,            nan])
llh_GD_QEXP_Renorm_a: array([  -6.41140286,  276.76418267,  187.92164954,   79.819485  ,
        227.14353417,  264.75778184,  210.26812763,  245.83131467,
        210.48978298,  179.4136449 ,  338.38216726,   90.8298489 ,
        338.52365731,  314.63025684,  416.4657083 ,  313.24824263,
        344.48355278,  336.87814792,  333.52567515,  272.40087451,
        176.54961731,  273.96513725,  151.28046622,  179.08681764,
        275.57819265,  131.1685704 ,  244.9014344 ,  130.54927507,
        182.88889898,  215.00665652, 4557.66565925, 3201.47462511,
       4581.099482  , 4444.06594192, 4199.64371019, 4427.68793733,
       4391.32692265, 4246.38209446, 3081.0640513 , 4216.8962194 ,
         57.04017673,  223.18901069,  221.67251785,  158.96685028,
        182.1386903 ,  173.79333293,  152.4118489 ,  218.84304943,
        160.58238415,  233.78448035])
lllh_GD_QEXP_Renorm_q: array([-167.90861976,  619.50269217,  687.91312783,  498.08141524,
        586.09129404,  731.67607409,  315.69784283,  713.94901746,
        778.7354147 ,  706.10144659,  887.61964576,  176.21467234,
        966.18099721,  838.00544506,  796.62612966,  374.30595974,
        741.18799732,  459.25916011,  910.37349471, -118.97085658,
        580.74685465,  172.11397454,  502.96737286,  613.26619331,
        175.16882238,  601.12516582,  677.99291848, -339.55002696,
        621.93196773,  244.549687  , 8437.65082177, 7106.98052884,
       8124.36055421, 7076.74126643, 7037.80122595, 8298.56983059,
       8491.17731692, 8294.10186826, 6276.06812926, 8064.6918371 ,
        493.0422893 ,  309.76442474,  735.82984774,  716.08906156,
        485.7271363 ,  542.30176364,  717.99853555,  567.54483689,
        254.26731028,  661.64115059])
llh_GD_QEXP_Renorm_aq: array([-144.39547038, -120.43058039,  -96.31722585,  -72.40787589,
        -49.11450526,  -26.92307723,  573.54141803,  526.44661415,
        478.25037594,  429.02788829,  378.90562351,  328.06840003,
        620.40437096,  550.73674768,  479.22226549,  406.37433591,
        332.91470079,  259.75109611,  432.91282303,  368.71656871,
        306.07144295,  245.49209796,  187.3992634 ,  132.10590348,
        536.99199433,  486.84343577,  435.78137106,  383.9987326 ,
        331.74836125,  279.34183656,  670.94048951,  608.0621872 ,
        542.99337828,  475.80222988,  406.7142773 ,  336.15118559,
        300.54218192,  285.40218154,  270.28707758,  255.20634783,
        240.16968022,  225.18693882,  652.56880466,  589.05476262,
        523.43505037,  455.87186072,  386.69690661,  316.43853582,
        704.97845907,  628.09809437,  548.15979778,  465.51640721,
        380.88404451,  295.379588  ,  635.05443033,  561.60127324,
        486.10597926,  409.17830713,  331.67926479,  254.68618912,
        815.47663689,  740.87385229,  663.84908363,  584.59273942,
        503.48743588,  421.13807504,  163.56103275,  151.06085525,
        138.71322402,  126.51721719,  114.47191738,  102.57642141,
        885.32335713,  801.24775461,  713.85742161,  623.2727042 ,
        529.91718696,  434.59359533,  768.0339761 ,  695.9459696 ,
        621.89994528,  546.19736674,  469.30246946,  391.84932348,
        745.85446032,  693.86983628,  640.65495084,  586.22475978,
        530.63543843,  473.99369512,  365.55594941,  356.81287119,
        348.0780455 ,  339.35280958,  330.63851645,  321.93653375,
        687.26327233,  632.17523039,  576.01884877,  518.94004069,
        461.14086489,  402.88229196,  441.8157118 ,  424.34381829,
        406.8522104 ,  389.35005542,  371.8469402 ,  354.35285067,
        834.97071098,  756.84949765,  676.03228491,  592.72169555,
        507.351355  ,  420.62444018,  -73.98185288,  -24.94487211,
         28.00753154,   84.62899879,  144.55898007,  207.3325595 ,
        526.91450014,  471.35794834,  414.19675974,  355.67487987,
        296.17926122,  236.24620311,  186.79606984,  201.44945979,
        216.06419517,  230.63111909,  245.14185928,  259.58881469,
        454.31344655,  404.64933334,  354.19332866,  303.23775247,
        252.14540368,  201.33855759,  556.14498037,  496.97423618,
        435.83140931,  372.94868872,  308.74641792,  243.85103442,
        189.64948178,  204.09897897,  218.50796984,  232.86786558,
        247.17082336,  261.40973188,  537.39464675,  471.54016145,
        403.93533109,  335.18386353,  266.11551605,  197.74137977,
        622.48049558,  565.01020594,  505.38233223,  443.46693747,
        379.25564617,  312.92463607, -311.65585148, -271.19618888,
       -221.13475319, -157.76172954,  -77.52742543,   19.41863631,
        564.41691143,  504.78923428,  443.09902518,  379.55281723,
        314.55227594,  248.71838015,  240.33295924,  236.11459352,
        231.89482764,  227.67390336,  223.45206639,  219.2295663 ,
       7940.65433448, 7429.16802076, 6899.90984974, 6349.64227744,
       5775.82791762, 5177.68914463, 6506.00283298, 5903.88196771,
       5311.31805767, 4738.46010301, 4193.18002899, 3680.22499953,
       7667.34926857, 7197.2750835 , 6711.65822859, 6208.17148102,
       5685.11386975, 5142.12155448, 6729.02981966, 6371.92905329,
       6004.95283062, 5627.96400343, 5241.32767809, 4846.0763615 ,
       6661.49962892, 6274.14230494, 5875.78010699, 5467.11763286,
       5049.69269107, 4626.01830919, 7805.01021306, 7295.13546497,
       6765.87589119, 6214.59131069, 5639.87384165, 5042.68431821,
       7971.3669535 , 7433.81846814, 6874.85037213, 6291.22665296,
       5681.18207887, 5045.91196061, 7780.70801913, 7247.80662043,
       6692.38475562, 6112.47052516, 5508.2473923 , 4883.40862851,
       5756.57549602, 5253.64669405, 4771.73911308, 4313.32306083,
       3879.12702677, 3468.70360836, 7573.43240755, 7063.54696679,
       6532.83003701, 5980.22101207, 5406.70538628, 4816.31110238,
        427.08886582,  360.82409039,  295.20923386,  231.23377929,
        169.78981217,  111.5731773 ,  297.58288433,  285.33252396,
        273.01689226,  260.63999722,  248.20632156,  235.7208361 ,
        671.27485797,  604.44965432,  534.82970233,  461.90930668,
        385.32499379,  305.05315177,  646.58204845,  573.69193033,
        496.99993072,  416.38300214,  332.24869904,  245.76565687,
        444.95365644,  403.12876533,  360.30548596,  316.59080299,
        272.15446054,  227.23464563,  493.67506761,  443.45438462,
        391.67403553,  338.47339678,  284.12252717,  229.03966195,
        647.39139988,  573.25690202,  495.19359995,  413.13903341,
        327.61841751,  239.97047845,  522.08624457,  475.22188433,
        426.85585832,  376.94363406,  325.51909047,  272.72499133,
        240.85623207,  227.43814341,  214.02238524,  200.61869053,
        187.23714712,  173.8881558 ,  606.92979103,  550.45492602,
        491.92083971,  431.06308993,  367.70737482,  301.8540281 ])
max_QEXP_Renorm: 8491.177316919891
llh_GD_RAY: array([ -47.31503296,  -48.12904653,  -57.78935833,  -49.34811324,
        -48.39696091,  -46.71794693,  -54.81574991,  -47.39661125,
        -50.72510583,  -47.10202624,  -56.61260574,  -55.67765893,
        -60.58977049,  -74.57938   ,  -56.46289007,  -55.96313604,
        -55.66804735,  -55.81917146,  -55.75251027,  -64.14313923,
        -60.47618189,  -57.96135346,  -59.03270448,  -64.43375213,
        -57.81042646,  -59.01949196,  -60.46500337,  -93.39952758,
        -64.43436206,  -66.96303055, 4193.08023994, 4157.32254273,
       4197.39528417, 4227.34636237, 4189.75650944, 4221.85862669,
       4198.03588704, 4207.65105706, 4233.02169173, 4108.31946497,
        -64.67986004,  -61.1153527 ,  -64.08700674,  -63.27839348,
        -66.41254153,  -60.98536182,  -61.53200025,  -62.50088044,
        -62.63260006,  -59.53276438])
llh_GD_RAY_Renorm_gamma: array([-137.44248212, -134.23446676, -140.63931481, -133.60470096,
       -135.76024782, -137.67990163, -136.82982958, -143.41259967,
       -135.37251493, -143.26603499, -125.12682487, -117.13669696,
       -120.95014707, -116.30270441, -119.63943773, -117.37755816,
       -125.20643037, -116.73511811, -117.05114099, -116.87284077,
       -142.46882345, -148.30444832, -143.06934354, -137.9975319 ,
       -140.26257236, -139.9615669 , -137.64463134, -139.26865117,
       -137.67016742, -138.46530797, 2236.31231336, 2232.79021597,
       2222.75794188, 2249.94370838, 2232.62954208, 2258.26668971,
       2216.98479043, 2235.99546344, 2258.55479444, 2166.65068909,
       -121.06427037, -115.17154708, -115.17296923, -126.97093688,
       -120.48853328, -117.01981522, -124.10869919, -122.42326114,
       -114.85567934, -115.81031234])
llh_GD_RAY_Renorm_eta: array([-134.30080326, -133.21126248, -141.31234186, -133.20328645,
       -133.84095148, -133.69725065, -136.85584061, -134.5607046 ,
       -134.71820592, -134.73401254, -117.17860921, -116.08580655,
       -123.9622921 , -115.89764255, -117.03185172, -116.58310133,
       -120.74707278, -115.85899263, -116.33532118, -116.60420493,
       -139.79569037, -139.03704031, -138.98540073, -138.17009767,
       -137.65789583, -137.74168075, -137.7054464 , -140.75084785,
       -137.63228162, -137.16630423, 2231.09204304, 2222.38684172,
       2221.33430787, 2251.03566578, 2230.20236174, 2255.54102471,
       2219.00197823, 2241.50096275, 2257.66626547, 2155.30874089,
       -115.41363474, -114.87910525, -114.93220018, -119.28654253,
       -118.03580243, -115.07426908, -116.09998399, -132.20977247,
       -115.45875965, -117.90950154])
llh_GD_RAY_Renorm_gammaeta: array([-134.59163159, -134.92669189, -135.30982556, -135.74583789,
       -136.24091406, -136.80304001, -133.2922213 , -133.38903936,
       -133.50498829, -133.64384005, -133.8094108 , -134.00523888,
       -141.21272702, -141.11429163, -141.0170216 , -140.92090289,
       -140.82592149, -140.73206344, -133.24512405, -133.2912925 ,
       -133.34221869, -133.39842031, -133.46048147, -133.52902755,
       -134.02166417, -134.22988703, -134.46771387, -134.73720633,
       -135.04060332, -135.38053909, -133.97634282, -134.33160489,
       -134.77310959, -135.31145936, -135.96059128, -136.7404763 ,
       -136.85211591, -136.84839415, -136.84467534, -136.84095949,
       -136.83724657, -136.8335366 , -135.14584288, -135.87606851,
       -136.78106103, -137.90627856, -139.31969804, -141.11621031,
       -134.80253394, -134.88979786, -134.98006113, -135.07339092,
       -135.16985847, -135.26953956, -135.3255466 , -136.0528553 ,
       -136.94371861, -138.03964837, -139.4010474 , -141.11005159,
       -117.55584443, -118.09678395, -118.85695939, -119.89226339,
       -121.25495761, -122.98929882, -116.20688979, -116.33263127,
       -116.46000067, -116.59147353, -116.73615011, -116.91020432,
       -123.44964444, -122.97928274, -122.54201369, -122.12861836,
       -121.73038606, -121.33963246, -115.82561742, -115.81711171,
       -115.85969744, -115.94091355, -116.04877958, -116.17231238,
       -117.21082045, -117.43376214, -117.71244844, -118.05940362,
       -118.48757515, -119.00999467, -116.6600183 , -116.74299824,
       -116.83509548, -116.94001107, -117.06205895, -117.20611628,
       -121.24906056, -121.79400421, -122.38334514, -123.01833253,
       -123.70000488, -124.42917635, -115.94132782, -116.05108845,
       -116.17680084, -116.30934099, -116.44397764, -116.58255818,
       -116.41946509, -116.50463584, -116.5924965 , -116.68604026,
       -116.78963125, -116.90899174, -116.63819005, -116.67320955,
       -116.70949583, -116.74730673, -116.78692528, -116.82865928,
       -140.08736442, -140.40591639, -140.75321614, -141.13119332,
       -141.54181099, -141.98703802, -139.66768655, -140.47087849,
       -141.48068253, -142.73377383, -144.26623476, -146.11192496,
       -139.34813929, -139.77124552, -140.26205124, -140.82862068,
       -141.47952701, -142.22354619, -138.14320234, -138.11707315,
       -138.09169887, -138.06706844, -138.04317095, -138.01999565,
       -137.77690778, -137.95875207, -138.21443673, -138.55631303,
       -138.99903166, -139.56050902, -137.87504716, -138.05666123,
       -138.29324843, -138.59237542, -138.96285328, -139.41513027,
       -137.70081127, -137.69452514, -137.686739  , -137.6776334 ,
       -137.66741774, -137.65632922, -140.51634718, -140.28985839,
       -140.07105301, -139.85967537, -139.65554336, -139.45854788,
       -137.63709698, -137.64210706, -137.64731442, -137.65272159,
       -137.65833112, -137.66414555, -137.30428527, -137.53736989,
       -137.69526474, -137.67486398, -137.57033462, -137.70400262,
       2231.86273862, 2232.62507292, 2233.37907231, 2234.12476513,
       2234.86218148, 2235.59135313, 2223.95847808, 2225.50155769,
       2227.01609403, 2228.50213434, 2229.95975775, 2231.38907303,
       2221.53908065, 2221.74338812, 2221.94723015, 2222.15060664,
       2222.35351748, 2222.55596259, 2250.88145474, 2250.72665135,
       2250.57125444, 2250.41526284, 2250.2586754 , 2250.10149096,
       2230.5541853 , 2230.90431084, 2231.25274038, 2231.59947603,
       2231.94452   , 2232.28787456, 2255.94482879, 2256.34375981,
       2256.73785615, 2257.12715698, 2257.51170223, 2257.89153263,
       2218.71636013, 2218.42989035, 2218.14256956, 2217.85439845,
       2217.56537771, 2217.27550811, 2240.74583821, 2239.98035458,
       2239.20445091, 2238.4180675 , 2237.621146  , 2236.81362964,
       2257.79480222, 2257.92280156, 2258.05026511, 2258.17719452,
       2258.30359144, 2258.42945752, 2156.96817385, 2158.61411385,
       2160.24684441, 2161.86663039, 2163.47371793, 2165.06833453,
       -115.75761356, -116.22620109, -116.84469196, -117.63327541,
       -118.60251087, -119.750688  , -114.90496611, -114.93551669,
       -114.9710783 , -115.01201916, -115.05875672, -115.11175933,
       -114.95733868, -114.98528229, -115.01618485, -115.05021454,
       -115.08755422, -115.12840159, -120.17655608, -121.14988245,
       -122.1978217 , -123.3112148 , -124.48173822, -125.70295463,
       -118.33688298, -118.6548941 , -118.98964065, -119.34082097,
       -119.70803471, -120.09079336, -115.20391805, -115.37039729,
       -115.58074294, -115.84281743, -116.16485611, -116.55484749,
       -116.70354674, -117.48563629, -118.46027124, -119.62770474,
       -120.97434503, -122.47676926, -130.48727665, -128.88260261,
       -127.39187242, -126.00849979, -124.72456501, -123.53196118,
       -115.31984126, -115.20090496, -115.10046461, -115.01703147,
       -114.94920528, -114.89575447, -117.52986272, -117.17601382,
       -116.84863449, -116.54824907, -116.27514293, -116.02929161])
max_RAY_Renorm: 2258.5547944365753
llh_GD_GSS: array([ -68.03157825,  -73.86720238,  -62.14720917,  -61.67004467,
        -59.34718697,  -47.5488817 ,  -48.56573547,  -53.89098409,
        -48.24438627,  -50.3394194 ,  -56.98005406,  -67.12930975,
        -60.85291764,  -61.29156151,  -54.01171638,  -59.6834221 ,
       -108.05982716,  -70.6975538 ,  -58.96859353,  -56.89635116,
        -58.62424656,  -58.23766072,  -58.72703513,  -63.98445812,
        -61.24287327,  -57.78206445,  -60.21185182,  -70.69159976,
        -82.95729569,  -64.62041422, 4285.8397287 , 4273.34334033,
       4261.85872056, 4271.31847306, 4281.48552266, 4277.80423104,
       4251.11454473, 4287.04570657, 4276.38911632, 4270.40122413,
        -62.18898223,  -70.49366381,  -87.18584548,  -64.73028941,
        -72.74234862,  -62.00496361,  -64.17579851,  -83.89624409,
        -61.12889743,  -70.25232997])
llh_GD_GSS_Renorm_kappa: array([-163.58448547, -205.27870543, -158.18892235, -175.90779284,
       -180.23966671, -155.31074377, -187.97768863, -173.2775343 ,
       -156.64139772, -141.98853188, -267.3832175 , -143.4711259 ,
       -161.867562  , -141.99239466, -129.88478872, -143.09113326,
       -339.71548976, -169.69088743, -208.99557978, -222.04668353,
       -145.59595225, -237.67064855, -170.33552555, -193.26707441,
       -147.34925023, -150.26003169, -174.44858097, -152.4266717 ,
       -176.02297111, -181.47865933, 2277.26781077, 2226.27730623,
       2273.49406011, 2276.85057832, 2279.60969714, 2278.51425656,
       2162.5945726 , 2271.22079978, 2278.22074698, 2277.49533743,
       -122.0642237 , -128.80120922, -136.43724438, -137.08189922,
       -172.77713906, -256.62298518, -120.36937242, -142.57045848,
       -128.16014004, -151.92580781])
llh_GD_GSS_Renorm_tau: array([-316.67417339, -176.30392197, -228.97675719, -161.5035519 ,
       -153.3929689 , -197.00938322, -164.61662395, -181.23921937,
       -327.52555547, -187.88814044, -244.1102145 , -183.22290599,
       -143.46685033, -140.82897926, -173.73190197, -361.37912555,
       -385.62233726, -150.90906574, -228.61810282, -332.6646391 ,
       -199.35868904, -357.21807595, -241.56655162, -224.18098503,
       -183.37056673, -197.90537569, -209.1910431 , -235.93529969,
       -168.45209433, -166.994596  ,  962.86215605, 1823.19076626,
       1686.62630354, 1708.74489251, 2279.52049124, 2279.44995488,
       1265.88634604, 2114.18432393, 2279.48915328, 2277.19294551,
       -182.47644288, -160.73438793, -195.90631196, -174.54374653,
       -173.04193514, -290.44790072, -161.87320027, -128.76305571,
       -194.45667691, -176.8438503 ])
llh_GD_GSS_Renorm_kappatau: array([-326.30848271, -257.04866652, -246.6173285 , -216.0733891 ,
       -188.88883872, -169.40255063, -177.88055284, -168.0580151 ,
       -205.45663609, -203.58934489, -202.83395638, -203.34176713,
       -221.77871171, -189.19593573, -192.60894857, -178.28006757,
       -166.95604291, -159.79457139, -153.18230426, -168.42334266,
       -172.08894097, -173.49034295, -174.28335745, -174.92118889,
       -146.67124072, -150.88388099, -154.90734335, -158.59160176,
       -161.90107107, -164.78596539, -184.98042469, -170.5805356 ,
       -173.07953704, -165.21025277, -159.31372604, -155.84212234,
       -158.12200038, -140.58811798, -146.84438528, -162.66821812,
       -189.70964895, -187.3318911 , -172.23808903, -159.65109359,
       -145.3975558 , -178.62830705, -174.7951009 , -172.89479897,
       -329.75473484, -268.28919754, -241.95339541, -210.68117202,
       -182.84126618, -162.82051443, -182.85388656, -157.38536343,
       -151.89354681, -147.43778949, -144.1802276 , -142.29870655,
       -217.87756957, -191.91550021, -230.95596299, -272.08468426,
       -261.91998442, -259.21140751, -151.23171838, -147.77787373,
       -144.67909758, -141.90116702, -139.3283399 , -136.74584355,
       -152.86366887, -149.08747521, -140.26938654, -128.02781255,
       -161.14805414, -161.41569285, -136.1850532 , -132.30195307,
       -141.24296244, -134.00558667, -141.76596456, -141.80554298,
       -165.28924267, -153.02890224, -144.95885767, -138.3320449 ,
       -133.41135551, -130.48795056, -463.15239896, -289.05670609,
       -269.6870209 , -225.89120768, -184.96909384, -153.98486869,
       -415.2507556 , -355.66026902, -329.6942448 , -315.33349646,
       -308.3111898 , -313.88570731, -146.00100894, -151.74832216,
       -156.05977091, -159.45208363, -162.24767962, -164.65968028,
       -218.66568048, -237.662281  , -224.61196893, -214.1728373 ,
       -207.29624915, -205.11753894, -463.15239896, -257.94867681,
       -289.60435617, -259.9199822 , -234.84648839, -219.71675663,
       -186.22543431, -163.61047183, -157.01007904, -151.64718257,
       -147.7679381 , -145.64786464, -390.21287657, -393.93088603,
       -251.1034077 , -293.54404424, -262.10739935, -238.13747697,
       -221.02812569, -199.06176533, -206.58404794, -191.30310915,
       -179.09110449, -171.47074555, -206.06798972, -170.46596187,
       -182.06876843, -212.31624267, -200.36346311, -193.27562799,
       -179.37052383, -157.93115307, -153.86815004, -150.65333382,
       -148.40632635, -147.2575287 , -191.48215807, -164.45566021,
       -158.99483039, -154.63800417, -151.58094733, -150.04104248,
       -189.85873773, -174.06486956, -203.22634798, -190.68783617,
       -180.91450561, -175.04150674, -220.71488388, -196.79553593,
       -186.2984903 , -172.32674199, -161.20547669, -154.10094337,
       -168.10718783, -167.90051554, -172.99291034, -171.58057955,
       -169.00223188, -170.77096418, -159.6141439 , -152.79848525,
       -142.51702629, -146.19352974, -182.35839255, -180.87600379,
        905.23060845, 1400.40655725, 1691.76086163, 1907.96955975,
       2091.99004065, 2223.84413127, 1907.82780552, 2042.65279294,
       2032.36106972, 2110.59117357, 2171.75118387, 2211.85814372,
       1648.4789806 , 1908.75556987, 2141.30487003, 2194.12098059,
       2235.14623667, 2262.36196961, 1701.79693449, 1954.22134635,
       2132.9925625 , 2190.4343207 , 2235.14886662, 2264.82660055,
       2277.71443952, 2277.84710473, 2277.97932597, 2278.10962331,
       2278.23682266, 2278.35999095, 2274.58663965, 2274.2656329 ,
       2273.90150053, 2273.4843486 , 2273.00180173, 2272.43796433,
       1400.931528  , 1595.6232483 , 1767.97918674, 1922.02745409,
       2047.88768192, 2133.24643153, 2083.44543233, 2155.21031941,
       2198.8339895 , 2249.86051561, 2261.09429755, 2268.31716237,
       2276.75287136, 2276.36543854, 2275.93795297, 2275.46655887,
       2274.94665638, 2274.37273928, 2270.28794664, 2270.40121619,
       2270.46711887, 2270.48317679, 2270.44461761, 2270.34354084,
       -185.12961471, -133.11824244, -128.18803942, -124.40782647,
       -121.97514985, -121.11123481, -161.59743248, -160.64212471,
       -157.47040224, -157.24885818, -146.70555816, -128.68207205,
       -187.96108138, -157.93438531, -142.62437466, -138.1248231 ,
       -135.35805819, -134.6653137 , -172.18989463, -156.47724411,
       -122.53869698, -138.88624768, -135.99956621, -135.25990844,
       -180.31701828, -136.44568007, -139.01278164, -147.07305959,
       -157.90260839, -169.6759402 , -324.99421669, -275.8145609 ,
       -245.49757211, -237.54332091, -234.78101168, -239.89494323,
       -167.84339759, -158.45762067, -150.03678671, -120.01643652,
       -119.53319018, -119.63406002, -129.2133681 , -134.41427235,
       -137.04240935, -138.57622755, -139.80405003, -141.0559574 ,
       -191.5485104 , -140.55758943, -134.88059577, -130.52685831,
       -127.75411994, -126.85458602, -195.08312557, -153.92614836,
       -151.28563373, -149.6179975 , -149.06290001, -149.77501506])
max_GSS_Renorm: 2279.6096971362595
