llh_GD_EXP: array([ -93.89273242,  -87.57528476, -103.63580878,  -92.51673262,
        -92.07889682,  -90.50706957,  -90.04491629,  -99.30791136,
        -89.77635634,  -93.11077906,  -79.97029013,  -86.09667495,
        -83.87325136,  -86.7454171 ,  -87.39298925,  -95.69347195,
        -79.57375771,  -93.4193772 ,  -76.69844949,  -98.44102978,
       -103.59607302,  -94.95474432,  -91.12573802, -108.9480544 ,
       -110.09557688,  -86.33546138, -103.48680459, -103.45375392,
       -105.92124992, -101.02532892,  462.08798323,  433.45480047,
        460.41117988,  465.07142456,  465.99674634,  456.90720295,
        424.60362269,  436.78912196,  470.14542335,  463.27954639,
         82.79966177,   84.14834691,   50.42573623,   83.71532937,
         68.55273962,   44.03644811,   83.90343555,   85.45190725,
         60.87632363,   81.93590874])
llh_GD_EXP_Renorm_alpha: array([  -95.11012636,   -88.18867539,  -120.79628732,  -145.28857085,
        -131.98019915,  -100.84298978,  -133.68649398,  -116.03257457,
         -91.15315882,  -116.05294603,   -87.47574082,  -140.04335526,
        -127.40324293,  -130.7808963 ,  -111.16995756,  -135.76010451,
       -6165.32751014,  -113.90309437, -5864.19452126,   -87.14512439,
         -97.42924468,   -94.48893731, -5164.32134652,  -145.2367292 ,
        -114.72270296, -4799.52804811,  -130.38378231,  -139.90083592,
        -140.99271192,  -127.71172767,   467.75834814,   443.94323128,
         462.91745944,   467.52758889,   464.98889371,   468.82930663,
         440.40740203,   444.96811393,   469.84052159,   464.01633299,
          78.04561835,    79.43101837,    80.16025393,    83.56867141,
          77.54384981,    57.09528186,    83.93779069,    80.93341414,
          79.66383199,    82.98559849])
llh_GD_EXP_Renorm_beta: array([  -95.57671226,   -87.37446129,  -110.55052001,   -91.7456536 ,
         -91.45668925,   -90.55275202,   -87.07374202,  -105.13144847,
         -91.04977633,   -93.29176081,   -92.45131753,   -92.03923155,
         -89.09016693,   -93.30923806,   -92.89052201,  -106.77955142,
       -6165.32751014,   -88.3838365 , -6165.32751014,   -87.20515899,
        -100.8626824 ,   -94.61373986, -4964.60226587,  -116.21640443,
        -111.66763204, -5228.35046246,  -107.7584258 ,  -103.09851238,
        -113.54845481,  -104.41145363,   463.11640774,   447.05529947,
         459.79718463,   467.8682708 ,   466.84157604,   462.19108249,
         423.33880987,   432.47963315,   469.49365369,   465.3683936 ,
          78.4175778 ,    81.97248524,    77.81119901,    82.37289089,
          72.02109482,    59.4836915 ,    82.52213645,    83.13500107,
          71.38966693,    84.23207024])
llh_GD_EXP_Renorm_alphabeta: array([  -95.50903519,   -95.44170076,   -95.37470778,   -95.30805504,
         -95.24174135,   -95.17576552,   -87.46983608,   -87.57203684,
         -87.68115197,   -87.79727416,   -87.92050045,   -88.05093224,
        -111.85194867,  -113.20507867,  -114.61133968,  -116.07216384,
        -117.58898178,  -119.16321819,   -94.88538237,   -99.08847485,
        -104.58743951,  -111.65542482,  -120.59430895,  -131.71258256,
         -94.06283148,   -97.44745806,  -101.75799459,  -107.16739584,
        -113.86969989,  -122.07185433,   -91.53820448,   -92.66443972,
         -93.94266284,   -95.38531931,   -97.00610621,   -98.81995537,
         -88.38925072,   -90.83321887,   -94.67581506,  -100.31054158,
        -108.26102317,  -119.15954252,  -106.4682751 ,  -107.87423299,
        -109.35190661,  -110.90391766,  -112.53291704,  -114.2415757 ,
         -91.06445528,   -91.07916416,   -91.09390301,   -91.10867188,
         -91.12347077,   -91.13829975,   -95.25653845,   -97.57283617,
        -100.28282728,  -103.4332886 ,  -107.07514161,  -111.26275806,
         -90.41962226,   -88.94662815,   -87.94843836,   -87.35262113,
         -87.09972846,   -87.14736627,   -94.73729458,   -98.3562643 ,
        -103.12429767,  -109.32381035,  -117.29026869,  -127.39796875,
         -90.82367355,   -93.3326409 ,   -96.83699003,  -101.61109248,
        -108.00248911,  -116.43753255,   -95.83546382,   -99.03719003,
        -103.04983384,  -108.03483162,  -114.17873515,  -121.68768003,
         -94.45245938,   -96.29439801,   -98.45312024,  -100.97024328,
        -103.89281397,  -107.27345666,  -109.73344213,  -113.02953952,
        -116.69880062,  -120.77327986,  -125.28590066,  -130.27022895,
       -6165.32751014, -6165.32751014, -6165.32751014, -6165.32751014,
       -6165.32751014, -6165.32751014,   -89.59197605,   -91.32805103,
         -93.72822849,   -96.958423  ,  -101.22141895,  -106.76843957,
       -6165.32751014, -6165.32751014, -6165.32751014, -6100.10950814,
       -6032.08130554, -5932.87335989,   -87.15368384,   -87.11622277,
         -87.09287984,   -87.08382821,   -87.0893071 ,   -87.10961863,
        -100.27802464,   -99.72682921,   -99.20772336,   -98.71946735,
         -98.26094732,   -97.83116787,   -94.59273172,   -94.57278212,
         -94.55389166,   -94.53606107,   -94.51929117,   -94.50358291,
       -5096.31043979, -5162.28002012, -5195.66446514, -5228.35046246,
       -5228.35046246, -5228.35046246,  -119.19927973,  -122.5150773 ,
        -126.196365  ,  -130.27658055,  -134.78910899,  -139.76605067,
        -112.07990552,  -112.49999122,  -112.92803277,  -113.3641759 ,
        -113.80856843,  -114.26136016, -5228.35046246, -5228.35046246,
       -5228.35046246, -5228.35046246, -5163.75911801, -5129.09474594,
        -109.9779771 ,  -112.47422901,  -115.280773  ,  -118.43435792,
        -121.97457277,  -125.94329442,  -105.8721229 ,  -109.23447401,
        -113.30755184,  -118.23695974,  -124.1897683 ,  -131.34886805,
        -116.32295642,  -119.42046313,  -122.87526174,  -126.72330548,
        -131.00144076,  -135.74628145,  -106.53908673,  -108.98104684,
        -111.7828985 ,  -114.99649246,  -118.67967243,  -122.89563862,
         463.92762091,   464.69045975,   465.40432231,   466.06861823,
         466.68276739,   467.24619858,   446.62038129,   446.1821858 ,
         445.74074623,   445.29609636,   444.84827054,   444.39730368,
         460.27513295,   460.74247341,   461.19913067,   461.64503054,
         462.08009989,   462.50426659,   467.82112083,   467.77346368,
         467.72529988,   467.67662996,   467.62745446,   467.57777393,
         466.6044962 ,   466.35830719,   466.1029574 ,   465.83839451,
         465.56456551,   465.2814167 ,   463.48187007,   464.6619429 ,
         465.72918044,   466.68152425,   467.51696689,   468.23354093,
         425.90048296,   428.42971658,   430.92120498,   433.36971749,
         435.77015806,   438.11761519,   434.36571808,   436.22145548,
         438.04456112,   439.83283574,   441.58417334,   443.29656724,
         469.55647025,   469.614887  ,   469.66889109,   469.71846961,
         469.76360958,   469.80429795,   465.18536793,   464.99894918,
         464.80914799,   464.61597503,   464.41944101,   464.21955672,
          78.36513058,    78.31245331,    78.25954605,    78.20640887,
          78.15304181,    78.09944495,    81.6658069 ,    81.34032561,
          80.99603765,    80.63294742,    80.25106699,    79.85041545,
          78.17352261,    78.5271527 ,    78.87196107,    79.20781477,
          79.53457643,    79.85210457,    82.57436582,    82.76585957,
          82.94723049,    83.1183373 ,    83.27903936,    83.42919693,
          72.89036691,    73.73353081,    74.55027661,    75.34020545,
          76.10283328,    76.8375951 ,    59.14955353,    58.81309089,
          58.47428591,    58.13312073,    57.78957723,    57.4436371 ,
          82.78120169,    83.02189285,    83.24386545,    83.44677746,
          83.63029047,    83.79407081,    82.8893068 ,    82.62074929,
          82.32926864,    82.01481942,    81.6773703 ,    81.3169035 ,
          72.77410707,    74.09401702,    75.34814005,    76.53468559,
          77.65136889,    78.69545872,    84.34088755,    84.35734397,
          84.27922316,    84.10455278,    83.831626  ,    83.45901829])
max_EXP_Renorm: 469.84052159333953
llh_GD_PWL: array([-88.47434095, -89.60217137, -88.72816683, -88.49879926,
       -87.21165145, -89.93377897, -88.41383977, -88.46889916,
       -88.59447851, -87.83178334, -80.79945201, -83.26820917,
       -79.8131963 , -80.766261  , -80.02791084, -80.42804982,
       -81.29127839, -80.2547319 , -80.42219   , -80.32295604,
       -90.47523339, -89.7414555 , -89.34492923, -88.13194125,
       -92.51078585, -91.30375349, -90.7369452 , -90.64976984,
       -91.34809505, -88.10822732, 392.11073977, 361.15669559,
       387.2130524 , 378.23876102, 365.95339008, 368.72507812,
       367.16859726, 377.66133009, 378.225029  , 391.02291795,
        34.59038166,  18.06181084,  21.943224  ,  21.18890314,
        51.98895573,  30.0635577 ,  31.65283127,   5.06604602,
        59.00295052,  49.88101383])
llh_GD_PWL_Renorm_K: array([-1.33228144e+02, -4.92922723e+03, -1.03187742e+02, -2.58775432e+02,
       -1.03579968e+02, -5.12273292e+03, -1.01911935e+02, -1.23808951e+02,
       -1.59615295e+02, -1.27256104e+02, -1.76885522e+02, -5.84218808e+03,
       -5.74307894e+03, -1.28542702e+02, -5.94004079e+03, -4.87769873e+03,
       -1.22092989e+02, -1.45254964e+02, -5.74501027e+03, -5.81195738e+03,
       -5.06859742e+03, -5.03151405e+03, -4.63834388e+03, -5.03510532e+03,
       -1.29773062e+02, -1.89215659e+02, -5.03671062e+03, -4.74746539e+03,
       -5.13629251e+03, -5.03511047e+03,  2.00888548e+02,  4.01168571e+02,
        1.05133557e+02,  2.45510967e+02,  3.59693279e+02,  3.60220793e+02,
        3.49904885e+02,  3.03314574e+02,  2.90745382e+02,  1.41502764e+02,
        2.75861346e+01,  6.42029789e+01, -4.89767406e+00,  2.40033144e+00,
        5.21294711e+01,  5.20002945e+01,  5.33187779e+01, -7.65004928e+01,
        2.21333259e+01, -4.78956303e+01])
llh_GD_PWL_Renorm_c: array([-1.57933428e+02, -2.99400901e+03, -1.81821455e+02, -1.71950125e+02,
       -1.30337666e+02, -3.31282598e+03, -2.13912191e+02, -2.10626901e+02,
       -2.04729759e+02, -1.56051099e+02, -2.33882976e+02, -4.94906792e+03,
       -4.44988359e+03, -1.76196148e+02, -5.11695646e+02, -3.66757742e+03,
       -1.62469733e+02, -2.59023307e+02, -4.27540037e+02, -5.02352517e+03,
       -4.29003033e+03, -4.23682845e+03, -4.02456329e+03, -4.88028270e+03,
       -1.83756601e+02, -2.46393828e+02, -2.95771543e+03, -2.90764950e+03,
       -2.96598542e+03, -4.88148075e+03,  2.61401788e+02,  3.69641281e+02,
        1.87015018e+02,  2.81455555e+02,  3.75960723e+02,  3.27920804e+02,
        3.28192285e+02,  2.88468780e+02,  3.21465147e+02,  2.33579620e+02,
        5.25383214e+01,  5.12236118e+01,  5.57302650e+00, -7.87695058e+00,
        6.52290919e+01,  4.63443625e+01,  5.52956596e+01,  7.83843073e+01,
        4.76277418e+01,  2.15749988e+00])
lllh_GD_PWL_Renorm_p: array([-1.29309692e+02, -5.28025783e+03, -1.50810952e+02, -1.65105239e+02,
       -1.04292348e+02, -5.28351964e+03, -2.02888706e+02, -1.59375006e+02,
       -1.56964533e+02, -1.25832241e+02, -1.76623998e+02, -5.97420380e+03,
       -5.97044051e+03, -1.31680927e+02, -3.61979832e+02, -5.15307509e+03,
       -1.22681056e+02, -2.14171743e+02, -3.47356233e+02, -5.97143051e+03,
       -5.13139304e+03, -5.06921598e+03, -4.93726204e+03, -5.10151639e+03,
       -1.35899802e+02, -1.92633824e+02, -4.96996922e+03, -4.94419038e+03,
       -4.94006920e+03, -5.10140347e+03,  1.98375391e+02,  3.86652719e+02,
        9.92488963e+01,  2.48229436e+02,  3.63152168e+02,  3.49520226e+02,
        3.43701862e+02,  2.99936333e+02,  2.93030270e+02,  9.32040975e+01,
        1.92937688e+01,  5.90133235e+01, -1.70669169e+01,  1.94383134e-01,
        5.31551191e+01,  5.00565286e+01,  5.38176527e+01,  4.42464827e+01,
        1.88106712e+01, -8.13331954e+01])
llh_GD_PWL_Renorm_Kc: array([-1.57944508e+02, -1.53693040e+02, -1.49479813e+02, -1.45315453e+02,
       -1.41211006e+02, -1.37177938e+02, -2.80087325e+03, -3.07241088e+03,
       -3.44747635e+03, -3.85032606e+03, -4.36487226e+03, -4.57470082e+03,
       -1.63543517e+02, -1.47267857e+02, -1.32438056e+02, -1.19809043e+02,
       -1.10170255e+02, -1.04343317e+02, -1.71820510e+02, -1.53713260e+02,
       -1.44776879e+02, -1.48535533e+02, -1.67806557e+02, -2.04391033e+02,
       -1.27747919e+02, -1.23145507e+02, -1.18739685e+02, -1.14554731e+02,
       -1.10615717e+02, -1.06948542e+02, -3.28736358e+03, -3.81041067e+03,
       -4.26650149e+03, -4.59397770e+03, -4.85868784e+03, -5.05401836e+03,
       -1.86333096e+02, -1.61710689e+02, -1.38607276e+02, -1.18998486e+02,
       -1.04940720e+02, -9.85290787e+01, -2.07557821e+02, -1.93691604e+02,
       -1.79370821e+02, -1.64870871e+02, -1.50518074e+02, -1.36688705e+02,
       -2.09104078e+02, -2.01217709e+02, -1.93120981e+02, -1.84858308e+02,
       -1.76480502e+02, -1.68044869e+02, -1.56225600e+02, -1.51193540e+02,
       -1.46218922e+02, -1.41319217e+02, -1.36512680e+02, -1.31818357e+02,
       -2.39269000e+02, -2.29710179e+02, -2.19718275e+02, -2.09356129e+02,
       -1.98700365e+02, -1.87841758e+02, -4.94979860e+03, -5.12252436e+03,
       -5.34712846e+03, -5.47934488e+03, -5.60995925e+03, -5.71308184e+03,
       -4.35895171e+03, -4.84461245e+03, -5.01466838e+03, -5.28016151e+03,
       -5.47455767e+03, -5.57768836e+03, -1.76173744e+02, -1.67854401e+02,
       -1.59606105e+02, -1.51486898e+02, -1.43558701e+02, -1.35887355e+02,
       -3.77928953e+02, -5.10427982e+02, -1.02375161e+03, -2.34667627e+03,
       -4.23560195e+03, -5.41592934e+03, -3.43007734e+03, -3.69522660e+03,
       -3.92805264e+03, -4.19318240e+03, -4.39563406e+03, -4.62871422e+03,
       -1.60721640e+02, -1.53795077e+02, -1.47008000e+02, -1.40400860e+02,
       -1.34016053e+02, -1.27897956e+02, -2.59484768e+02, -2.43235341e+02,
       -2.25266937e+02, -2.05914846e+02, -1.85669657e+02, -1.65180426e+02,
       -3.55761288e+02, -3.75465576e+02, -5.43725100e+02, -1.14208897e+03,
       -3.16469853e+03, -4.94834794e+03, -5.02285706e+03, -5.27874563e+03,
       -5.38086506e+03, -5.51140442e+03, -5.58356214e+03, -5.71020617e+03,
       -4.47661228e+03, -4.60458947e+03, -4.67436389e+03, -4.77549674e+03,
       -4.97307640e+03, -5.03365033e+03, -4.16898502e+03, -4.47592662e+03,
       -4.54465463e+03, -4.61340283e+03, -4.74211863e+03, -4.78299645e+03,
       -3.96339164e+03, -4.06591819e+03, -4.29498549e+03, -4.50710421e+03,
       -4.53987146e+03, -4.60435483e+03, -4.91218322e+03, -5.03132675e+03,
       -5.03183831e+03, -5.03242705e+03, -5.03312127e+03, -5.03397304e+03,
       -1.80330861e+02, -1.71371238e+02, -1.62484225e+02, -1.53770040e+02,
       -1.45336069e+02, -1.37296653e+02, -2.52036772e+02, -2.43391865e+02,
       -2.33924199e+02, -2.23677638e+02, -2.12729045e+02, -2.01191357e+02,
       -2.93339223e+03, -3.40921031e+03, -4.03222200e+03, -4.54227320e+03,
       -4.70786946e+03, -4.97130406e+03, -2.47995473e+03, -2.91968658e+03,
       -3.48506735e+03, -4.03983469e+03, -4.47893031e+03, -4.61425418e+03,
       -2.94527773e+03, -3.67922594e+03, -4.47371589e+03, -4.64518094e+03,
       -4.90952896e+03, -5.03709247e+03, -4.91452001e+03, -5.03136604e+03,
       -5.03187456e+03, -5.03245926e+03, -5.03314794e+03, -5.03399169e+03,
        2.81298506e+02,  2.68239904e+02,  2.55013577e+02,  2.41643079e+02,
        2.28151048e+02,  2.14559237e+02,  3.69000046e+02,  3.74862680e+02,
        3.80536049e+02,  3.86011873e+02,  3.91281693e+02,  3.96336868e+02,
        2.26040986e+02,  2.06015143e+02,  1.85862766e+02,  1.65643804e+02,
        1.45414592e+02,  1.25228001e+02,  2.91133099e+02,  2.83687889e+02,
        2.76172740e+02,  2.68592647e+02,  2.60952491e+02,  2.53257044e+02,
        3.77581985e+02,  3.74689262e+02,  3.71759996e+02,  3.68794984e+02,
        3.65795010e+02,  3.62760852e+02,  3.24824386e+02,  3.30963943e+02,
        3.37013297e+02,  3.42968118e+02,  3.48823992e+02,  3.54576414e+02,
        3.25801372e+02,  3.29919274e+02,  3.33998605e+02,  3.38038112e+02,
        3.42036522e+02,  3.45992548e+02,  2.85640194e+02,  2.88620054e+02,
        2.91586739e+02,  2.94539894e+02,  2.97479160e+02,  3.00404175e+02,
        3.27412310e+02,  3.21463782e+02,  3.15445743e+02,  3.09361585e+02,
        3.03214638e+02,  2.97008169e+02,  2.71422523e+02,  2.50305941e+02,
        2.28863558e+02,  2.07182732e+02,  1.85345354e+02,  1.63428119e+02,
        5.49011871e+01,  5.07974491e+01,  4.64973292e+01,  4.20138925e+01,
        3.73596478e+01,  3.25465720e+01,  5.15794239e+01,  5.38576310e+01,
        5.60694457e+01,  5.82124213e+01,  6.02840536e+01,  6.22817803e+01,
        7.25894575e+00,  5.26219924e+00,  3.25314959e+00,  1.23222189e+00,
       -8.00165191e-01, -2.84359925e+00, -1.01887879e+01, -8.05964893e+00,
       -5.94225421e+00, -3.83707553e+00, -1.74459229e+00,  3.34708378e-01,
        6.58169433e+01,  6.37828081e+01,  6.16445859e+01,  5.94062865e+01,
        5.70718151e+01,  5.46449753e+01,  4.60928662e+01,  4.71086043e+01,
        4.81121442e+01,  4.91032861e+01,  5.00818281e+01,  5.10475663e+01,
        5.53725520e+01,  5.50347156e+01,  5.46950818e+01,  5.43536609e+01,
        5.40104632e+01,  5.36654988e+01,  6.86452025e+01,  6.06040321e+01,
        4.69459452e+01,  2.70465066e+01,  2.65122953e-01, -3.40411340e+01,
        5.08041353e+01,  4.64630468e+01,  4.19298092e+01,  3.72177446e+01,
        3.23395991e+01,  2.73075691e+01,  1.80789114e+01,  7.77370542e+00,
       -2.88527051e+00, -1.38364048e+01, -2.50228579e+01, -3.63921227e+01])
llh_GD_PWL_Renorm_Kp: array([-1.29386948e+02, -1.29650408e+02, -1.30084147e+02, -1.30672845e+02,
       -1.31401969e+02, -1.32257925e+02, -5.19137369e+03, -5.16224596e+03,
       -5.15780730e+03, -5.15601094e+03, -5.05792300e+03, -4.99149673e+03,
       -1.29044049e+02, -1.11472991e+02, -9.95346681e+01, -9.36946150e+01,
       -9.32269148e+01, -9.67063489e+01, -1.31256415e+02, -1.04644086e+02,
       -9.28333035e+01, -1.03216029e+02, -1.39526061e+02, -1.96682169e+02,
       -1.03505261e+02, -1.02982807e+02, -1.02701782e+02, -1.02640484e+02,
       -1.02778697e+02, -1.03097649e+02, -5.37775923e+03, -5.37806546e+03,
       -5.37840733e+03, -5.34842974e+03, -5.28356949e+03, -5.21720454e+03,
       -1.68474054e+02, -1.35688123e+02, -1.09839889e+02, -9.49236826e+01,
       -9.12683722e+01, -9.51218754e+01, -1.45163411e+02, -1.34333165e+02,
       -1.26945937e+02, -1.22710786e+02, -1.21140711e+02, -1.21682441e+02,
       -1.55732428e+02, -1.55214520e+02, -1.55294024e+02, -1.55862102e+02,
       -1.56822905e+02, -1.58095798e+02, -1.25505834e+02, -1.25388859e+02,
       -1.25460303e+02, -1.25700378e+02, -1.26090695e+02, -1.26614376e+02,
       -1.73095500e+02, -1.71140041e+02, -1.70527785e+02, -1.71010035e+02,
       -1.72354078e+02, -1.74363790e+02, -5.97236480e+03, -5.97240388e+03,
       -5.97151027e+03, -5.96975098e+03, -5.93787266e+03, -5.93584008e+03,
       -5.97078927e+03, -5.97061615e+03, -5.94019435e+03, -5.93947010e+03,
       -5.90803311e+03, -5.81388217e+03, -1.29743104e+02, -1.28430172e+02,
       -1.27658606e+02, -1.27350353e+02, -1.27434856e+02, -1.27850073e+02,
       -4.02915413e+02, -8.74291748e+02, -5.07588892e+03, -5.74412625e+03,
       -6.00340506e+03, -6.06662028e+03, -5.15374297e+03, -5.09312342e+03,
       -4.99598556e+03, -4.95729043e+03, -4.94887412e+03, -4.88375106e+03,
       -1.21242010e+02, -1.20344873e+02, -1.19932620e+02, -1.19950377e+02,
       -1.20346805e+02, -1.21075000e+02, -1.89670472e+02, -1.69303600e+02,
       -1.54724406e+02, -1.46116451e+02, -1.42554596e+02, -1.42681006e+02,
       -3.66718615e+02, -4.28379417e+02, -3.38703057e+03, -5.28777032e+03,
       -5.87569765e+03, -5.93776077e+03, -5.97141293e+03, -5.94137439e+03,
       -5.96958945e+03, -5.93876222e+03, -5.93616005e+03, -5.90438180e+03,
       -5.13293167e+03, -5.16583381e+03, -5.16642637e+03, -5.16566184e+03,
       -5.16484030e+03, -5.13261931e+03, -5.06741889e+03, -5.06697998e+03,
       -5.00638540e+03, -5.00479979e+03, -5.03351182e+03, -5.03240628e+03,
       -4.78856944e+03, -4.77874582e+03, -4.74452033e+03, -4.71188235e+03,
       -4.67631228e+03, -4.64200231e+03, -5.10076302e+03, -5.07029514e+03,
       -5.06873606e+03, -5.06781283e+03, -5.04075795e+03, -5.03629582e+03,
       -1.31608317e+02, -1.28696872e+02, -1.27033263e+02, -1.26462929e+02,
       -1.26827011e+02, -1.27975108e+02, -1.86563811e+02, -1.82969613e+02,
       -1.81559547e+02, -1.81894940e+02, -1.83521818e+02, -1.86057027e+02,
       -5.06743533e+03, -5.13006012e+03, -5.13147726e+03, -5.13575967e+03,
       -5.16441925e+03, -5.13245157e+03, -5.00457145e+03, -5.00446036e+03,
       -4.97192992e+03, -4.96982556e+03, -4.96834649e+03, -4.84968120e+03,
       -5.06677484e+03, -5.13031837e+03, -5.13343410e+03, -5.16451827e+03,
       -5.19610208e+03, -5.19632796e+03, -5.10069151e+03, -5.07010069e+03,
       -5.06866283e+03, -5.06777416e+03, -5.03980105e+03, -5.03627523e+03,
        1.99477437e+02,  2.00367322e+02,  2.01025152e+02,  2.01429710e+02,
        2.01558333e+02,  2.01386702e+02,  3.89077832e+02,  3.91376685e+02,
        3.93555026e+02,  3.95618317e+02,  3.97571751e+02,  3.99420270e+02,
        5.49434289e+01,  6.63134883e+01,  8.32092553e+01,  9.29081359e+01,
        9.91972561e+01,  1.03129722e+02,  2.48075639e+02,  2.47850344e+02,
        2.47549760e+02,  2.47169887e+02,  2.46706495e+02,  2.46155104e+02,
        3.62748374e+02,  3.62315629e+02,  3.61853253e+02,  3.61360550e+02,
        3.60836807e+02,  3.60281297e+02,  3.51396344e+02,  3.53148464e+02,
        3.54781642e+02,  3.56300786e+02,  3.57710653e+02,  3.59015844e+02,
        3.44754008e+02,  3.45748224e+02,  3.46686100e+02,  3.47569196e+02,
        3.48399037e+02,  3.49177114e+02,  3.00462856e+02,  3.00974225e+02,
        3.01470755e+02,  3.01952755e+02,  3.02420529e+02,  3.02874372e+02,
        2.92972416e+02,  2.92830879e+02,  2.92602310e+02,  2.92283215e+02,
        2.91869942e+02,  2.91358665e+02,  1.07296194e+02,  1.18077923e+02,
        1.26420236e+02,  1.32762742e+02,  1.37330231e+02,  1.40230760e+02,
        2.14597248e+01,  2.33181218e+01,  2.48570159e+01,  2.60649790e+01,
        2.69306296e+01,  2.74420274e+01,  6.01218465e+01,  6.11060063e+01,
        6.19667896e+01,  6.27053870e+01,  6.33231935e+01,  6.38217999e+01,
       -1.34288401e+01, -1.09404780e+01, -9.07157913e+00, -7.61815541e+00,
       -6.47572658e+00, -5.58230966e+00,  5.57413838e-01,  9.03649192e-01,
        1.23360349e+00,  1.54777473e+00,  1.84664490e+00,  2.13068021e+00,
        5.32556504e+01,  5.32802059e+01,  5.32250861e+01,  5.30864614e+01,
        5.28603777e+01,  5.25427685e+01,  5.03684970e+01,  5.06687048e+01,
        5.09573523e+01,  5.12346386e+01,  5.15007610e+01,  5.17559150e+01,
        5.37513071e+01,  5.36833383e+01,  5.36137359e+01,  5.35424892e+01,
        5.34695877e+01,  5.33950208e+01,  4.69821768e+01,  4.04888427e+01,
        2.49863236e+01,  2.00822123e+00, -2.54021893e+01, -5.30077671e+01,
        1.98606976e+01,  2.07436008e+01,  2.14452336e+01,  2.19509050e+01,
        2.22452091e+01,  2.23118236e+01, -7.35905017e+01, -6.68202245e+01,
       -6.10096587e+01, -5.61680721e+01, -5.23306913e+01, -4.95519173e+01])
max_PWL_Renorm: 401.1685705116833
llh_GD_QEXP: array([ 728.10659591,  494.30344717,  739.53008927,  721.04243669,
        700.36765162,  710.52429429,  709.31140151,  738.91658289,
        719.12317291,  712.58825775,  847.80875683,  804.42862844,
        837.60607944,  850.27097208,  826.17789131,  841.99716132,
        834.06912026,  805.56953518,  821.99939548,  816.31864425,
        694.09431933,  474.6807576 ,  660.38250489,  701.85983513,
        460.47977983,  701.90583558,  693.16527972,  661.13562785,
        686.09042147,  662.25637539, 3122.33520623, 3093.83451233,
       2962.11632234, 2886.11491272, 2967.53060234, 2916.27355145,
       3155.2716522 , 3116.97934175, 3007.52019   , 2917.5344613 ,
       1218.20186879, 1202.64739126, 1241.8961628 , 1214.27220822,
       1222.27116696, 1250.68327913, 1196.49541063, 1156.94731992,
       1190.12132913, 1185.34390937])
llh_GD_QEXP_Renorm_a: array([ 222.75932975,  125.64723442,  221.45347616,  212.23356161,
        221.53090977,  200.56298111,  200.51918305,  222.16617498,
        218.17725632,  200.67268619,  267.37554076,  239.49941268,
        262.67472363,  266.35714219,  258.42035161,  261.76110231,
        267.70067965,  259.04162225,  244.67520767,  253.05371873,
        201.30638539,  116.13960138,  210.9192885 ,  202.78471652,
        103.98985364,  204.14604136,  200.79993287,  179.20455381,
        200.87737613,  210.74528604, 1433.93803924, 1353.98535946,
       1305.27497909, 1264.2187643 , 1304.88463754, 1283.48328086,
       1392.48814987, 1432.89346658, 1342.05450272, 1284.94101452,
        438.90956085,  460.25384548,  475.9405387 ,  438.03802696,
        450.92428384,  452.15852944,  425.69920666,  411.11496939,
        464.59428399,  455.26079599])
lllh_GD_QEXP_Renorm_q: array([ 834.54988416,  658.07929116,  846.49612704,  831.97245125,
        808.96155399,  837.5074539 ,  836.36551303,  844.83693699,
        829.02255046,  838.81125448,  974.81041877,  950.02152541,
        968.35336587,  978.55111626,  962.40183104,  973.94111299,
        958.73798102,  936.90230259,  969.29580267,  954.99545112,
        801.48907873,  634.40028192,  758.79277406,  809.18324552,
        626.75299121,  808.60367492,  802.15701153,  782.48870642,
        794.57447424,  760.87099439, 3447.97034811, 3493.77539034,
       3395.15776317, 3351.24376816, 3403.28127226, 3364.39520533,
       3521.31174729, 3442.82683085, 3419.56187031, 3364.36166165,
       1374.56700047, 1342.06089673, 1365.75291023, 1371.2621264 ,
       1368.89384168, 1398.34527056, 1366.43310917, 1329.68676757,
       1320.03959697, 1323.15374137])
llh_GD_QEXP_Renorm_aq: array([ 757.56553863,  678.48819482,  596.50382553,  510.64447182,
        419.94333995,  323.81601933,  589.22272475,  517.03541644,
        441.54223986,  363.2397815 ,  283.2420036 ,  203.30414199,
        767.9523117 ,  687.28982889,  603.65412409,  516.01620204,
        423.33473503,  324.96949064,  754.57074077,  674.83543967,
        591.89338646,  504.7431125 ,  412.46007113,  314.65370678,
        735.02576329,  658.97224021,  580.05022665,  497.40155474,
        410.21581839,  318.07320608,  758.5776754 ,  677.0344999 ,
        591.91635542,  502.15616891,  406.85413576,  305.84390538,
        757.56789268,  676.1559119 ,  591.17176981,  501.55476626,
        406.41363916,  305.58958247,  766.54451569,  686.14882384,
        602.80459239,  515.49427665,  423.18669133,  325.24154199,
        752.4014154 ,  673.58345503,  591.74084189,  505.90999535,
        415.16681191,  319.03179464,  759.7350174 ,  678.04799987,
        592.78469513,  502.87090394,  407.39662019,  306.1853319 ,
        886.32619535,  795.36133556,  700.91824474,  601.79469492,
        496.77112508,  385.0923288 ,  862.47715752,  771.79562075,
        676.88971787,  576.59124245,  469.97758184,  357.01423781,
        880.34412094,  789.74531516,  695.54590701,  596.55080701,
        491.59044443,  380.02824463,  889.54176009,  798.03043731,
        703.00221116,  603.23140532,  497.47395168,  384.96484828,
        874.81801462,  784.54576835,  690.56454969,  591.69036686,
        486.80542009,  375.38681421,  885.19058569,  793.83122303,
        698.82952847,  598.95818611,  493.01104088,  380.33023796,
        872.24202902,  783.26848197,  690.86658559,  593.91168393,
        491.28959962,  382.34512993,  852.42560046,  765.27997353,
        674.52900714,  579.12032677,  478.1032567 ,  371.09390457,
        879.89069391,  787.4704757 ,  690.90608011,  588.92712905,
        480.43063885,  365.14342462,  867.9115358 ,  778.01437472,
        684.27449571,  585.52709327,  480.72673968,  369.50026315,
        726.53992036,  649.45980508,  569.39371187,  485.31190057,
        396.17056713,  301.32464389,  568.49936091,  499.26455537,
        426.54887299,  350.62689884,  272.39186643,  193.47013015,
        689.72311121,  618.73370042,  545.14592097,  468.16892594,
        387.01614412,  301.17808756,  733.38527583,  655.49348637,
        574.64230771,  489.7738456 ,  399.79140746,  303.97421693,
        559.51890715,  488.84171919,  414.72927281,  337.68849404,
        258.88993758,  180.20038982,  732.9630689 ,  655.25879324,
        574.63660227,  490.04956683,  400.40516677,  304.96728543,
        727.09296744,  649.88681225,  569.6781781 ,  485.43135268,
        396.09839308,  301.03744206,  708.21536802,  631.29168588,
        550.78828571,  465.69619365,  375.19789161,  279.21085076,
        720.44146019,  644.16556247,  564.90829449,  481.67089518,
        393.45651886,  299.67308585,  691.53455511,  620.27379443,
        546.40356957,  469.12351871,  387.63550967,  301.42056982,
       3190.71650445, 2927.47980177, 2655.90747687, 2373.14522544,
       2076.20507158, 1762.9399024 , 3225.40642468, 2949.24532766,
       2662.29917556, 2361.13557295, 2042.64066801, 1705.70467201,
       3134.74087301, 2865.36736256, 2584.11332468, 2287.98631575,
       1974.90253613, 1645.45638392, 3092.1429925 , 2823.09928846,
       2541.21785809, 2243.834675  , 1929.67869502, 1600.71933084,
       3141.87706584, 2871.49921083, 2589.19134026, 2291.91536118,
       1977.53894494, 1646.6347547 , 3105.61370656, 2837.36215713,
       2556.7513157 , 2260.98823906, 1948.44508558, 1620.45498653,
       3252.18621895, 2976.18229491, 2690.49095455, 2391.72736436,
       2076.48457232, 1742.74474046, 3186.15349082, 2923.47386409,
       2652.43977732, 2370.21048423, 2073.82460833, 1761.17523209,
       3159.27254133, 2890.91230799, 2611.65147781, 2318.39987114,
       2008.59608603, 1681.79362258, 3105.71864085, 2837.64262955,
       2557.24968595, 2261.74431777, 1949.47983518, 1621.74587682,
       1255.37497573, 1132.95906559, 1006.18951988,  873.84931053,
        734.96172977,  589.42171277, 1228.55809213, 1112.34346526,
        992.48406288,  867.94165572,  737.78346881,  601.61250943,
       1250.3693107 , 1132.61454629, 1011.59168274,  886.23889833,
        755.48384151,  618.61264691, 1252.40683809, 1130.30760085,
       1003.83991122,  871.80050328,  733.23760376,  588.08007808,
       1251.33365919, 1130.8385585 , 1006.35854887,  876.72563117,
        740.91657662,  598.59001521, 1277.19204099, 1153.13190453,
       1025.04713494,  891.65289576,  751.7643108 ,  604.88283826,
       1247.1378488 , 1124.29411499,  996.73480214,  863.27534808,
        723.10932535,  576.50407751, 1213.41806346, 1093.27467859,
        968.17353445,  837.14909969,  699.78670751,  556.87720275,
       1209.62912214, 1096.61528968,  980.13937229,  859.254324  ,
        733.11089059,  601.33000407, 1211.62028456, 1097.27509558,
        979.20871427,  856.44320436,  728.15508431,  594.10133178])
max_QEXP_Renorm: 3521.3117472946947
llh_GD_RAY: array([-86.75600098, -81.46308458, -84.42763239, -83.95094797,
       -86.38436503, -83.33024012, -83.85429612, -89.07104926,
       -83.90143997, -88.42170204, -84.346438  , -79.30450221,
       -79.73194819, -79.01226405, -79.71412217, -79.07010617,
       -79.30347147, -81.13293032, -79.61148976, -79.50654706,
       -92.77362199, -91.91860869, -99.41745628, -92.8491339 ,
       -90.19027308, -91.60638949, -90.03489762, -92.61871142,
       -90.97928854, -92.12396692, 375.7878004 , 430.97155798,
       445.54955167, 419.3660498 , 464.2407439 , 425.85993941,
       410.62141746, 441.37057974, 456.39198332, 440.34869974,
        71.43619131,  74.77324893,  85.69361268,  83.55394274,
        55.52031133,  51.47591209,  85.24894992,  83.75827598,
        80.63997964,  85.14353939])
llh_GD_RAY_Renorm_gamma: array([ -110.60615056,   -83.70550969,   -96.39854621,   -94.86675242,
         -93.1891043 ,   -92.01409913,   -92.23147656,   -97.07377654,
         -87.57415351,   -94.3354618 ,   -92.23621586,   -95.29608816,
        -112.84115524,   -91.99649673,  -110.18484294,   -95.28045668,
         -95.57923853,   -99.15315118,   -87.57172382,   -89.96313331,
        -126.12951799,  -108.24108279,  -116.5024582 ,  -111.2817688 ,
       -4930.87851977,  -108.17733662, -4759.81258222,  -118.70877863,
        -106.76605388,  -130.75777247,   377.02954526,   451.3200332 ,
         453.13248044,   448.48056786,   466.4246619 ,   457.51572411,
         427.20084077,   438.31451293,   459.76700964,   438.0296658 ,
          80.96850146,    81.48425915,    77.89798542,    82.07010428,
          73.70993352,    79.53853484,    81.08830455,    81.83345458,
          81.25251297,    81.79777175])
llh_GD_RAY_Renorm_eta: array([  -85.63047725,   -83.47860117,   -84.79152964,   -85.2932043 ,
         -83.6318134 ,   -85.38551716,   -86.96037861,   -94.58659603,
         -86.40836933,   -91.15849105,   -89.45075599,   -88.66378053,
         -87.329159  ,   -87.13623299,   -90.18276618,   -87.27455189,
         -86.96533723,   -92.20192367,   -86.81318004,   -87.49004829,
         -96.59394665,   -94.00896456,  -107.27857863,   -95.15118017,
       -5228.35046246,   -93.34244162, -5228.35046246,   -95.1637042 ,
         -91.92926976,   -92.88746408,   379.19483672,   437.6735983 ,
         443.97125262,   435.35943039,   464.50555138,   441.06831723,
         417.88125034,   433.95329351,   453.87763329,   434.33410812,
          78.29428618,    81.53957765,    80.22197876,    81.26333281,
          60.60386808,    71.65675251,    82.08431578,    80.91230996,
          79.2536287 ,    82.11069066])
llh_GD_RAY_Renorm_gammaeta: array([  -87.15781452,   -89.18517523,   -91.7828348 ,   -95.06349109,
         -99.17713934,  -104.29229272,   -83.49116088,   -83.50973778,
         -83.534688  ,   -83.56637388,   -83.60516152,   -83.65141817,
         -85.61079891,   -86.6693217 ,   -87.98430943,   -89.57724665,
         -91.47929068,   -93.73451879,   -86.08103929,   -87.03861228,
         -88.17615303,   -89.50671194,   -91.04824791,   -92.82490979,
         -83.47304308,   -83.59377525,   -84.14269685,   -85.26783366,
         -87.0794057 ,   -89.67116218,   -85.99892656,   -86.71399751,
         -87.53531711,   -88.46823481,   -89.51949424,   -90.69778889,
         -87.54036666,   -88.17371424,   -88.86255783,   -89.60944833,
         -90.41742621,   -91.29006563,   -94.92000968,   -95.26050602,
         -95.60821433,   -95.96326462,   -96.32578752,   -96.69591425,
         -86.56106866,   -86.71830831,   -86.88013079,   -87.04657999,
         -87.21770148,   -87.39354277,   -88.05112034,   -85.8277868 ,
         -84.33107857,   -83.52854384,   -83.95276214,   -87.09683437,
         -89.76352177,   -90.1041535 ,   -90.47312326,   -90.87069851,
         -91.29700972,   -91.75213754,   -89.20730958,   -89.87631081,
         -90.67909195,   -91.61889729,   -92.69709282,   -93.91824828,
         -87.92565841,   -89.04980693,   -90.99787641,   -93.89235464,
         -97.91023468,  -103.79624721,   -87.35334493,   -87.64809953,
         -88.06539276,   -88.66190595,   -89.49384566,   -90.60025858,
         -91.56170598,   -93.26977253,   -95.33276816,   -97.8413264 ,
        -100.97656541,  -104.9953752 ,   -87.59096144,   -88.06164746,
         -88.7736813 ,   -89.81287341,   -91.23132517,   -93.04471219,
         -87.21452322,   -87.58677653,   -88.1912004 ,   -89.18758147,
         -90.7156702 ,   -92.83180059,   -92.96262741,   -93.788483  ,
         -94.68376554,   -95.6556272 ,   -96.7145824 ,   -97.87465148,
         -86.86360378,   -86.93519255,   -87.02390131,   -87.12852903,
         -87.25098863,   -87.3961924 ,   -87.67252436,   -87.89498719,
         -88.16758437,   -88.50107215,   -88.90588375,   -89.3910227 ,
         -98.63058406,  -101.3875802 ,  -104.87580275,  -109.07787684,
        -114.00040095,  -119.67601344,   -94.63894139,   -95.59922125,
         -97.00116268,   -98.93674512,  -101.45559377,  -104.56159254,
        -108.44103796,  -109.65425901,  -110.91872705,  -112.23506247,
        -113.60397161,  -115.0261958 ,   -96.18404926,   -97.59346945,
         -99.43219549,  -101.72436678,  -104.46840184,  -107.65440019,
       -5228.35046246, -5228.35046246, -5163.45819854, -5161.60611338,
       -5128.59778775, -5061.60999724,   -93.74090462,   -94.39318793,
         -95.51267255,   -97.32453833,  -100.00744292,  -103.63054936,
       -5228.35046246, -5196.3178911 , -5161.92080248, -5128.90286771,
       -5061.349568  , -4867.47164273,   -96.5138222 ,   -98.47315809,
        -101.12309744,  -104.47799373,  -108.52111063,  -113.25497469,
         -91.84866718,   -92.43071606,   -93.05942038,   -93.73788467,
         -95.37224015,   -99.4102632 ,   -93.41973914,   -94.3279362 ,
         -96.53558996,  -101.0394178 ,  -108.21947239,  -118.07040993,
         378.88595786,   378.57692579,   378.26774273,   377.95841093,
         377.64893259,   377.33930996,   439.90124482,   442.02907106,
         444.06073807,   446.00068816,   447.85385191,   449.62532367,
         445.41426537,   446.80917988,   448.15803784,   449.46288713,
         450.72571028,   451.94835673,   437.47427912,   439.5048599 ,
         441.45303144,   443.32136107,   445.11299189,   446.83147325,
         464.81798234,   465.11855513,   465.40675961,   465.68205596,
         465.94387501,   466.19161889,   443.87154489,   446.50383576,
         448.97763102,   451.30563298,   453.4993097 ,   455.56757554,
         419.27256395,   420.64467698,   421.99708556,   423.3293199 ,
         424.64094661,   425.93157124,   434.59830197,   435.23595431,
         435.8662626 ,   436.48924511,   437.10492629,   437.71333671,
         454.7878638 ,   455.67486335,   456.53896368,   457.3803315 ,
         458.19895772,   458.99464734,   434.87784358,   435.41629297,
         435.94946499,   436.47737159,   437.00002788,   437.51745215,
          78.77083533,    79.21607129,    79.62987811,    80.01213021,
          80.36270931,    80.68151971,    81.83124034,    82.02463054,
          82.12030613,    82.11775802,    82.01454694,    81.8057878 ,
          79.95307698,    79.66381163,    79.35376206,    79.02252594,
          78.66972061,    78.29498544,    81.43629566,    81.58991213,
          81.72424261,    81.83935845,    81.93533375,    82.01223436,
          62.86204425,    64.9960876 ,    67.00073432,    68.87359236,
          70.61468473,    72.22583438,    73.11129553,    74.45315489,
          75.6849251 ,    76.8086149 ,    77.82537628,    78.73548298,
          82.02351438,    81.93706552,    81.82417279,    81.68391138,
          81.51525345,    81.3170984 ,    81.0824444 ,    81.23969628,
          81.38407875,    81.51561352,    81.63433001,    81.74026385,
          79.60982083,    79.94257131,    80.25180295,    80.53744959,
          80.79946265,    81.03781658,    82.12962998,    82.12792332,
          82.10533924,    82.06153885,    81.99607039,    81.90837043])
max_RAY_Renorm: 466.4246618973962
llh_GD_GSS: array([ -80.84654935,  -91.20686109,  -93.03468469,  -85.48618665,
        -87.65995034,  -74.73610582,  -82.05663142,  -76.89990167,
        -87.83534183,  -79.79988222,  -80.92301165,  -85.63188551,
        -80.86661261,  -85.45108609,  -88.51597582,  -80.00311093,
        -63.31560955,  -80.15015623,  -87.04659579,  -73.17201579,
        -88.93462983,  -74.87521188,  -81.32371517,  -75.01998678,
        -97.31583103,  -75.50477624,  -91.14479044,  -84.36817896,
        -94.11324446, -115.07562617,  484.43296983,  541.09982157,
        545.03307463,  579.90163798,  503.60788938,  534.3066455 ,
        501.65484206,  473.80328781,  443.38936506,  608.51016977,
         83.52500724,  108.944691  ,  105.31254818,   91.56057065,
         76.83997461,  124.06000067,   73.39473436,   93.13031189,
        104.85063762,   76.61977539])
llh_GD_GSS_Renorm_kappa: array([ -86.07657575,  -95.58948731, -118.378575  ,  -94.70743973,
       -106.34934888,  -80.75014422,  -88.31437706, -102.73580418,
        -59.17839552,  -68.89523966, -111.05898486, -120.7032585 ,
        -77.6332466 , -115.64707245, -135.95161447, -105.75357697,
       -143.1893876 , -153.99738034, -138.18869771, -105.44071568,
       -194.48560858,  -76.00904928,  -83.41723947,  -70.48458655,
        -73.40575917,  -75.98789096, -146.10915483,  -83.1247267 ,
       -140.72103621,  -83.59326016,  458.20084456,  508.90984382,
        507.69086134,  544.60945864,  488.16277344,  472.55901991,
        486.18760258,  492.53168655,  411.98737879,  192.99294645,
         69.91010018,  115.77070221,   80.33274466,   99.12600687,
         84.50092921,  121.21958476,   67.49225214,   98.13825515,
         93.44069234,   75.22244334])
llh_GD_GSS_Renorm_tau: array([ -314.92321852, -3622.90996917,  -108.86007694,  -255.69377244,
        -205.44633501,   -88.60699084,   -93.12826548,  -156.93257046,
        -293.83507016,  -147.13614847, -5025.1172064 ,  -297.6657784 ,
        -336.03462716,  -336.03461792,  -355.7840513 ,  -272.1623021 ,
         -81.27043671,  -277.12819367,  -280.8654359 ,  -191.27328514,
       -4539.45547417,   -78.70881928,   -83.75857477,   -82.11280473,
        -263.43435597,   -76.54059984, -3127.3131948 ,   -88.99541382,
        -165.22818609,  -119.61328439,  -442.64951028,  -442.63288709,
        -442.64815229,  -442.41021847,  -442.64951028,   380.39535603,
          44.14459826,   200.70624835,  -339.21039035,   575.78226768,
        -381.09326087,  -381.32458252,    74.48992284,  -381.32458252,
        -339.88493544,  -335.18539212,  -381.3245824 ,  -100.44470018,
        -381.32458252,   -87.74611197])
llh_GD_GSS_Renorm_kappatau: array([ -90.37751211, -314.91733082, -314.9217912 , -314.92300716,
       -314.92320587, -314.92321844,           nan,           nan,
                 nan,           nan,           nan,           nan,
       -130.3960004 , -115.27445798, -113.27501373, -112.83885165,
       -116.52982599, -128.41841209, -165.93826287, -203.24169055,
       -185.8512205 , -169.37759618, -155.49718227, -147.6617707 ,
        -88.61704771, -196.39071302, -202.89644919, -212.0693157 ,
       -225.68209992, -248.35102617,  -78.42992187,  -99.66608643,
        -99.68701067, -100.47800113, -104.51969074, -118.30896725,
        -85.47671473,  -98.12887936, -101.57742049, -105.43974949,
       -109.6761532 , -111.98660314,  -91.86947591, -136.51034332,
       -131.11006483, -127.12937153, -125.23636031, -127.50165894,
       -290.44498811, -313.45117604, -312.97903919, -312.63644861,
       -312.74318489, -313.68217209, -140.58347761, -314.92321852,
       -314.92321852, -314.92321852, -314.92321852, -314.92321852,
                 nan,           nan,           nan,           nan,
                 nan,           nan, -247.74794662, -237.82887751,
       -205.48715178, -171.08378685, -139.13756419, -116.25375021,
        -80.84238279, -336.03462716, -336.03462716, -336.03462716,
       -336.03462716, -336.03462716, -299.57261591, -304.59415955,
       -286.4378518 , -262.19622408, -233.74760912, -207.14352919,
                 nan,           nan,           nan,           nan,
                 nan,           nan, -277.65214975, -331.67244815,
       -331.05258231, -330.89971149, -331.64270043, -333.66563982,
        -77.73459794,  -32.82683282,  -25.37859512,  -38.75024235,
        -84.28745122, -180.74125106, -242.27149313, -218.03482671,
       -184.32697944, -151.55457744, -126.12836106, -117.48270692,
       -152.61729716, -228.76223653, -221.43127119, -216.06705221,
       -214.29244045, -220.74995958,  -96.29057172, -165.1771977 ,
       -160.29070271, -157.29349123, -157.45803402, -164.83606689,
                 nan,           nan,           nan,           nan,
                 nan,           nan,  -75.8528561 , -102.7920315 ,
       -111.81150081, -120.01403322, -120.60679402, -125.59641827,
        -86.96894638, -102.22873616, -103.14678758, -103.80161246,
       -111.11215278, -125.90721837,  -71.42474831, -130.75149643,
       -134.69013652, -138.97433829, -144.02323355, -161.9236113 ,
       -263.76958494, -308.28327419, -308.28944799, -308.29445272,
       -308.2972068 , -308.2979609 ,  -73.49821469,  -97.76750085,
        -98.96854287, -109.45237722, -120.15023861, -118.97367409,
                 nan,           nan,           nan,           nan,
                 nan,           nan,  -87.62857603,  -98.96868785,
       -100.74177689, -102.35723036, -104.83005372, -110.38477286,
       -132.41452549, -141.33296626, -132.94302539, -126.88585703,
       -123.80301035, -124.28893757, -110.25829988, -105.41964797,
       -100.64339585,  -96.24049583,  -97.88173936,  -96.22784593,
        478.78060217, -442.64950632, -442.64951004, -442.64951027,
       -442.64951028, -442.64951028,  542.18174776, -442.30239021,
       -442.55402408, -442.63233997, -442.64809713, -442.64949338,
        546.65467269, -442.50695992, -442.61398394, -442.6439342 ,
       -442.64913637, -442.64950721,  582.2751938 , -440.81519781,
       -441.98614931, -442.47958779, -442.62639129, -442.648849  ,
        522.83439151, -442.64951028, -442.64951028, -442.64951028,
       -442.64951028, -442.64951028,  531.89978792,  392.25848183,
        378.97875062,  358.10776867,  322.989377  ,  252.47118709,
        503.64614186,  159.71309723,  162.28779009,  153.80945202,
        125.47181201,   50.82329429,  458.49793808, -442.64951028,
       -442.64951028, -442.64951028, -442.64951028, -442.64951028,
        454.41235336, -262.00182447, -310.3193889 , -357.62752464,
       -399.89127966, -430.85510667,  650.91851904,  385.3390048 ,
        234.38768861,   33.68730624, -232.40538621, -595.11422053,
         88.57785179, -365.54525961, -372.30232692, -377.20546102,
       -380.07443366, -381.18394326,  109.69121546, -381.32458252,
       -381.32458252, -381.32458252, -381.32458252, -381.32458252,
        113.97803256,  100.36383588,  109.02836881,  115.28230017,
        118.93071576,  119.9731694 ,  100.86467   , -381.32458252,
       -381.32458252, -381.32458252, -381.32458252, -381.32458252,
         64.42551714, -229.37357043, -237.8751521 , -253.30201462,
       -279.15355989, -321.44858793,  131.8185668 , -295.27962317,
       -315.15435117, -336.66955994, -357.90229405, -374.81478609,
         89.02272672, -381.29063562, -381.31732685, -381.32365495,
       -381.32453646, -381.3245823 ,   91.75335387, -381.32458252,
       -381.32458252, -381.32458252, -381.32458252, -381.32458252,
        100.44921827, -381.30585182, -381.32051774, -381.32406252,
       -381.32455736, -381.32458241,   87.08483986, -488.7875465 ,
       -503.60592198, -508.29205944, -531.32533653, -546.53775712])
max_GSS_Renorm: nan
