llh_GD_EXP: array([ -91.08335606,  -88.27549866,  -85.61921262,  -98.50221109,
        -86.14812101,  -87.64975847,  -90.12964156,  -97.55796308,
        -86.29459484,  -86.54328535,  -81.3979618 ,  -89.6707081 ,
        -91.57155339,  -81.36232062,  -79.50000667,  -91.68488782,
        -92.54056399,  -87.85324928,  -79.14582756,  -80.25448412,
        -96.72723097,  -90.43764584,  -91.22188928,  -96.49787849,
       -105.25106567,  -92.13232003,  -95.54764334,  -97.03474704,
       -101.53088706,  -96.20611401,  461.26340641,  395.38461745,
        469.91778691,  464.33897304,  445.96480164,  452.38895293,
        448.82466571,  443.24840706,  389.3190163 ,  469.38504878,
         67.00013274,   78.74077523,   58.69829362,   81.27271956,
         78.29446309,   60.30651977,   84.97422237,   86.48304834,
          3.47764496,   39.76840225])
llh_GD_EXP_Renorm_alpha: array([ -90.22148344,  -88.85872702,  -90.28303704, -101.56189261,
        -92.80596445,  -95.54028135, -102.3054523 ,  -96.83535433,
        -91.92066902,  -87.73959179,  -87.88830488, -107.6720284 ,
       -101.27049925,  -90.6171497 ,  -85.86290907,  -98.57008596,
        -98.93261896,  -85.90144108,  -92.25004918,  -85.84858026,
        -97.39261779,  -94.58320537,  -96.07780286, -113.99874388,
       -107.53143581, -108.29030761,  -99.22014727, -112.08870337,
       -101.5331503 , -106.55134521,  467.11883436,  405.82678198,
        469.82599441,  467.75680847,  448.14001367,  452.55742115,
        452.65795307,  449.10227552,  392.16591666,  470.0973108 ,
         83.25462386,   81.47620006,   63.9303451 ,   81.39165877,
         82.11146841,   70.00469204,   84.43720679,   84.30457735,
          6.40675452,   46.3793267 ])
llh_GD_EXP_Renorm_beta: array([ -90.89585828,  -89.05284932,  -87.00312989, -100.49463218,
        -86.70505028,  -89.24964776,  -90.21264093,  -99.52502747,
        -87.83792892,  -93.18387123,  -89.90656664,  -93.76723246,
        -95.14107087,  -86.43589512,  -87.6777237 ,  -95.57034523,
        -94.7676595 ,  -85.84488219,  -89.56577222,  -86.10590788,
        -97.31477515,  -94.29845589,  -94.18986122, -102.51548403,
       -105.30858487,  -94.36794465, -105.62942032,  -97.14706834,
        -99.04480729,  -98.34687699,  466.53809876,  401.17014525,
        470.03243089,  468.46534151,  453.32587284,  451.45184675,
        445.54360012,  444.89205361,  383.28793263,  470.08760571,
         75.92980612,   80.82012835,   53.93932621,   79.57719813,
         77.52276095,   57.07172907,   84.14325292,   84.74641189,
         -2.38470871,   39.96967031])
llh_GD_EXP_Renorm_alphabeta: array([-9.08175489e+01, -9.07400957e+01, -9.06634938e+01, -9.05877381e+01,
       -9.05128238e+01, -9.04387459e+01, -9.03654998e+01, -9.02930805e+01,
       -8.90308395e+01, -8.90089403e+01, -8.89871516e+01, -8.89654732e+01,
       -8.89439048e+01, -8.89224462e+01, -8.89010972e+01, -8.88798575e+01,
       -8.72016624e+01, -8.74384128e+01, -8.77145610e+01, -8.80314274e+01,
       -8.83904752e+01, -8.87933156e+01, -8.92417127e+01, -8.97375900e+01,
       -1.00610493e+02, -1.00727028e+02, -1.00844240e+02, -1.00962131e+02,
       -1.01080706e+02, -1.01199967e+02, -1.01319916e+02, -1.01440557e+02,
       -8.69243360e+01, -8.72437675e+01, -8.76679473e+01, -8.82025070e+01,
       -8.88541396e+01, -8.96306548e+01, -9.05410530e+01, -9.15956107e+01,
       -8.97359380e+01, -9.02698300e+01, -9.08534517e+01, -9.14890976e+01,
       -9.21792342e+01, -9.29265053e+01, -9.37337351e+01, -9.46039305e+01,
       -9.10503496e+01, -9.19947948e+01, -9.30533342e+01, -9.42340592e+01,
       -9.55458069e+01, -9.69981592e+01, -9.86014287e+01, -1.00366632e+02,
       -9.92092984e+01, -9.88978293e+01, -9.85906009e+01, -9.82875952e+01,
       -9.79887953e+01, -9.76941855e+01, -9.74037511e+01, -9.71174784e+01,
       -8.81385192e+01, -8.84741288e+01, -8.88459853e+01, -8.92554201e+01,
       -8.97038728e+01, -9.01928950e+01, -9.07241549e+01, -9.12994415e+01,
       -9.23380354e+01, -9.15547735e+01, -9.08332948e+01, -9.01726526e+01,
       -8.95717444e+01, -8.90293331e+01, -8.85440862e+01, -8.81146267e+01,
       -8.96398892e+01, -8.93843876e+01, -8.91398109e+01, -8.89059126e+01,
       -8.86824512e+01, -8.84691897e+01, -8.82658959e+01, -8.80723420e+01,
       -9.48342176e+01, -9.60016016e+01, -9.72767310e+01, -9.86675141e+01,
       -1.00182436e+02, -1.01830548e+02, -1.03621431e+02, -1.05565124e+02,
       -9.57122112e+01, -9.63086381e+01, -9.69312411e+01, -9.75809423e+01,
       -9.82586969e+01, -9.89654928e+01, -9.97023512e+01, -1.00470325e+02,
       -8.66841862e+01, -8.69783448e+01, -8.73211154e+01, -8.77157989e+01,
       -8.81662111e+01, -8.86766386e+01, -8.92517973e+01, -8.98968020e+01,
       -8.73194524e+01, -8.70051697e+01, -8.67326066e+01, -8.64996184e+01,
       -8.63041911e+01, -8.61444495e+01, -8.60186684e+01, -8.59252842e+01,
       -9.58747098e+01, -9.61860067e+01, -9.65043622e+01, -9.68299046e+01,
       -9.71627647e+01, -9.75030760e+01, -9.78509741e+01, -9.82065973e+01,
       -9.51785084e+01, -9.56018176e+01, -9.60378101e+01, -9.64867097e+01,
       -9.69487399e+01, -9.74241241e+01, -9.79130847e+01, -9.84158432e+01,
       -8.58493416e+01, -8.58542524e+01, -8.58596166e+01, -8.58654363e+01,
       -8.58717135e+01, -8.58784504e+01, -8.58856492e+01, -8.58933120e+01,
       -8.77123668e+01, -8.65519824e+01, -8.59578622e+01, -8.58343742e+01,
       -8.61267906e+01, -8.68326096e+01, -8.80076558e+01, -8.97620906e+01,
       -8.60288181e+01, -8.59645815e+01, -8.59128405e+01, -8.58732663e+01,
       -8.58455602e+01, -8.58294550e+01, -8.58247168e+01, -8.58311464e+01,
       -9.73233734e+01, -9.73319843e+01, -9.73406080e+01, -9.73492444e+01,
       -9.73578935e+01, -9.73665554e+01, -9.73752301e+01, -9.73839176e+01,
       -9.42154504e+01, -9.41620130e+01, -9.41376316e+01, -9.41418813e+01,
       -9.41744185e+01, -9.42349768e+01, -9.43233634e+01, -9.44394566e+01,
       -9.41383148e+01, -9.41534230e+01, -9.42340212e+01, -9.43793529e+01,
       -9.45890494e+01, -9.48631240e+01, -9.52019828e+01, -9.56064491e+01,
       -9.80425297e+01, -9.54411095e+01, -9.42692060e+01, -9.42816628e+01,
       -9.53881689e+01, -9.76179843e+01, -1.01145431e+02, -1.06368985e+02,
       -1.05541138e+02, -1.05777177e+02, -1.06016752e+02, -1.06259916e+02,
       -1.06506721e+02, -1.06757220e+02, -1.07011469e+02, -1.07269522e+02,
       -9.41365313e+01, -9.43151093e+01, -9.48911391e+01, -9.58670458e+01,
       -9.72616091e+01, -9.91145685e+01, -1.01493746e+02, -1.04503212e+02,
       -1.01046548e+02, -9.78478668e+01, -9.57611846e+01, -9.45718982e+01,
       -9.41407499e+01, -9.43936619e+01, -9.53050611e+01, -9.68914656e+01,
       -9.80745650e+01, -9.91449307e+01, -1.00370197e+02, -1.01765570e+02,
       -1.03349798e+02, -1.05145475e+02, -1.07179259e+02, -1.09481988e+02,
       -9.92911098e+01, -9.95446036e+01, -9.98054297e+01, -1.00073736e+02,
       -1.00349677e+02, -1.00633415e+02, -1.00925121e+02, -1.01224971e+02,
       -9.89995159e+01, -9.97079889e+01, -1.00475403e+02, -1.01305313e+02,
       -1.02201750e+02, -1.03169245e+02, -1.04212854e+02, -1.05338172e+02,
        4.66603613e+02,  4.66668881e+02,  4.66733902e+02,  4.66798677e+02,
        4.66863204e+02,  4.66927483e+02,  4.66991515e+02,  4.67055299e+02,
        4.01685825e+02,  4.02201958e+02,  4.02718536e+02,  4.03235551e+02,
        4.03752992e+02,  4.04270848e+02,  4.04789108e+02,  4.05307757e+02,
        4.70009703e+02,  4.69986922e+02,  4.69964089e+02,  4.69941204e+02,
        4.69918266e+02,  4.69895277e+02,  4.69872235e+02,  4.69849141e+02,
        4.68388390e+02,  4.68310993e+02,  4.68233152e+02,  4.68154868e+02,
        4.68076141e+02,  4.67996971e+02,  4.67917358e+02,  4.67837304e+02,
        4.52772272e+02,  4.52212849e+02,  4.51647677e+02,  4.51076825e+02,
        4.50500368e+02,  4.49918380e+02,  4.49330939e+02,  4.48738124e+02,
        4.51575770e+02,  4.51699424e+02,  4.51822809e+02,  4.51945924e+02,
        4.52068768e+02,  4.52191340e+02,  4.52313641e+02,  4.52435668e+02,
        4.46371479e+02,  4.47190476e+02,  4.48000383e+02,  4.48800996e+02,
        4.49592118e+02,  4.50373558e+02,  4.51145129e+02,  4.51906653e+02,
        4.45371563e+02,  4.45848238e+02,  4.46322039e+02,  4.46792926e+02,
        4.47260858e+02,  4.47725797e+02,  4.48187705e+02,  4.48646543e+02,
        3.84271759e+02,  3.85255804e+02,  3.86240274e+02,  3.87225362e+02,
        3.88211249e+02,  3.89198101e+02,  3.90186073e+02,  3.91175304e+02,
        4.70088685e+02,  4.70089763e+02,  4.70090842e+02,  4.70091920e+02,
        4.70092999e+02,  4.70094077e+02,  4.70095155e+02,  4.70096233e+02,
        7.69939203e+01,  7.80009913e+01,  7.89489826e+01,  7.98356002e+01,
        8.06583296e+01,  8.14144752e+01,  8.21012019e+01,  8.27155788e+01,
        8.08956237e+01,  8.09704757e+01,  8.10446815e+01,  8.11182386e+01,
        8.11911444e+01,  8.12633961e+01,  8.13349910e+01,  8.14059266e+01,
        5.51532173e+01,  5.63396341e+01,  5.74992596e+01,  5.86327652e+01,
        5.97408038e+01,  6.08240035e+01,  6.18829608e+01,  6.29182356e+01,
        7.97953904e+01,  8.00095366e+01,  8.02195948e+01,  8.04255222e+01,
        8.06272755e+01,  8.08248106e+01,  8.10180830e+01,  8.12070476e+01,
        7.81264600e+01,  7.87080124e+01,  7.92668982e+01,  7.98025652e+01,
        8.03144325e+01,  8.08018936e+01,  8.12643203e+01,  8.17010656e+01,
        5.87033982e+01,  6.02827467e+01,  6.18116013e+01,  6.32916446e+01,
        6.47243819e+01,  6.61111119e+01,  6.74529038e+01,  6.87505778e+01,
        8.41805501e+01,  8.42166986e+01,  8.42516938e+01,  8.42855315e+01,
        8.43182074e+01,  8.43497171e+01,  8.43800564e+01,  8.44092210e+01,
        8.47428505e+01,  8.47280843e+01,  8.47020314e+01,  8.46646134e+01,
        8.46157560e+01,  8.45553884e+01,  8.44834438e+01,  8.43998597e+01,
       -1.38892872e+00, -3.97613738e-01,  5.89115551e-01,  1.57114091e+00,
        2.54834666e+00,  3.52061978e+00,  4.48784997e+00,  5.44992975e+00,
        4.07129130e+01,  4.14482834e+01,  4.21758229e+01,  4.28955762e+01,
        4.36075910e+01,  4.43119183e+01,  4.50086118e+01,  4.56977282e+01])
max_EXP_Renorm: 470.09731080278374
llh_GD_PWL: array([-94.60956561, 213.10879901,          nan, -88.33311972,
       -87.40147856, -88.89134533, -87.70410663,          nan,
       -88.70790909, -99.66709937,          nan,          nan,
                nan, -83.63446263, -81.33887113,          nan,
                nan,          nan, -79.68524446,          nan,
                nan, -94.02787025,          nan,          nan,
       -95.97041354, -97.52614721, -94.78505526, -93.56896026,
       -91.87484348,          nan,          nan, 389.92320224,
                nan,          nan,          nan,          nan,
                nan,          nan,          nan,          nan,
       109.85468136,          nan,  61.21774486,  65.41050637,
        24.73521879,  34.6240411 ,  70.17173873,  30.50905488,
        11.97237113,  44.59685961])
llh_GD_PWL_Renorm_K: array([-1.47878231e+02, -6.15807853e+01,             nan, -2.03689412e+03,
       -2.58862478e+02, -5.44457085e+03, -9.81303111e+02,             nan,
       -1.05587441e+02, -2.01147692e+02,             nan,             nan,
                   nan, -2.14760628e+02, -1.03078208e+02,             nan,
                   nan,             nan, -1.06359930e+02,             nan,
                   nan, -1.27126260e+02,             nan,             nan,
       -1.85492332e+02, -1.26129042e+02, -4.37840568e+02, -1.50606440e+02,
       -1.23899519e+02,             nan,             nan, -4.69291651e+02,
                   nan,             nan,             nan,             nan,
                   nan,             nan,             nan,             nan,
        2.22769117e+02,             nan,  7.34944606e+01,  8.28289118e+01,
       -1.67346753e+00, -4.22238105e+00,  6.82894042e+01,  7.40691142e+01,
        5.62339381e+01,  7.83115021e+01])
llh_GD_PWL_Renorm_c: array([           nan,  -165.0945951 ,            nan,            nan,
        -120.0384998 , -4562.69917857,            nan,            nan,
        -132.03043887,  -114.13826731,            nan,            nan,
                  nan,            nan,            nan,            nan,
                  nan,            nan,            nan,            nan,
                  nan,  -182.67747784,  -338.89119256,            nan,
        -134.47879737,  -155.51833338,            nan,  -202.34739567,
        -219.17565996,            nan,            nan,            nan,
                  nan,            nan,            nan,            nan,
                  nan,            nan,            nan,            nan,
                  nan,            nan,    64.53587377,    75.89564423,
          67.72657472,    75.21007303,    80.00980373,    62.68478873,
          78.54170622,    58.99618733])
lllh_GD_PWL_Renorm_p: array([ -129.24854181,  -214.33075467,            nan,  -139.99034684,
         -96.00374481, -5377.89551703,  -177.96738749,            nan,
        -101.11914441,  -103.2970402 ,            nan,            nan,
                  nan,   -88.77717167,   -98.07674381,            nan,
                  nan,            nan,  -205.63166542,            nan,
                  nan,  -135.89102943,            nan,            nan,
        -100.194409  ,  -117.57011048,  -116.97120967,  -151.5674951 ,
        -202.59768864,            nan,            nan,   383.92914224,
                  nan,            nan,            nan,            nan,
                  nan,            nan,            nan,            nan,
          40.27026892,            nan,    69.98542484,    73.12718836,
          35.57617157,    44.70321387,    66.88644481,    46.04478626,
          66.85269196,    62.87727952])
llh_GD_PWL_Renorm_Kc: array([           nan,            nan,            nan,  -140.30931069,
        -141.25066624,  -139.78523558,  -140.010079  ,  -142.57466068,
        -167.71624514,  -165.8233818 ,  -165.11517856,  -165.40877508,
        -166.47970314,  -167.9787065 ,  -169.09371685,  -166.12888073,
                  nan,            nan,            nan,            nan,
                  nan,            nan,            nan,            nan,
                  nan,            nan,            nan,            nan,
                  nan,            nan,            nan,            nan,
                  nan,            nan,  -151.81132405,  -159.55486721,
        -170.82068471,  -186.18572229,  -205.90776201,  -230.12187449,
       -4823.14280654, -4923.84048355, -5088.40410367, -5157.00530009,
       -5252.0148575 , -5350.50422539, -5412.8276716 , -5444.57084669,
                  nan,            nan,            nan,            nan,
                  nan,            nan,            nan,  -841.6094497 ,
                  nan,            nan,            nan,            nan,
                  nan,            nan,            nan,            nan,
        -128.96942212,  -125.42307159,  -122.02628115,  -118.79295955,
        -115.73732556,  -112.87391665,  -110.21759988,  -107.78358518,
        -137.08208294,  -140.67801701,  -145.43952735,  -151.42136016,
        -158.67193377,  -167.23434703,  -177.14668601,  -188.44194537,
                  nan,            nan,            nan,            nan,
                  nan,            nan,            nan,            nan,
                  nan,            nan,            nan,            nan,
                  nan,            nan,            nan,            nan,
                  nan,            nan,            nan,            nan,
                  nan,            nan,            nan,            nan,
                  nan,            nan,            nan,            nan,
                  nan,            nan,  -161.42883896,  -194.01349119,
                  nan,            nan,            nan,            nan,
                  nan,   -93.63009548,  -100.48377371,  -101.70129153,
                  nan,            nan,            nan,            nan,
                  nan,            nan,            nan,            nan,
                  nan,            nan,            nan,            nan,
                  nan,            nan,            nan,            nan,
                  nan,            nan,            nan,            nan,
                  nan,            nan,            nan,            nan,
                  nan,            nan,            nan,            nan,
                  nan,   -56.63817123,  -125.39902668,  -115.33934842,
                  nan,            nan,            nan,            nan,
                  nan,            nan,            nan,            nan,
                  nan,            nan,            nan,            nan,
                  nan,            nan,            nan,            nan,
        -176.62135967,  -169.47833807,  -162.4755761 ,  -155.67633322,
        -149.1465601 ,  -142.95469872,  -137.17155441,  -131.87024909,
                  nan,            nan,            nan,            nan,
                  nan,            nan,            nan,            nan,
                  nan,            nan,            nan,            nan,
                  nan,            nan,            nan,            nan,
        -147.35684357,  -145.65964262,  -145.54363035,  -147.16724737,
        -150.66444631,  -156.15150716,  -163.72955259,  -173.4855269 ,
        -152.29652343,  -148.53096681,  -144.87872628,  -141.35347689,
        -137.96915448,  -134.73995519,  -131.68033817,  -128.80503159,
                  nan,            nan,            nan,            nan,
                  nan,  -309.449163  ,  -345.22453901,  -387.95350783,
        -201.95620033,  -195.57123396,  -189.10431116,  -182.58801316,
        -176.057843  ,  -169.55214724,  -163.11203746,  -156.78131978,
        -200.02252984,  -183.64305084,  -166.22935461,  -150.12770585,
        -136.40679034,  -126.03709762,  -119.92837654,  -118.94064673,
        -238.15359007,            nan,            nan,            nan,
                  nan,            nan,            nan,            nan,
                  nan,            nan,            nan,            nan,
                  nan,            nan,            nan,            nan,
                  nan,            nan,            nan,            nan,
                  nan,            nan,            nan,            nan,
                  nan,            nan,            nan,            nan,
                  nan,            nan,            nan,            nan,
                  nan,            nan,            nan,            nan,
                  nan,            nan,            nan,            nan,
                  nan,            nan,            nan,            nan,
                  nan,            nan,            nan,            nan,
                  nan,            nan,            nan,            nan,
                  nan,            nan,            nan,            nan,
                  nan,            nan,            nan,            nan,
                  nan,            nan,            nan,            nan,
                  nan,            nan,            nan,            nan,
                  nan,            nan,            nan,            nan,
                  nan,            nan,            nan,            nan,
                  nan,            nan,            nan,            nan,
                  nan,            nan,            nan,            nan,
                  nan,            nan,            nan,            nan,
                  nan,            nan,            nan,            nan,
                  nan,            nan,            nan,            nan,
                  nan,            nan,            nan,            nan,
                  nan,            nan,            nan,            nan,
          64.90981834,    66.09832524,    67.25523977,    68.37988101,
          69.47155822,    70.52957068,    71.55320762,    72.54174803,
          77.25132816,    78.48834668,    79.58144032,    80.52559874,
          81.31569761,    81.94649667,    82.41263778,    82.70864284,
          55.10221998,    50.10726841,    44.55109892,    38.41413659,
          31.67674338,    24.31918665,    16.32162336,     7.66409532,
          62.88370326,    57.77355207,    51.8093555 ,    44.94966151,
          37.15337218,    28.37940122,    18.58649721,     7.7331607 ,
          80.987995  ,    81.34040259,    81.19604387,    80.52701675,
          79.30484741,    77.50036917,    75.08363834,    72.02387276,
          71.49137757,    75.87213649,    79.28828896,    81.6484963 ,
          82.85664415,    82.81165106,    81.40730463,    78.5321062 ,
          77.84078077,    77.4439286 ,    76.48503214,    74.91027048,
          72.67290153,    69.72920516,    66.03656342,    61.55246336,
          60.81552157,    63.55406548,    66.14932582,    68.59442169,
          70.88226238,    73.00553991,    74.95672168,    76.7280434 ])
llh_GD_PWL_Renorm_Kp: array([-1.17208074e+02, -1.07453277e+02, -1.00614364e+02, -9.72720145e+01,
       -9.78887051e+01, -1.02733678e+02, -1.11869469e+02, -1.25527682e+02,
       -1.68491394e+02, -1.39610982e+02, -1.22553209e+02, -1.13606823e+02,
       -1.10033178e+02, -1.09753003e+02, -1.11125450e+02, -1.18052939e+02,
                   nan,             nan,             nan,             nan,
                   nan,             nan,             nan,             nan,
       -1.12339073e+02, -9.67398150e+01, -1.03792428e+02, -1.48946061e+02,
       -2.54698100e+02, -4.53014259e+02, -7.86428915e+02, -1.30337759e+03,
       -9.26984571e+01, -9.48132872e+01, -1.03064456e+02, -1.17835432e+02,
       -1.38984499e+02, -1.65657545e+02, -1.96183652e+02, -2.28164874e+02,
       -5.37838380e+03, -5.37920836e+03, -5.38237757e+03, -5.41233892e+03,
       -5.41465127e+03, -5.44457085e+03, -5.44457085e+03, -5.44457085e+03,
       -1.44116896e+02, -1.14220465e+02, -9.56118645e+01, -9.85856246e+01,
       -1.37238893e+02, -2.29773495e+02, -3.96359955e+02, -6.50780575e+02,
                   nan,             nan,             nan,             nan,
                   nan,             nan,             nan,             nan,
       -1.00329461e+02, -9.98747612e+01, -9.97466994e+01, -9.99386367e+01,
       -1.00445842e+02, -1.01265392e+02, -1.02395815e+02, -1.03836564e+02,
       -1.10274693e+02, -1.18856393e+02, -1.28860577e+02, -1.40034378e+02,
       -1.52059784e+02, -1.64568651e+02, -1.77167597e+02, -1.89472211e+02,
                   nan,             nan,             nan,             nan,
                   nan,             nan,             nan,             nan,
                   nan,             nan,             nan,             nan,
                   nan,             nan,             nan,             nan,
                   nan,             nan,             nan,             nan,
                   nan,             nan,             nan,             nan,
       -9.09098640e+01, -9.68167324e+01, -1.06526195e+02, -1.19833134e+02,
       -1.36258307e+02, -1.55036960e+02, -1.75155337e+02, -1.95448877e+02,
       -9.43342541e+01, -9.19797326e+01, -9.09287664e+01, -9.10431263e+01,
       -9.21468224e+01, -9.40507644e+01, -9.65824378e+01, -9.96137762e+01,
                   nan,             nan,             nan,             nan,
                   nan,             nan,             nan,             nan,
                   nan,             nan,             nan,             nan,
                   nan,             nan,             nan,             nan,
                   nan,             nan,             nan,             nan,
                   nan,             nan,             nan,             nan,
       -1.82507623e+02, -1.60228534e+02, -1.40271174e+02, -1.23916428e+02,
       -1.11979462e+02, -1.04657932e+02, -1.01624552e+02, -1.02342787e+02,
                   nan,             nan,             nan,             nan,
                   nan,             nan,             nan,             nan,
                   nan,             nan,             nan,             nan,
                   nan,             nan,             nan,             nan,
       -1.29395071e+02, -1.24112081e+02, -1.20133116e+02, -1.17518137e+02,
       -1.16308106e+02, -1.16546778e+02, -1.18311280e+02, -1.21749638e+02,
                   nan,             nan,             nan,             nan,
                   nan,             nan,             nan,             nan,
                   nan,             nan,             nan,             nan,
                   nan,             nan,             nan,             nan,
       -9.92061174e+01, -1.01180287e+02, -1.06253083e+02, -1.14396816e+02,
       -1.25376786e+02, -1.38725145e+02, -1.53752076e+02, -1.69618670e+02,
       -1.16568712e+02, -1.16028915e+02, -1.15955410e+02, -1.16355482e+02,
       -1.17240856e+02, -1.18629554e+02, -1.20547735e+02, -1.23031532e+02,
       -1.05423535e+02, -1.00555514e+02, -1.04860201e+02, -1.21076102e+02,
       -1.51950204e+02, -1.99734881e+02, -2.65287195e+02, -3.46710905e+02,
       -1.47629051e+02, -1.44694687e+02, -1.42773627e+02, -1.41851395e+02,
       -1.41893712e+02, -1.42851221e+02, -1.44664778e+02, -1.47270901e+02,
       -1.78194224e+02, -1.53748571e+02, -1.31461603e+02, -1.13722604e+02,
       -1.02631103e+02, -9.93172716e+01, -1.03280873e+02, -1.12351582e+02,
                   nan,             nan,             nan,             nan,
                   nan,             nan,             nan,             nan,
                   nan,             nan,             nan,             nan,
                   nan,             nan,             nan,             nan,
        4.04548518e+02,  4.01037866e+02,  3.68233723e+02,  3.01783204e+02,
        1.99262207e+02,  6.16866133e+01, -1.04830737e+02, -2.87914643e+02,
                   nan,             nan,             nan,             nan,
                   nan,             nan,             nan,             nan,
                   nan,             nan,             nan,             nan,
                   nan,             nan,             nan,             nan,
                   nan,             nan,             nan,             nan,
                   nan,             nan,             nan,             nan,
                   nan,             nan,             nan,             nan,
                   nan,             nan,             nan,             nan,
                   nan,             nan,             nan,             nan,
                   nan,             nan,             nan,             nan,
                   nan,             nan,             nan,             nan,
                   nan,             nan,             nan,             nan,
                   nan,             nan,             nan,             nan,
                   nan,             nan,             nan,             nan,
                   nan,             nan,             nan,             nan,
                   nan,             nan,             nan,             nan,
        3.66755833e+01,  3.31908245e+01,  3.00064540e+01,  2.74352668e+01,
        2.60348357e+01,  2.69210485e+01,  3.27621907e+01,  5.24191999e+01,
                   nan,             nan,             nan,             nan,
                   nan,             nan,             nan,             nan,
        7.06769436e+01,  7.12981583e+01,  7.18470807e+01,  7.23215986e+01,
        7.27194708e+01,  7.30383168e+01,  7.32756028e+01,  7.34286209e+01,
        7.46462199e+01,  7.60589644e+01,  7.73650367e+01,  7.85630262e+01,
        7.96506208e+01,  8.06247678e+01,  8.14818607e+01,  8.22179421e+01,
        3.12785693e+01,  2.68048376e+01,  2.22545399e+01,  1.77274125e+01,
        1.33189040e+01,  9.11499532e+00,  5.18646561e+00,  1.58286399e+00,
        4.00149843e+01,  3.46853266e+01,  2.88990670e+01,  2.28601597e+01,
        1.67816768e+01,  1.08719797e+01,  5.31711775e+00,  2.60014849e-01,
        6.83119400e+01,  6.92636371e+01,  6.98270541e+01,  7.00880470e+01,
        7.01229158e+01,  6.99848839e+01,  6.96860286e+01,  6.91727420e+01,
        5.26969411e+01,  5.79628561e+01,  6.20559864e+01,  6.52249492e+01,
        6.77203187e+01,  6.97563516e+01,  7.14759194e+01,  7.29285165e+01,
        6.79613397e+01,  6.82648365e+01,  6.78634704e+01,  6.68784872e+01,
        6.54422102e+01,  6.36778956e+01,  6.16596984e+01,  5.93257418e+01,
        6.60508347e+01,  6.89423727e+01,  7.15375351e+01,  7.38129540e+01,
        7.57329030e+01,  7.72444375e+01,  7.82694349e+01,  7.86894630e+01])
max_PWL_Renorm: nan
llh_GD_QEXP: array([ 396.21632242,  333.40676217,  495.96479095,  402.27945056,
        406.15341995,  506.43630371,  484.10690241,  499.78285137,
        462.48200374,  558.21273957,  245.32715442,  343.716551  ,
        310.13930376,  212.49798327,  149.70255213,  164.83504923,
        360.69738511,  419.50068281,  410.86122067,  321.62590024,
        467.37232991,  334.98692668,  423.25667012,  443.02484962,
        338.99697916,  562.27152944,  219.68227182,  534.95691835,
        399.42576583,  426.4040526 , 1717.30567889, 1044.03441628,
       1658.84841687, 1306.31855112, 1737.40445135, 1806.38743235,
       1768.8222141 , 1710.90468939, 1792.29576213, 1623.46136823,
        480.35404469,  970.36223833,  990.90004057,  464.83707664,
        780.92648893,  877.03382334,  864.02524789,  915.4576206 ,
        835.43767694,  677.51074402])
llh_GD_QEXP_Renorm_a: array([ 133.98225349,  159.11988046,  229.97938149,  229.43942046,
        218.56736578,  156.9739357 ,  170.25489079,  226.50150454,
        168.94463846,  172.85130825,   76.08285208,   75.07351071,
         75.59650749,   76.78073209,   70.93463499,   62.79769025,
         76.46869265,   70.4768142 ,   69.89580211,   58.4679955 ,
        188.83135276,  167.89137052,  195.8698381 ,  214.70013236,
        126.41314038,  195.77084016,  125.53832884,  210.48985855,
        177.2420317 ,  188.16034033,  761.83294655,  759.15508665,
        757.10291195,  202.73273074, -211.87900053,  765.98096431,
        755.59250279,  765.41389012,  205.11588741,  766.80598714,
        260.34199505,  434.53650526,  445.07512399,  426.86346249,
        426.49731091,  449.97816159,  415.79807592,  427.86792489,
        406.44567082,  457.21181989])
lllh_GD_QEXP_Renorm_q: array([         nan,          nan,          nan,          nan,
                nan,          nan,          nan,          nan,
                nan,          nan,          nan,          nan,
                nan,          nan,          nan,          nan,
                nan,          nan,          nan,          nan,
                nan,          nan,          nan,          nan,
       418.94377017,          nan, 285.89699141,          nan,
                nan,          nan,          nan,          nan,
                nan, 961.64417855, 471.60766747,          nan,
                nan,          nan, 467.0776652 ,          nan,
       551.30099972,          nan,          nan, 459.95484725,
                nan,          nan,          nan,          nan,
                nan,          nan])
llh_GD_QEXP_Renorm_aq: array([         nan,          nan, 405.80700917, 360.9421691 ,
       315.44898758, 269.61988759, 223.81594377, 178.45339488,
       356.57355859, 332.22920143, 307.68510639, 282.98442113,
       258.17736274, 233.32102901, 208.47897308, 183.72052796,
                nan,          nan,          nan,          nan,
                nan,          nan,          nan,          nan,
                nan,          nan,          nan,          nan,
                nan,          nan,          nan,          nan,
                nan,          nan,          nan,          nan,
                nan,          nan,          nan, 248.84281387,
                nan,          nan,          nan,          nan,
                nan, 333.83274437, 275.04567321, 215.80534269,
                nan,          nan,          nan,          nan,
                nan, 328.73958503, 276.27168484, 223.24892989,
                nan,          nan,          nan,          nan,
                nan,          nan,          nan,          nan,
                nan,          nan,          nan,          nan,
                nan, 316.52571986, 267.56178902, 218.20573623,
                nan,          nan,          nan,          nan,
                nan,          nan, 300.74570541, 236.92034723,
                nan,          nan,          nan,          nan,
                nan,          nan,          nan,          nan,
                nan,          nan,          nan,          nan,
                nan,          nan,          nan,          nan,
                nan,          nan,          nan,          nan,
                nan,          nan,          nan,          nan,
                nan,          nan,          nan,          nan,
                nan,          nan,          nan,          nan,
                nan,          nan,          nan,  97.03762572,
        91.73724649,  86.47670451,  81.25605803,  76.07535527,
                nan,          nan, 125.23044903, 114.44021554,
       103.80378179,  93.32132303,  82.99288322,  72.81839358,
                nan,          nan,          nan,          nan,
                nan,          nan,          nan,          nan,
                nan,          nan,          nan,          nan,
                nan,          nan,          nan,          nan,
                nan,          nan,          nan,          nan,
                nan,          nan,          nan,          nan,
                nan,          nan,          nan,          nan,
                nan,          nan, 127.30667836,  92.04594433,
                nan,          nan,          nan,          nan,
                nan, 322.66134572, 278.87646773, 234.18020394,
       358.87118522, 335.78774892, 312.40984174, 288.76210606,
       264.87671997, 240.79393799, 216.56247175, 192.23965911,
                nan,          nan,          nan,          nan,
                nan, 303.84086833, 268.39594638, 232.36115928,
                nan,          nan,          nan,          nan,
                nan,          nan,          nan, 251.07877312,
       387.62574027, 355.77342245, 323.45342992, 290.75585849,
       257.79526579, 224.71041988, 191.66255731, 158.83199984,
                nan,          nan,          nan,          nan,
                nan,          nan, 312.98508621, 255.09562145,
       268.02747184, 250.10911441, 232.16586631, 214.22355997,
       196.30975085, 178.45351286, 160.6851929 , 143.03612787,
                nan,          nan,          nan,          nan,
                nan,          nan,          nan, 261.86302484,
                nan,          nan,          nan,          nan,
       325.46505719, 289.16755469, 252.26020148, 214.88694813,
                nan,          nan,          nan,          nan,
                nan, 302.8367266 , 265.16372928, 226.87910989,
                nan,          nan,          nan,          nan,
                nan,          nan,          nan, 870.95799293,
                nan,          nan,          nan, 907.01827784,
       876.86798528, 847.00564465, 817.43187617, 788.14781181,
                nan,          nan,          nan,          nan,
                nan,          nan, 961.17580425, 857.48531082,
       925.88141657, 866.40232357, 788.23775165, 697.6172082 ,
       599.6833398 , 498.40577554, 396.89022771, 297.64347991,
       977.42221726, 931.58824538, 803.44696634, 623.4957827 ,
       426.88530209, 235.80354232,  65.04108169, -90.85723174,
                nan,          nan,          nan,          nan,
                nan,          nan,          nan,          nan,
                nan,          nan,          nan,          nan,
                nan,          nan, 981.57921839, 866.60507506,
                nan,          nan,          nan,          nan,
                nan,          nan,          nan,          nan,
       474.57081295, 974.13673316, 940.90761189, 863.34658171,
       750.50306061, 618.08413098, 477.84270162, 338.11504019,
                nan,          nan,          nan,          nan,
                nan,          nan,          nan,          nan,
       516.5465086 , 482.31209714, 448.64410527, 415.5825019 ,
       383.16088495, 351.40672149, 320.34179029, 289.98278032,
                nan,          nan,          nan,          nan,
                nan,          nan,          nan,          nan,
                nan,          nan,          nan,          nan,
                nan,          nan,          nan,          nan,
       456.27915992, 452.6029935 , 448.92643045, 445.24955421,
       441.57244916, 437.89520066, 434.21789505, 430.54061959,
                nan,          nan,          nan,          nan,
                nan,          nan,          nan, 481.50128056,
                nan,          nan,          nan,          nan,
                nan,          nan,          nan,          nan,
                nan,          nan,          nan,          nan,
                nan,          nan, 554.51923931, 485.28280082,
                nan,          nan,          nan,          nan,
                nan,          nan,          nan, 502.53639603,
                nan,          nan,          nan,          nan,
                nan,          nan, 539.27683158, 472.87668047,
                nan,          nan,          nan,          nan,
                nan,          nan,          nan,          nan])
max_QEXP_Renorm: nan
llh_GD_RAY: array([ -82.07168764,  -81.96259605,  -83.12646804,  -87.4337513 ,
        -81.7020167 ,  -82.64781966,  -82.82558754,  -82.69849208,
        -81.80622913,  -95.63156585,  -81.90107396,  -88.48278378,
        -78.55622071,  -85.82455101,  -79.592407  ,  -88.14407127,
        -89.2885199 , -100.89207541,  -78.61898692,  -89.16299083,
        -99.67570585,  -92.89014384,  -92.72247152,  -93.76581259,
        -90.82679127,  -93.46976254,  -90.89260007,  -93.67271129,
        -98.30725542,  -93.75555302,  386.07871637,  438.16756131,
        454.99020255,  434.22965937,  447.59092648,  453.09701839,
        436.12396386,  421.58304321,  460.11946397,  451.12886592,
         68.51022505,   72.88963435,   82.01263053,   15.30680797,
         47.20678682,   55.29829317,   77.12044508,   46.66880134,
         84.04876484,   81.17238151])
llh_GD_RAY_Renorm_gamma: array([ -86.69682112,  -86.98471471,  -90.87977531,  -89.64022893,
        -83.50258977,  -89.68458691,  -90.48241858,  -90.13442573,
        -86.87736786,  -83.84452305,  -88.53590933,  -88.32947455,
        -89.16602974,  -87.55286832,  -91.17789062,  -87.35579941,
        -86.86615387,  -85.71972363,  -87.50978483,  -86.92541521,
        -95.63703151,  -94.41586144,  -96.78907785, -106.66930407,
        -93.59239004,  -94.41850418,  -96.2283019 , -114.01902449,
        -94.84700116, -104.32890263,  386.82396536,  443.72299621,
        452.32440747,  431.14518486,  448.00756568,  451.82304874,
        436.74528369,  432.8801079 ,  456.99558276,  447.91536208,
         68.02810965,   75.13697731,   81.68571724,   15.29183205,
         51.54076492,   59.77900932,   77.83972872,   68.33930802,
         81.80121149,   81.64981015])
llh_GD_RAY_Renorm_eta: array([-83.83242888, -84.44455964, -84.30062889, -88.70863829,
       -83.34301362, -84.16968755, -84.72704519, -84.33132579,
       -84.10466164, -85.36427249, -87.32688886, -88.12071632,
       -86.82187155, -87.15594995, -88.04851177, -87.55508532,
       -86.71447653, -85.82135206, -86.30853737, -87.25007816,
       -96.50148865, -94.28541983, -95.20136757, -97.18606426,
       -93.21525011, -93.56740591, -93.67154375, -97.27628379,
       -91.61140053, -94.93656021, 386.07171235, 444.17421476,
       448.59649292, 429.63827724, 447.57513942, 447.37710956,
       437.57208021, 434.73288515, 455.5023136 , 445.94718588,
        67.78484074,  70.52238686,  80.84354765,  10.87394402,
        55.68334292,  49.68314656,  75.85556883,  54.12242118,
        80.98130071,  80.09207468])
llh_GD_RAY_Renorm_gammaeta: array([ -84.00834751,  -84.21646222,  -84.4584366 ,  -84.73577689,
        -85.04984011,  -85.40185628,  -85.79296327,  -86.22425223,
        -84.64371756,  -84.8625393 ,  -85.10153569,  -85.36118388,
        -85.64193564,  -85.94422726,  -86.2684908 ,  -86.61516627,
        -84.6845966 ,  -85.14638555,  -85.68982442,  -86.31838574,
        -87.03551354,  -87.84501203,  -88.75146244,  -89.760627  ,
        -88.80767085,  -88.90780504,  -89.00904821,  -89.11140785,
        -89.21489166,  -89.31950751,  -89.42526347,  -89.5321678 ,
        -83.33840157,  -83.33862077,  -83.34397782,  -83.35479249,
        -83.37139579,  -83.39412795,  -83.42333612,  -83.45937207,
        -84.49486794,  -84.88489765,  -85.34302053,  -85.87211514,
        -86.47488232,  -87.15408416,  -87.91281473,  -88.75478359,
        -85.1160523 ,  -85.56247582,  -86.06838343,  -86.63578776,
        -87.26680328,  -87.96381736,  -88.72966591,  -89.5677994 ,
        -84.68683658,  -85.107886  ,  -85.5974416 ,  -86.15820125,
        -86.7928008 ,  -87.50406125,  -88.29525766,  -89.17038991,
        -84.29909361,  -84.51989544,  -84.76804635,  -85.04444001,
        -85.34989711,  -85.68518362,  -86.05103386,  -86.44817722,
        -85.15214385,  -84.95071983,  -84.7600037 ,  -84.5800583 ,
        -84.41096552,  -84.25279839,  -84.10561541,  -83.96948256,
        -87.42749495,  -87.5353794 ,  -87.65106101,  -87.77504855,
        -87.90783446,  -88.04988871,  -88.20165309,  -88.36353617,
        -88.14304216,  -88.16558249,  -88.18833856,  -88.21131163,
        -88.23450293,  -88.25791369,  -88.28154509,  -88.30539832,
        -86.9631481 ,  -87.12403877,  -87.30885936,  -87.52215558,
        -87.7685221 ,  -88.05238221,  -88.37775797,  -88.7480729 ,
        -87.19478837,  -87.23483363,  -87.27613217,  -87.31873075,
        -87.3626763 ,  -87.40801586,  -87.45479647,  -87.50306505,
        -88.2881218 ,  -88.55257217,  -88.84312698,  -89.16081221,
        -89.50642165,  -89.88054389,  -90.2836089 ,  -90.71595172,
        -87.53162751,  -87.50850948,  -87.48572652,  -87.46327389,
        -87.44114686,  -87.41934066,  -87.39785054,  -87.37667171,
        -86.73036626,  -86.74647846,  -86.7628208 ,  -86.77940106,
        -86.79622719,  -86.81330725,  -86.83064947,  -86.84826219,
        -85.79431049,  -85.77039504,  -85.74996134,  -85.73336594,
        -85.72096008,  -85.7130834 ,  -85.71005781,  -85.71218155,
        -86.39925564,  -86.49484729,  -86.59707375,  -86.70823268,
        -86.83111073,  -86.9689381 ,  -87.12533553,  -87.30423852,
        -87.20952211,  -87.17019313,  -87.13204483,  -87.09503125,
        -87.05910693,  -87.02422702,  -86.9903473 ,  -86.95742427,
        -96.39611604,  -96.29314062,  -96.19253494,  -96.09427075,
        -95.99831901,  -95.90464998,  -95.8132332 ,  -95.72403761,
        -94.29943833,  -94.31357366,  -94.32782664,  -94.34219809,
        -94.35668885,  -94.37129973,  -94.38603157,  -94.4008852 ,
        -95.34646128,  -95.49887408,  -95.65883495,  -95.82656708,
        -96.00228691,  -96.18620311,  -96.37851552,  -96.57941407,
        -97.90417478,  -98.7048064 ,  -99.58978369, -100.55986646,
       -101.614933  , -102.75427361, -103.97694318, -105.28210551,
        -93.25063982,  -93.28730434,  -93.3253874 ,  -93.36503822,
        -93.40641135,  -93.44966638,  -93.49496777,  -93.54248455,
        -93.63748751,  -93.71258151,  -93.79314928,  -93.87966272,
        -93.97260297,  -94.07245905,  -94.17972664,  -94.2949067 ,
        -93.82795613,  -94.00770334,  -94.21439518,  -94.45173005,
        -94.7234568 ,  -95.03333143,  -95.38506409,  -95.78225271,
        -98.39249942,  -99.69451145, -101.1853601 , -102.86398467,
       -104.72747774, -106.77353279, -109.00210339, -111.41576831,
        -91.53505035,  -91.7032284 ,  -92.01655667,  -92.37089447,
        -92.70126951,  -93.00801398,  -93.36305763,  -93.90945938,
        -95.47244957,  -96.11645713,  -96.88023605,  -97.77347933,
        -98.80321633,  -99.97344054, -101.28527866, -102.73774495,
        386.15534576,  386.23896687,  386.32257561,  386.40617193,
        386.48975578,  386.5733271 ,  386.65688584,  386.74043195,
        444.12428066,  444.07429635,  444.02426178,  443.9741769 ,
        443.92404166,  443.87385602,  443.82361993,  443.77333334,
        449.02631961,  449.4521289 ,  449.8739703 ,  450.29189301,
        450.70594579,  451.11617678,  451.52263331,  451.92536178,
        429.80721206,  429.975773  ,  430.14395948,  430.31177095,
        430.47920687,  430.64626672,  430.81295   ,  430.9792562 ,
        447.62338592,  447.67158249,  447.71972919,  447.76782608,
        447.81587323,  447.8638707 ,  447.91181856,  447.95971686,
        447.89307977,  448.40337127,  448.90806332,  449.40723541,
        449.9009669 ,  450.38933666,  450.87242266,  451.35030164,
        437.48077978,  437.38933798,  437.29775478,  437.20603013,
        437.11416399,  437.02215631,  436.93000705,  436.83771619,
        434.52957695,  434.32562899,  434.12104152,  433.91581486,
        433.70994937,  433.50344545,  433.29630356,  433.0885242 ,
        455.67101617,  455.83901751,  456.00632008,  456.17292619,
        456.33883804,  456.50405772,  456.66858719,  456.8324283 ,
        446.16995864,  446.39169681,  446.61240588,  446.83209139,
        447.0507589 ,  447.26841405,  447.4850625 ,  447.70070994,
         67.81197898,   67.83909013,   67.86617419,   67.89323117,
         67.92026105,   67.94726384,   67.97423953,   68.00118814,
         71.0944393 ,   71.65137318,   72.19330434,   72.72035748,
         73.23266244,   73.73035055,   74.2135511 ,   74.6823881 ,
         80.95471164,   81.06147572,   81.16383941,   81.26180324,
         81.35536879,   81.44453874,   81.52931679,   81.6097077 ,
         11.37461502,   11.87275135,   12.36838605,   12.86155468,
         13.35229536,   13.84064882,   14.32665837,   14.81036994,
         55.23297039,   54.7799024 ,   54.32422962,   53.86604445,
         53.40544084,   52.94251412,   52.47736078,   52.01007831,
         50.86259423,   52.03101242,   53.1868881 ,   54.32872927,
         55.45508463,   56.56456185,   57.65584373,   58.72770212,
         76.09389588,   76.32773604,   76.55710063,   76.78199932,
         77.00244013,   77.21842946,   77.42997208,   77.63707125,
         55.91741724,   57.66800573,   59.36908997,   61.01622196,
         62.60568482,   64.1345328 ,   65.60059297,   67.00243406,
         81.09157326,   81.1970463 ,   81.29772081,   81.39359902,
         81.48468446,   81.57098189,   81.6524973 ,   81.72923779,
         80.31054122,   80.51768787,   80.71349514,   80.89794825,
         81.07103805,   81.23276164,   81.38312299,   81.52213314])
max_RAY_Renorm: 456.9955827561684
llh_GD_GSS: array([ -94.71536758,  -86.66832296,  -85.11661734,  -91.14899366,
       -110.55082796,  -87.51644264,  -82.86255199, -102.83299483,
       -113.96416414,  -87.94041911,  -78.8262155 ,  -97.05987677,
        -86.11531227,  -97.82596364,  -79.83843701,  -89.4377072 ,
       -122.59808201,  -91.72486423,  -86.72522708,  -80.32708753,
        -97.51159715, -119.59834966,  -93.04160857,  -91.98075627,
        -90.99722116, -100.97644131,  -95.37444872, -108.23018596,
       -158.78465366, -114.5115615 ,  401.24734821,  468.90335441,
        453.3358237 ,  453.09309964,  470.43479979,  467.50798488,
        476.12212363,  410.3140425 , -138.02158217,  254.70328106,
         62.29736832,   38.26371366,   76.54662506,   86.98984279,
         82.01840334,   85.54408637,  -79.24526252,   84.41241626,
         87.37423655,   57.53133473])
llh_GD_GSS_Renorm_kappa: array([ -93.24206563, -159.21897759, -147.0664862 , -111.27677837,
       -126.86895029, -107.58871936,  -95.0578178 , -128.85187679,
       -105.39157733, -116.9934623 , -137.36420287, -110.63353539,
        -95.11682281, -123.23109929, -129.14461068, -101.9971355 ,
       -110.25967689, -210.73194002, -120.77207783, -114.12260269,
       -362.4453925 , -111.80017025, -131.04100531, -103.65791049,
       -117.36924276, -120.46630492, -173.85706005, -100.44379481,
       -147.96276024, -106.88425856,  457.06405384,  468.12861223,
        469.03004553,  463.59353022,  473.91261571,  473.99313963,
        474.08627155,  474.06580169,  399.81420684,  472.59084588,
         79.08217935,   74.76383023,   80.17232529,   80.27655166,
         79.42292376,   83.36261028,   78.21779509,   82.26093364,
         83.35873766,   66.1782543 ])
llh_GD_GSS_Renorm_tau: array([-102.78452463, -189.10090622, -233.83214383, -116.50311205,
       -108.50560515, -172.49535104, -154.08204257, -111.84140359,
       -297.93547616, -174.13902035, -202.37772112, -112.44005594,
       -108.67611152, -141.98512276, -214.5709914 , -301.33376992,
       -117.43231654, -177.3674362 , -180.86117255, -249.94005453,
       -295.82339555, -115.24437639, -191.21871616, -157.84025583,
       -274.72092763, -153.69242299, -177.83815924, -122.77831127,
       -103.90274457, -103.69590235,  335.8074203 ,  463.07423213,
        471.01219469,  466.22703468,  473.75841269,  474.11843235,
        472.80288151,  197.91272724,  111.56315941,  155.60795837,
        -28.45026086,  -70.46318   ,   79.69409347,   80.32157688,
         80.51543195,  -87.88425422,  -85.05437217,  -68.62283636,
         79.84676476,   13.44608161])
llh_GD_GSS_Renorm_kappatau: array([-1.03889289e+02, -1.00053128e+02, -1.02459838e+02, -1.00879322e+02,
       -9.41812373e+01, -9.32741656e+01, -9.31991749e+01, -9.31878727e+01,
       -2.03136733e+02, -1.81849564e+02, -1.75260664e+02, -1.67499993e+02,
       -1.61059699e+02, -1.56403479e+02, -1.54083426e+02, -1.54758778e+02,
       -2.94464558e+02, -2.30201113e+02, -1.90423329e+02, -1.76011940e+02,
       -1.62806774e+02, -1.51817420e+02, -1.44337132e+02, -1.42032644e+02,
       -1.16063737e+02, -1.10597300e+02, -9.67932894e+01, -1.15633969e+02,
       -1.13655944e+02, -1.12176578e+02, -1.11248600e+02, -1.10928489e+02,
       -1.02208675e+02, -1.06652482e+02, -1.10268907e+02, -1.13262852e+02,
       -1.15798683e+02, -1.17999687e+02, -1.19958594e+02, -1.21747100e+02,
       -1.67599621e+02, -1.49063799e+02, -1.46049057e+02, -1.35412527e+02,
       -1.25832893e+02, -1.17729418e+02, -1.11590870e+02, -1.07987947e+02,
       -1.59110263e+02, -1.46080229e+02, -1.21791468e+02, -1.14048597e+02,
       -1.07268094e+02, -1.01689761e+02, -9.75843127e+01, -9.52579590e+01,
       -1.08357471e+02, -1.02103681e+02, -8.95505181e+01, -8.66252839e+01,
       -9.38594661e+01, -1.29839986e+02, -1.28513023e+02, -1.28140901e+02,
       -3.14654292e+02, -3.14654292e+02, -3.14654292e+02, -2.30393466e+02,
       -2.10894269e+02, -1.77143027e+02, -1.43155930e+02, -1.15682399e+02,
       -1.67733075e+02, -1.45680676e+02, -1.20679842e+02, -1.51023857e+02,
       -1.39534965e+02, -1.29626984e+02, -1.21989052e+02, -1.17447172e+02,
       -2.02447598e+02, -1.88245961e+02, -1.65344785e+02, -1.55327510e+02,
       -1.46688392e+02, -1.39927533e+02, -1.35634171e+02, -1.34504596e+02,
       -1.06242014e+02, -1.08979528e+02, -1.08536837e+02, -1.00423615e+02,
       -1.11741834e+02, -1.10913636e+02, -1.10435717e+02, -1.10333455e+02,
       -1.12450005e+02, -1.03334639e+02, -1.05694081e+02, -9.76901132e+01,
       -9.66609090e+01, -9.58737988e+01, -9.53436416e+01, -9.50859304e+01,
       -1.40629414e+02, -1.29742027e+02, -1.33001942e+02, -1.29129395e+02,
       -1.25996343e+02, -1.23713359e+02, -1.22401279e+02, -1.22192284e+02,
       -2.16427810e+02, -1.95479666e+02, -1.70086638e+02, -1.57335646e+02,
       -1.45932855e+02, -1.36537316e+02, -1.29939848e+02, -1.27092263e+02,
       -3.34794573e+02, -3.34794573e+02, -2.55884946e+02, -2.23279198e+02,
       -1.87703457e+02, -1.57227824e+02, -1.29287335e+02, -1.08627686e+02,
       -1.15232415e+02, -1.14359383e+02, -1.13446201e+02, -1.12491010e+02,
       -1.11492249e+02, -1.10448715e+02, -1.09359644e+02, -1.08224808e+02,
       -1.63328079e+02, -1.48123009e+02, -1.34456534e+02, -2.07939741e+02,
       -2.04286897e+02, -2.02274909e+02, -2.02331470e+02, -2.04955914e+02,
       -1.69861465e+02, -1.61735966e+02, -1.52902017e+02, -1.43066227e+02,
       -1.34426197e+02, -1.27379561e+02, -1.22385897e+02, -1.19977432e+02,
       -3.34794573e+02, -2.20730504e+02, -1.85109021e+02, -1.91071937e+02,
       -1.68690771e+02, -1.47528178e+02, -1.29536617e+02, -1.17280836e+02,
       -3.08093104e+02, -3.08110484e+02, -3.08113715e+02, -2.39000097e+02,
       -2.69251549e+02, -2.98918175e+02, -3.05416441e+02, -3.23234004e+02,
       -1.06239383e+02, -1.05743703e+02, -1.05205497e+02, -1.04612594e+02,
       -1.03947701e+02, -1.03185026e+02, -1.02283544e+02, -1.01171939e+02,
       -1.90304875e+02, -1.62743254e+02, -1.39259561e+02, -1.67981738e+02,
       -1.56026814e+02, -1.45499899e+02, -1.37171015e+02, -1.31973549e+02,
       -1.50193441e+02, -1.39515374e+02, -1.33285586e+02, -1.25462709e+02,
       -1.18465447e+02, -1.12517912e+02, -1.07872135e+02, -1.04811998e+02,
       -3.08113717e+02, -3.08113717e+02, -2.32123824e+02, -1.93624173e+02,
       -1.90318564e+02, -1.65171379e+02, -1.41803929e+02, -1.24059225e+02,
       -1.45121986e+02, -1.33153237e+02, -1.17252876e+02, -1.43153026e+02,
       -1.35586584e+02, -1.29179110e+02, -1.24261541e+02, -1.21212571e+02,
       -1.70328690e+02, -1.52119507e+02, -1.47845013e+02, -1.88532025e+02,
       -1.81242559e+02, -1.75473107e+02, -1.71817693e+02, -1.70991601e+02,
       -1.05541601e+02, -1.03706500e+02, -1.01873667e+02, -1.00053378e+02,
       -9.82783274e+01, -9.66193841e+01, -9.51979346e+01, -9.41795642e+01,
       -1.01336861e+02, -9.83236054e+01, -9.52048014e+01, -1.05066544e+02,
       -1.14549303e+02, -1.23154609e+02, -1.31297716e+02, -1.47299019e+02,
       -9.89021843e+01, -1.02609165e+02, -1.05795854e+02, -1.04086859e+02,
       -1.05247623e+02, -1.06990991e+02, -1.06928717e+02, -1.06892970e+02,
        2.13369941e+02,  3.00788343e+02,  4.32753901e+02,  4.40260228e+02,
        4.46530727e+02,  4.51460774e+02,  4.54939395e+02,  4.56848828e+02,
        4.43468258e+02,  4.43081945e+02,  4.42225544e+02,  4.40627339e+02,
        4.37650694e+02,  4.31225057e+02,  3.86431505e+02,  2.31477611e+02,
        4.59392980e+02,  4.58693642e+02,  4.57891134e+02,  4.56955832e+02,
        4.55845153e+02,  4.54495136e+02,  4.52804075e+02,  4.50597284e+02,
        4.53420131e+02,  4.52745265e+02,  4.51993603e+02,  4.51146457e+02,
        4.50178558e+02,  4.49054675e+02,  4.47723830e+02,  4.46108702e+02,
        4.72601041e+02,  4.72636121e+02,  4.72670510e+02,  4.72704005e+02,
        4.72736412e+02,  4.72767540e+02,  4.72797201e+02,  4.72825203e+02,
        4.71842738e+02,  4.71782057e+02,  4.71718002e+02,  4.71649775e+02,
        4.71576499e+02,  4.71497200e+02,  4.71410787e+02,  4.71316021e+02,
        4.64675946e+02,  4.65135555e+02,  4.65467934e+02,  4.65669860e+02,
        4.65727958e+02,  4.65611904e+02,  4.65258424e+02,  4.64528233e+02,
        1.64806535e+02,  2.46862921e+02,  3.21231043e+02,  3.87382232e+02,
        4.37596198e+02,  4.60817222e+02,  4.68057852e+02,  4.72574660e+02,
        7.49461575e+01,  1.96931892e+02,  2.52484634e+02,  2.93674750e+02,
        3.30596137e+02,  3.61681748e+02,  3.85091893e+02,  3.98658172e+02,
        7.53023196e+01,  3.83221274e+02,  4.41774983e+02,  4.49727392e+02,
        4.47401242e+02,  4.38433086e+02,  4.56741927e+02,  4.68552187e+02,
       -7.96105806e+01, -5.44124429e+01, -3.31188755e+01, -1.47845131e+01,
        2.39997369e+00,  1.51460217e+01,  2.55640122e+01,  4.07844009e+01,
       -1.80043247e+02,  6.85390162e+01,  8.33445839e+01,  8.22290946e+01,
        8.03930844e+01,  7.88633062e+01,  7.71657495e+01,  7.50591325e+01,
        7.97436637e+01,  7.98055567e+01,  7.98679758e+01,  7.99307023e+01,
        7.99935483e+01,  8.00563530e+01,  8.01189789e+01,  8.01813089e+01,
        6.83481505e+01,  6.45847962e+01, -4.98858596e+01, -3.50247059e+01,
       -2.14776956e+01, -8.25606059e+00,  4.51589390e+00,  1.44194801e+01,
        6.95872861e+01,  6.59174798e+01, -4.43921417e+01, -3.30253004e+01,
       -2.23261564e+01, -1.10586325e+01, -4.16267555e-01,  7.82721137e+00,
       -1.14594904e+02, -1.10598729e+02, -1.04213864e+02, -8.71928174e+01,
       -6.37289035e+01, -3.84745771e+01, -1.14902226e+01,  2.62803723e+01,
       -1.59983866e+02, -5.38317733e+01,  3.14841271e+01,  4.51087758e+01,
        5.69772255e+01,  6.67007825e+01,  7.38347110e+01,  7.78690321e+01,
       -1.10473252e+02, -7.96165279e+01, -4.32468662e+01, -1.36106392e+01,
        1.14579380e+01,  3.16178856e+01,  5.90765265e+01,  8.24123510e+01,
        6.77302134e+01,  6.70507476e+01,  6.39671958e+01, -7.60178122e+01,
       -5.79382479e+01, -4.02955885e+01, -2.38774433e+01, -8.01102693e+00,
       -3.08407044e+01, -9.11704726e+00,  6.43384604e+01,  6.55927027e+01,
        6.64953238e+01,  6.70264658e+01,  6.71653444e+01,  6.68902011e+01])
max_GSS_Renorm: 474.118432349491
