llh_GD_EXP: array([   -178.04715988,    -173.60647868,    -179.03196627,
          -179.75290059,    -166.46197391,    -179.46115024,
          -179.46321738,    -190.83773638,    -179.88347582,
          -179.80157315,    -170.85740317,    -167.45359938,
          -158.34155684,    -134.53062492,    -165.72079912,
          -162.30493741,    -292.4881034 ,    -167.87432918,
          -167.78450106,    -166.38261142,    -195.92588629,
          -193.5668282 ,    -191.43040597,    -185.99522735,
         -9227.17526761,    -189.99515323,    -189.42367813,
          -194.13987103,    -240.01228084,    -193.14798625,
       -101210.57871664,    6595.30800502,    6595.37070476,
          6257.1624746 ,    6595.37050627,    6595.37037942,
          6595.36789064,    6514.79078225,    4251.54348728,
          6595.36662771,    -165.39788639,    -165.39713678,
          -165.41051644,    -165.39958298,    -165.3988421 ,
          -166.95911378,    -165.3982197 ,    -165.39682773,
          -165.61718694,    -165.39705075])
llh_GD_EXP_Renorm_alpha: array([-10161.06904276,  -8000.46807218,   -184.07808796, -10689.71565981,
        -5897.08630758,   -201.62332827, -10587.21120604,   -187.70266651,
       -10784.57519426,   -212.60125149,   -172.94666392, -11620.4589342 ,
       -10783.07587798,  -1521.89945213,   -173.1808699 , -11155.23569049,
         -741.02370032, -11716.10131446, -11716.10131446,   -173.43341816,
         -209.1974717 ,  -8932.04920683,  -4281.69110247,  -7546.64041808,
        -4325.38711442,  -8505.63450517,  -8468.50991513,   -198.64779409,
         -535.87822449,  -8964.18973059, -79412.49018733,   6567.19285817,
         6567.26348029,   6477.05636036,   6567.25648917,   6567.28519836,
         6567.28012093,   6486.74381108, -88498.03509182,   6567.19031018,
         -172.51077168,   -172.5044678 ,   -172.2266509 ,   -172.47103932,
         -172.50864692,   -175.36235764,   -172.65317474,   -172.48185122,
         -171.56256744,   -172.53608207])
llh_GD_EXP_Renorm_beta: array([-10851.13324348, -10818.38163441,   -184.45852722, -10784.99847737,
       -10551.18958176,   -186.0557171 , -10818.42954832,   -188.68249372,
       -10520.84300701,   -190.46218328,   -172.77698139, -11716.10131446,
       -11716.10131446,  -7475.78432807,   -177.58929012, -11716.10131446,
         -593.49086107, -11682.87960211, -11682.82885725,   -176.29516205,
         -211.39676363,  -9193.29514967,  -9193.29514967,  -8965.45530819,
        -9193.29514967,  -9193.29514967,  -9193.29514967,   -199.70303699,
         -305.7584989 ,  -9193.29514967, -96161.51519108,   6567.86904747,
         6567.86544582,   6530.65289295,   6567.86427538,   6567.87399064,
         6567.8671136 ,   6493.81328859, -98850.81404588,   6567.83931105,
         -170.57209889,   -170.58514582,   -170.55407684,   -170.56354118,
         -170.56865182,   -172.4259406 ,   -170.59657994,   -170.57490867,
         -170.68081581,   -170.57541963])
llh_GD_EXP_Renorm_alphabeta: array([-10851.13324348, -10851.13324348, -10821.73154654, -10817.8404946 ,
       -10752.65752972, -10552.91679306, -10785.10101737, -10627.13906029,
       -10520.80226043, -10153.32093006,  -9624.71462609,  -8705.26896835,
         -184.28946816,   -184.15639975,   -184.06023608,   -184.00232479,
         -183.98444799,   -184.00882087, -10818.04252583, -10819.72257596,
       -10851.13324348, -10851.13324348, -10851.13324348, -10818.1961957 ,
       -10159.89957461,  -9790.26402115,  -9066.25233753,  -8345.87759264,
        -7625.30765136,  -6814.48307714,   -184.65429808,   -184.01853405,
         -184.23177698,   -185.56840156,   -188.47852746,   -193.56660839,
       -10851.13324348, -10851.13324348, -10851.13324348, -10851.13324348,
       -10819.60364369, -10785.12151793,   -188.53344824,   -188.38748589,
         -188.24457048,   -188.10466619,   -187.96773751,   -187.83374923,
       -10685.34067491, -10752.66139315, -10817.96862347, -10851.13324348,
       -10851.13324348, -10851.13324348,   -186.64129921,   -184.58685931,
         -183.9956839 ,   -185.20799532,   -189.21297249,   -197.57296329,
         -172.7982208 ,   -172.82045259,   -172.8436814 ,   -172.86791199,
         -172.89314926,   -172.91939819, -11716.10131446, -11716.10131446,
       -11716.10131446, -11716.10131446, -11716.10131446, -11716.10131446,
       -11620.45430987, -11584.45069264, -11453.33605099, -11353.10254046,
       -11218.16633878, -10922.24685721,  -6307.37415707,  -5244.99702232,
        -4218.88628218,  -3155.76305122,  -2461.37252108,  -1838.64235966,
         -176.66036003,   -175.84107498,   -175.12471722,   -174.50530824,
         -173.97764822,   -173.53735039, -11716.10131446, -11716.10131446,
       -11653.32982006, -11584.96387257, -11453.43474605, -11351.41791446,
         -615.87602933,   -638.00767211,   -659.77074454,   -681.05670708,
         -701.7618955 ,   -721.78468957, -11683.54114512, -11716.10131446,
       -11716.10131446, -11716.10131446, -11716.10131446, -11716.10131446,
       -11683.44208076, -11716.10131446, -11716.10131446, -11716.10131446,
       -11716.10131446, -11716.10131446,   -175.74894986,   -175.25154238,
         -174.80095548,   -174.39538134,   -174.03319421,   -173.71295547,
         -204.64272465,   -200.67292563,   -198.87138353,   -198.82954723,
         -200.37109024,   -203.63735296,  -9193.29514967,  -9193.29514967,
        -9193.29514967,  -9161.97129203,  -9097.12278315,  -9093.82794454,
        -9095.65102873,  -8898.15137581,  -8573.52419952,  -7901.18905081,
        -6632.97658395,  -5441.55733811,  -8897.3603724 ,  -8798.36722667,
        -8728.75883288,  -8470.24507489,  -8233.43117916,  -7970.31492227,
        -9130.0948964 ,  -8965.3222733 ,  -8730.27430483,  -8071.30102834,
        -6935.69803758,  -5710.948878  ,  -9131.0479675 ,  -9095.50708926,
        -9093.61128492,  -8931.82901651,  -8864.85059178,  -8731.72194851,
        -9193.29514967,  -9193.29514967,  -9131.38183131,  -9094.25416042,
        -8930.99994707,  -8795.45758302,   -199.41270363,   -199.17134598,
         -198.97735932,   -198.82926831,   -198.72573782,   -198.66558534,
         -330.29746568,   -358.48644544,   -390.12582711,   -424.65333405,
         -461.16681146,   -498.58847088,  -9193.29514967,  -9193.29514967,
        -9193.29514967,  -9193.29514967,  -9128.68694911,  -9094.27540796,
       -95428.97472491, -93895.08284517, -92422.41891064, -90220.0423307 ,
       -87414.04453339, -83533.19240925,   6567.81466149,   6567.74621883,
         6567.66371252,   6567.56713406,   6567.45647344,   6567.33171914,
         6567.81505265,   6567.75280289,   6567.6786912 ,   6567.59271113,
         6567.49485519,   6567.38511479,   6524.68892349,   6518.20141506,
         6511.16778394,   6503.56368761,   6495.36292308,   6486.53728146,
         6567.81334119,   6567.75045378,   6567.67560769,   6567.58879637,
         6567.49001218,   6567.37924639,   6567.82573818,   6567.76554263,
         6567.69339881,   6567.6093004 ,   6567.51324003,   6567.4052092 ,
         6567.81791282,   6567.75717044,   6567.68488137,   6567.60103952,
         6567.50563776,   6567.39866795,   6492.83119996,   6491.8399639 ,
         6490.83950221,   6489.82973599,   6488.81058568,   6487.78197101,
       -98525.58503727, -98127.35097105, -97237.33141268, -96051.7214919 ,
       -94581.11770526, -92202.8184355 ,   6567.78232373,   6567.71343915,
         6567.63265132,   6567.53995319,   6567.43533661,   6567.31879237,
         -170.65470364,   -170.79911096,   -171.00710546,   -171.28047358,
         -171.62100706,   -172.03050458,   -170.67707407,   -170.82706359,
         -171.0367262 ,   -171.30767595,   -171.64153176,   -172.0399187 ,
         -170.60693643,   -170.71897189,   -170.89189207,   -171.12740523,
         -171.42722315,   -171.79306356,   -170.63658554,   -170.77299863,
         -170.9746471 ,   -171.24339874,   -171.58112657,   -171.98971089,
         -170.6480884 ,   -170.79036358,   -170.99731181,   -171.27076919,
         -171.61257721,   -172.02458452,   -172.75652564,   -173.11599981,
         -173.50481077,   -173.92340595,   -174.37223208,   -174.8517347 ,
         -170.70047116,   -170.86482475,   -171.09134059,   -171.38172162,
         -171.73767645,   -172.16092036,   -170.65889736,   -170.80285271,
         -171.00847766,   -171.27747697,   -171.6115604 ,   -172.01244423,
         -170.57934372,   -170.54941312,   -170.59360673,   -170.71447841,
         -170.91456866,   -171.19641651,   -170.66155524,   -170.80937924,
         -171.02066669,   -171.29719472,   -171.64074586,   -172.05310957])
max_EXP_Renorm: 6567.873990641408
llh_GD_PWL: array([-178.45639059, -179.88936099, -179.81450761, -179.16308186,
       -177.79141662, -174.25585909, -179.75463619, -179.87860459,
       -178.25531346, -170.6236551 , -165.30209464, -155.91301806,
       -145.56469706, -164.42736106, -168.23837887, -154.21820763,
       -167.90524874, -149.7334576 , -155.57055216, -167.43768501,
       -186.70646858, -172.97729323, -177.92580754, -178.65734887,
       -195.16356489, -178.61271801, -191.08010692, -185.28220408,
       -196.01813712, -189.09480415, 6562.135891  , 6280.02698591,
       6382.62549211, 6557.38023488, 6566.23714186, 6495.50791025,
       6543.26221254, 6568.45276597, 6542.89210649, 6464.32545383,
       -170.01451739, -174.22118879, -169.38986051, -172.27132741,
       -174.09797466, -170.51697478, -167.9013755 , -168.02624346,
       -181.97860693, -169.47146981])
llh_GD_PWL_Renorm_K: array([  -489.36047964,  -8984.51878951,  -6295.8428514 ,   -222.83005157,
       -10658.63790517,  -6104.94833375,   -265.2507445 , -10851.13324348,
        -1406.94553701,  -3645.78881373, -11525.67451724, -11716.10131446,
        -1881.3597016 , -11716.10131446,   -209.80830847, -11716.10131446,
       -12123.92408781,  -2750.19037819, -11196.38799912,  -8342.80200755,
        -7803.97846548,  -3965.34760001,  -6802.11610906,  -1743.65697605,
        -6100.95717447,  -9193.29514967,  -9193.29514967,  -5108.43915595,
        -9193.29514967,  -9193.29514967,   6524.53599722,   3580.85543482,
         3513.26373813,   4755.56675805,   6528.78248051,   6426.3373519 ,
         6533.33948981,   6518.50696215,   6272.96237455,   6127.56348361,
         -756.42555743,   -205.13503071,   -319.59653669,   -190.51069274,
         -231.29471902,  -1294.8874593 ,   -171.42620445,   -173.52699096,
         -365.9713267 ,   -339.69547069])
llh_GD_PWL_Renorm_c: array([  -209.30293325,  -2415.61342341,   -539.90967173,   -266.72237686,
        -9225.70822621,  -6544.12004522,   -424.09329053,  -4561.6574901 ,
         -216.00293976,  -4679.50002691, -11361.16960285,  -5674.3032101 ,
        -2756.68414754, -11654.42786393,   -604.77034811, -11196.97668159,
         -331.80121853,  -4166.98977825,  -9679.84981254,   -333.30053582,
        -8417.49293587,  -4545.96345378,  -7235.9896273 ,  -2732.74715509,
         -265.28644159,  -8776.31399792,  -4218.7998109 ,  -6731.78820273,
        -1064.55091512,  -8869.81642023,   6528.01514419,   6234.84949927,
         6060.56338502,   5577.98362222,   6534.02383173,   6458.37806928,
         6530.1098755 ,   6528.6905987 ,   6400.76319659,   6402.89658697,
         -211.93251161,   -173.36943426,   -189.55878517,   -198.84444796,
         -229.93706631,   -225.25200159,   -173.23966572,   -174.40885585,
         -339.61675727,   -196.06287175])
lllh_GD_PWL_Renorm_p: array([  -185.96801839,  -8775.5887526 ,   -553.36080253,   -206.50669116,
       -10820.63315166,  -6637.4947026 ,   -300.64696172,  -6866.79919775,
         -190.02790336,  -9294.83664008, -11655.61600022,  -9511.53403294,
       -11716.10131446, -11716.10131446,   -610.96696197, -11716.10131446,
         -404.02229382, -11716.10131446, -11683.25165203,   -448.95436189,
        -6567.57110412,  -6778.26864552,  -8292.7261213 ,  -1222.93254007,
         -217.71549424,  -9193.29514967,  -7010.97021453,  -8999.52097931,
         -649.06485763,  -9193.29514967,   6548.45014282,   5782.95469313,
         5880.64192055,  -5657.20487594,   6541.29319871,   6409.03150384,
         6518.22542326,   6504.96161592,   6335.66215777,   6183.57627883,
         -183.98951621,   -193.33411021,   -188.44624974,   -184.0020235 ,
         -232.49808033,   -178.62192672,   -170.84021378,   -171.52616469,
         -403.84278572,   -188.49424796])
llh_GD_PWL_Renorm_Kc: array([  -253.15224224,   -264.06837521,   -286.05248292,   -319.56956692,
         -364.79504326,   -421.57550537,  -1014.61346296,  -1601.05931728,
        -2909.56952895,  -4366.14679103,  -6036.83071344,  -7775.15642741,
        -1238.81611136,  -1569.67273408,  -2137.59515369,  -3073.91097756,
        -4438.59513469,  -5951.38533498,   -235.68867842,   -217.67070407,
         -204.84449243,   -198.07635104,   -198.23205581,   -206.18678427,
        -9393.83410005,  -9780.26669468,  -9952.55457744, -10272.07623076,
       -10435.43247098, -10593.11128655,  -6548.49787269,  -6508.57821655,
        -6411.49398091,  -6282.37263821,  -6212.87958136,  -6173.57078655,
         -429.55545271,   -403.30500401,   -375.89266743,   -347.775025  ,
         -319.50842329,   -291.74849555,  -5854.83632876,  -7340.57656812,
        -8997.53757307, -10206.6623813 , -10786.25380103, -10851.13324348,
         -618.042285  ,   -688.44138853,   -790.23691649,   -923.41761402,
        -1081.64455718,  -1250.51140308,  -4933.67565395,  -4732.5024584 ,
        -4500.30571592,  -4171.03672538,  -4050.89864846,  -3882.46911303,
       -11364.18106599, -11428.13993246, -11457.47714785, -11459.56908421,
       -11492.97349486, -11523.21436215,  -8552.7345799 , -10419.8047368 ,
       -11243.90816841, -11684.13908336, -11716.10131446, -11716.10131446,
        -3601.56311899,  -3254.80832741,  -2911.91863488,  -2697.67951766,
        -2274.68407937,  -2120.25036613, -11716.10131446, -11716.10131446,
       -11716.10131446, -11716.10131446, -11716.10131446, -11716.10131446,
         -582.83111513,   -541.41025897,   -485.85323848,   -417.75073294,
         -342.42475325,   -268.95247065, -11333.85455901, -11525.96989252,
       -11588.0926829 , -11654.21801993, -11716.10131446, -11716.10131446,
         -650.75476301,   -626.46222606,   -475.39470044,   -220.88341672,
         -758.51165516,  -3749.34732829,  -4941.31367713,  -4531.10318145,
        -4279.54208669,  -3726.16942712,  -3255.03032495,  -2971.4455956 ,
       -10012.94310781, -10367.99101154, -10536.87302867, -10673.03191174,
       -10878.66612962, -11096.69066287,   -617.49206196,   -508.72251354,
         -301.95082688,   -232.82569435,   -818.60484037,  -2942.58914649,
        -8415.11194722,  -8290.61021279,  -8197.97538235,  -8097.34009894,
        -8029.3139361 ,  -7902.22144581,  -4544.19215767,  -4413.92386706,
        -4286.23940043,  -4153.17585201,  -4108.55505651,  -4010.08341067,
        -7231.68632939,  -7166.50071962,  -7130.48846956,  -6921.77622558,
        -6878.39319587,  -6840.06080643,  -3756.15559884,  -3410.28779927,
        -3006.69735812,  -2666.42168775,  -2144.8914396 ,  -1833.12173155,
        -3678.00075036,  -4587.81911829,  -5648.7023483 ,  -6754.69940177,
        -7639.54672431,  -7749.0201601 ,  -8871.9311437 ,  -8939.62514268,
        -9097.56971394,  -9131.23103008,  -9163.24557627,  -9193.29514967,
        -7165.06579434,  -9031.65867293,  -9131.29032696,  -9193.29514967,
        -9193.29514967,  -9193.29514967,  -6731.68461892,  -6498.49314704,
        -6239.87757226,  -6034.74307613,  -5710.40435323,  -5413.85755585,
        -2633.74410865,  -5359.2611511 ,  -8324.90098614,  -9132.19512338,
        -9193.29514967,  -9193.29514967,  -8936.94246482,  -9003.05972415,
        -9098.87315194,  -9131.44007312,  -9193.29514967,  -9193.29514967,
         6528.87917359,   6529.27913834,   6529.22154109,   6528.71244981,
         6527.75787262,   6526.36375839,   5577.47748717,   5327.11432542,
         5043.38305484,   4726.23041379,   4376.04863788,   3993.7523261 ,
         5394.01222502,   5157.24093657,   4891.17275449,   4594.71374664,
         4266.84054552,   3906.62539808,   5844.39842091,   5680.54431498,
         5507.50430103,   5326.9830409 ,   5140.54539168,   4949.63100103,
         6533.47207865,   6532.83297551,   6532.13649312,   6531.38291774,
         6530.5725346 ,   6529.70562783,   6454.44223174,   6450.55284795,
         6446.34930321,   6441.82879894,   6436.98852378,   6431.82565366,
         6531.0951234 ,   6531.80032466,   6532.37179817,   6532.81050178,
         6533.11738786,   6533.29340336,   6527.25533228,   6526.03950934,
         6524.72753231,   6523.31884696,   6521.81289663,   6520.20912221,
         6400.99311209,   6384.28818987,   6365.64542636,   6345.12920661,
         6322.80248332,   6298.7268101 ,   6356.91315111,   6326.98923318,
         6293.84018424,   6257.39463141,   6217.58105409,   6174.32786293,
         -369.92306845,   -404.32672792,   -449.91199217,   -507.52104734,
         -577.73631082,   -660.78574528,   -177.67400596,   -180.70376326,
         -184.33167669,   -188.57368684,   -193.44519018,   -198.96095569,
         -217.97191236,   -226.14497334,   -237.51999904,   -252.32913638,
         -270.79956884,   -293.15165594,   -197.71249648,   -196.41070829,
         -195.14802674,   -193.92555753,   -192.74442042,   -191.60574937,
         -229.97088849,   -230.19088921,   -230.41114681,   -230.63165994,
         -230.85242725,   -231.0734474 ,   -564.32085304,   -632.41447733,
         -721.26361634,   -832.54703074,   -966.67928621,  -1122.174576  ,
         -172.75798898,   -172.36420056,   -172.03727877,   -171.77861048,
         -171.58959644,   -171.47165142,   -173.8834207 ,   -173.47450626,
         -173.20026841,   -173.0645148 ,   -173.07110303,   -173.22394161,
         -328.59385942,   -335.03042683,   -341.39708242,   -347.68343942,
         -353.88009653,   -359.97858652,   -230.17568326,   -239.22295302,
         -251.62245432,   -267.62560838,   -287.47958139,   -311.42538402])
llh_GD_PWL_Renorm_Kp: array([  -192.65334738,   -216.14768111,   -255.68807648,   -308.23081306,
         -368.70352369,   -430.98746043, -10056.40404279, -10290.65084857,
       -10286.17963472, -10026.74316273,  -9761.13488761,  -9346.26118294,
         -464.3768224 ,   -331.55493762,   -207.6827876 ,   -232.66856561,
         -722.83992422,  -2371.62242758,   -191.32804832,   -185.19877536,
         -186.72751919,   -193.58267963,   -203.17304926,   -213.35338053,
       -10851.13324348, -10851.13324348, -10851.13324348, -10851.13324348,
       -10851.13324348, -10819.01755414,  -6405.99071197,  -6166.99631839,
        -6086.23863385,  -5919.72616261,  -5811.77227611,  -5677.10483521,
         -286.09436366,   -276.09420589,   -269.72892173,   -266.11665928,
         -264.51823955,   -264.3663413 ,  -9810.61988553, -10688.81737314,
       -10752.56932576, -10789.61075065, -10851.13324348, -10851.13324348,
         -192.11099162,   -237.97142225,   -341.7912953 ,   -515.02785091,
         -760.83124123,  -1067.73095048,  -8241.51844482,  -7210.35045995,
        -6396.80797315,  -5623.64896125,  -4979.0859249 ,  -5072.85998657,
       -11653.19555369, -11652.24336133, -11651.61412453, -11592.53002346,
       -11588.42894404, -11586.95984507, -10911.4914367 , -11399.64364157,
       -11684.20276212, -11716.10131446, -11716.10131446, -11716.10131446,
       -11557.22546586, -10031.75420733,  -6660.50405818,  -4689.0936497 ,
        -3080.68567247,  -2239.3677686 , -11716.10131446, -11716.10131446,
       -11716.10131446, -11716.10131446, -11716.10131446, -11716.10131446,
         -561.9472627 ,   -479.32688722,   -373.92390496,   -280.24524898,
         -226.19825936,   -208.23395347, -11716.10131446, -11716.10131446,
       -11716.10131446, -11716.10131446, -11716.10131446, -11716.10131446,
         -289.43537778,   -198.41940275,   -210.56725999,   -490.55376233,
        -1425.33611331,  -4082.07187   , -11263.74073368,  -9617.69678866,
        -6936.94098075,  -5414.57383668,  -4178.63447416,  -3029.74491246,
       -11683.69251067, -11684.66466183, -11716.10131446, -11716.10131446,
       -11716.10131446, -11716.10131446,   -342.76980129,   -236.55161874,
         -180.04655903,   -275.17693541,   -765.75539825,  -2392.67470455,
        -6798.79428074,  -6943.32768722,  -7170.12394351,  -7332.61151929,
        -7467.84223303,  -7577.13723771,  -6298.12308976,  -7025.37566489,
        -7351.78167094,  -7436.33964162,  -7630.33391758,  -7750.50114579,
        -8160.82216226,  -8031.44462972,  -7750.04886907,  -7544.26142173,
        -7467.03931407,  -7274.28918418,  -1294.33356265,  -1306.90753346,
        -1382.86472427,  -1489.84205714,  -1599.69941119,  -1699.97959469,
         -206.80268386,   -282.09858621,   -514.59799246,  -1018.35926197,
        -1966.12692038,  -3586.58256196,  -9193.29514967,  -9193.29514967,
        -9193.29514967,  -9193.29514967,  -9193.29514967,  -9193.29514967,
        -8747.44474767,  -9095.73771578,  -9193.29514967,  -9193.29514967,
        -9193.29514967,  -9193.29514967,  -8512.25719422,  -7610.34762249,
        -6838.78103806,  -6223.67999608,  -5309.01898096,  -4654.6437168 ,
         -808.79478779,  -7720.47697418,  -8932.62886653,  -9128.62498147,
        -9193.29514967,  -9193.29514967,  -9193.29514967,  -9193.29514967,
        -9193.29514967,  -9193.29514967,  -9193.29514967,  -9193.29514967,
         6547.06285873,   6544.84391431,   6541.92039367,   6538.37573949,
         6534.26900895,   6529.64432944,   5575.56325156,   5312.19938036,
         5002.30370446,   4658.66674145,   4296.51969025,   3932.09335841,
         5664.96625608,   5394.56272788,   5073.85734093,   4710.96003846,
         4318.19891186,   3912.2307015 ,   4671.91024091,   6387.96639723,
         6390.21412193,   6019.69204699,   5579.70777147,   5147.15356598,
         6540.23004178,   6538.7967121 ,   6537.11567048,   6535.24528078,
         6533.21938711,   6531.05998419,   6411.68284752,   6414.27238052,
         6416.80148063,   6419.271414  ,   6421.68334234,   6424.03833014,
         6521.71167974,   6524.63525069,   6527.01265967,   6528.85989173,
         6530.19241304,   6531.02518985,   6507.17465357,   6509.31011518,
         6511.36177357,   6513.32128751,   6515.17726796,   6516.91368941,
         6329.05062522,   6321.74504158,   6313.69419005,   6304.84521652,
         6295.14390576,   6284.53497531,   6175.51291819,   6167.22322825,
         6158.88086993,   6150.63412321,   6142.60532697,   6134.89112751,
         -208.4432301 ,   -252.54524241,   -318.66181495,   -407.28838054,
         -515.63256014,   -636.20251139,   -195.11379068,   -196.89768417,
         -198.65995077,   -200.37945225,   -202.03952203,   -203.62763857,
         -201.21411858,   -217.81685535,   -237.35984842,   -258.63961602,
         -280.27471356,   -300.9289897 ,   -184.64444959,   -185.37914013,
         -186.20821909,   -187.13381619,   -188.15804716,   -189.28299496,
         -232.32246338,   -232.14808124,   -231.97493465,   -231.80302439,
         -231.6323512 ,   -231.46291583,   -204.07140165,   -262.81946154,
         -364.70994312,   -519.11526878,   -731.57267299,   -997.71872101,
         -170.86993823,   -170.91789479,   -170.98391607,   -171.06786332,
         -171.16962167,   -171.28909556,   -171.69638108,   -171.90515552,
         -172.15226391,   -172.43772159,   -172.7617382 ,   -173.12467293,
         -397.91108434,   -392.03427067,   -386.27890818,   -380.72014355,
         -375.43447625,   -370.49556925,   -202.34861051,   -220.6971139 ,
         -242.71567876,   -267.17062032,   -292.51589337,   -317.12871345])
max_PWL_Renorm: 6548.450142815661
llh_GD_QEXP: array([ 2351.56951898,  2635.76631795,  2655.02588572,  2925.9196867 ,
        3005.11939173,  2603.21697226,  3282.18114737,  3214.83335534,
        2843.54724909,  2889.39356718,  3521.88833655,  2654.56662141,
        2635.24532993,  2713.01132811,  2705.07665126,  2737.16782525,
        2925.54724227,  2536.43651171,  3154.46665315,  3490.80800554,
        2547.74113254,  2397.39946659,  2530.73784815,  2486.97382403,
        2198.50243625,  2650.6723208 ,  2411.51464637,  2558.43026411,
        2545.470917  ,  2530.54962501, 30196.24155022, 29325.3540045 ,
       28307.24242247, 34091.66691431, 31398.76822442, 36998.02680304,
       32443.11164506, 29458.75537387, 31727.61929699, 36633.31139403,
        2157.97040539,  1490.0879081 ,  2063.2733313 ,  2008.95326397,
        2071.95198619,  1918.10066903,  1789.2815052 ,  1729.26784   ,
        1409.35454004,  1988.63321569])
llh_GD_QEXP_Renorm_a: array([  853.2295523 ,   785.67463435,   722.62343462,   873.46426063,
         807.03137737,   863.43798694,   856.82907854,   874.40798081,
         757.79721483,   861.67392256,   931.55899333,   726.81092914,
         829.65836388,   957.0480847 ,   889.1670114 ,   807.92423337,
         960.27190295,   943.69358556,   901.78889079,   927.74707276,
         682.05454515,   669.34785656,   682.15587858,   663.89900711,
         631.69886848,   694.16330365,   658.78426378,   649.00307278,
         656.00416054,   660.43610998, 14322.45841662, 13259.64223105,
       13359.99065267, 14030.84380628, 13589.40577662, 14303.47401463,
       14417.37032029, 13825.65942343, 14391.5049619 , 14273.0600022 ,
         525.39053594,   454.43523384,   520.66537144,   487.59584859,
         546.04236811,   549.04695655,   498.08118033,   436.96588462,
         524.04614393,   510.99622802])
lllh_GD_QEXP_Renorm_q: array([ 2379.37209721,  2732.53093433,  2812.68554606,  2930.90032128,
        3077.37476114,  2617.5085421 ,  3303.45441897,  3215.08120341,
        2965.02758709,  2894.4981474 ,  3562.08201352,  2904.60067262,
        2780.3273829 ,  2730.83730889,  2793.78921086,  2907.04992219,
        2882.2623331 ,  2567.89951697,  3225.95682627,  3538.32168417,
        2567.19013953,  2397.55787801,  2549.28514256,  2524.88150891,
        2271.66203489,  2645.70540116,  2454.43327325,  2609.92037971,
        2591.57561649,  2572.48059557, 30355.27536108, 30559.11201275,
       29436.80104677, 34542.44248099, 32304.76706562, 37170.95694656,
       32504.72639689, 30121.47157054, 31817.73372884, 36842.04097955,
        2185.13975003,  1591.36227656,  2096.0926048 ,  2075.69124798,
        2051.60127921,  1920.78655976,  1848.18595263,  1851.89958669,
        1441.12748187,  2000.64540271])
llh_GD_QEXP_Renorm_aq: array([ 2164.41455401,  1949.22159878,  1733.58871354,  1517.14112763,
        1299.20218972,  1078.57641633,  2466.85727726,  2200.56515572,
        1932.92813529,  1662.40969552,  1385.85557386,  1097.13630623,
        2535.26099625,  2256.83082188,  1976.15043232,  1690.53018276,
        1394.39993789,  1077.18030708,  2637.44230774,  2343.96541997,
        2050.44530641,  1756.82834373,  1462.99960598,  1168.71673873,
        2762.81900478,  2447.9881371 ,  2132.45590872,  1815.16180681,
        1493.53572736,  1161.63303721,  2368.73381711,  2119.85917539,
        1870.77771415,  1621.27259652,  1370.91032872,  1118.83982305,
        2956.76004279,  2610.01380071,  2263.12072545,  1915.81777987,
        1567.39155057,  1215.96352917,  2881.03489782,  2546.97884342,
        2212.89778712,  1878.75457331,  1544.46269468,  1209.82801807,
        2666.26114929,  2366.90072038,  2066.10971356,  1761.93173991,
        1449.94739539,  1120.82642368,  2606.19521512,  2317.8161831 ,
        2029.2585421 ,  1740.28675223,  1450.36897301,  1158.33122319,
        3191.95185946,  2821.71160268,  2451.16330532,  2079.76532514,
        1706.06858348,  1326.33256923,  2626.32558977,  2345.91374018,
        2061.07204619,  1767.2743523 ,  1456.14621058,  1114.22006239,
        2520.52657204,  2259.44151214,  1995.79828655,  1727.14779068,
        1448.96610595,  1153.51445672,  2479.37686918,  2227.79058877,
        1975.95654627,  1723.63937428,  1470.39066357,  1215.3703026 ,
        2532.73443117,  2270.98809264,  2007.84576488,  1741.92336309,
        1470.57452865,  1188.97713546,  2629.27584932,  2350.19962578,
        2068.3947329 ,  1780.97999857,  1482.38628439,  1162.75320851,
        2609.23080407,  2336.1166961 ,  2062.83013432,  1789.18737224,
        1514.81801939,  1238.98715913,  2339.47795416,  2110.76906882,
        1881.52914275,  1651.31663728,  1419.34374968,  1184.23660026,
        2903.66332364,  2581.04236023,  2257.62811459,  1932.31918539,
        1602.57699055,  1262.80604748,  3171.57557452,  2804.70389552,
        2437.48447372,  2069.31562769,  1698.60482063,  1321.28972729,
        2300.47772315,  2033.69593786,  1766.73659968,  1499.32865911,
        1230.80643583,   959.58197723,  2154.99651993,  1912.27399747,
        1669.17454869,  1425.20440394,  1179.25684609,   928.93244833,
        2285.12839838,  2020.9002983 ,  1756.49130427,  1491.62958522,
        1225.65379333,   957.00067791,  2264.15330751,  2003.27393183,
        1742.01629511,  1479.82471788,  1215.36961605,   945.5848655 ,
        2046.78813841,  1821.4504724 ,  1595.10383168,  1366.59338163,
        1133.5413912 ,   891.29682668,  2367.80970433,  2089.89221557,
        1811.91735229,  1533.79388318,  1255.29320839,   975.85730149,
        2203.72633013,  1952.82198095,  1701.44223904,  1448.93275362,
        1193.78835961,   932.67826646,  2337.02972491,  2063.95416425,
        1790.39526043,  1515.59117599,  1237.64581206,   952.04400455,
        2321.31772271,  2050.89601541,  1780.04990446,  1508.11963601,
        1233.47460405,   952.24630112,  2304.95664866,  2037.28068643,
        1769.21468778,  1500.1616059 ,  1228.65822474,   951.25505368,
       28079.70257442, 25803.28899389, 23525.16669289, 21243.58169477,
       18954.99928315, 16652.40954891, 28244.77852859, 25920.39822461,
       23575.56895031, 21189.85921672, 18724.75439382, 16113.35066273,
       27280.92199458, 25114.52672575, 22927.82771404, 20702.58255385,
       18406.09320557, 15984.01176769, 31668.42211083, 28792.73702726,
       25912.89865857, 23022.82854943, 20107.9641684 , 17134.61944387,
       29746.90648419, 27183.69617167, 24608.57465343, 22007.33791283,
       19350.16985768, 16578.107448  , 33922.4280764 , 30673.5691013 ,
       27423.78165308, 24171.41522486, 20911.95500426, 17633.18082184,
       29922.8875103 , 27340.94686064, 24758.80275124, 22176.24941541,
       19592.82504001, 17007.40983701, 27874.64619192, 25622.70996356,
       23360.49440727, 21077.85769445, 18755.38965527, 16357.62176006,
       29333.88340349, 26849.76985105, 24365.10150222, 21879.25991538,
       19390.89926204, 16897.06711101, 33640.43599063, 30438.39958356,
       27235.16505457, 24028.64378392, 20813.20576694, 17573.91092138,
        1952.05209404,  1718.8680704 ,  1485.42856516,  1251.32128714,
        1015.50277322,   775.43283969,  1441.50280059,  1290.45814105,
        1137.28706362,   980.3724806 ,   817.06362353,   643.38490215,
        1875.68989382,  1655.14895155,  1434.26193142,  1212.52048128,
         988.71081906,   760.05034234,  1858.07803477,  1640.15915869,
        1421.48924539,  1201.00407476,   976.24038482,   741.83083569,
        1837.62503954,  1623.61258754,  1409.51246576,  1195.2030121 ,
         980.40240192,   764.47501319,  1725.49807471,  1530.17899656,
        1334.7923696 ,  1139.25874749,   943.41076795,   746.90378827,
        1662.90986483,  1477.23119464,  1290.69468816,  1102.35680722,
         910.31857899,   710.95572681,  1665.57985657,  1478.33166151,
        1289.12374554,  1095.86507598,   894.52090209,   678.05996543,
        1313.69425043,  1185.86619768,  1057.38269039,   927.82160756,
         796.51262209,   662.42351345,  1793.79938392,  1586.73057343,
        1379.13761305,  1170.32887813,   958.75776669,   741.1200124 ])
max_QEXP_Renorm: 37170.95694655944
llh_GD_RAY: array([-175.03960174, -175.68298352, -175.26872991, -175.03599396,
       -179.08810989, -176.31607655, -175.11704241, -175.22651245,
       -175.03164878, -176.62014985, -166.95897229, -164.45659986,
       -164.07684643, -165.09957359, -168.02558937, -165.3530876 ,
       -167.30487366, -165.81299312, -168.06727074, -164.34429245,
       -191.68493621, -191.57369805, -192.7042725 , -191.57141422,
       -191.57820419, -191.57196513, -193.52008858, -191.58909314,
       -195.258609  , -193.38755969, 6587.73903069, 6557.57605508,
       6578.96350854, 6562.81246596, 6593.06747634, 6593.09330037,
       6593.35055218, 5930.73978582, 5882.43603183, 6579.00568327,
       -164.76083776, -164.63646192, -164.63469104, -164.63469845,
       -164.6758859 , -199.53449638, -164.63514031, -164.70219039,
       -164.63897232, -174.10178206])
llh_GD_RAY_Renorm_gamma: array([ -188.58156945,  -186.61445906,  -194.49086119,  -189.31285493,
       -7099.71078526,  -186.4957267 ,  -188.19649798,  -186.93670407,
        -189.24505828,  -184.61582622,  -200.69897052,  -174.31307071,
        -169.70982702,  -177.73313306,  -239.7489161 ,  -178.21814767,
       -6834.37250325,  -174.52382413,  -242.98214389,  -173.44655868,
        -202.63718182,  -203.2973696 ,  -214.82695344,  -203.15414341,
        -202.7919256 ,  -203.16944394,  -201.43949304,  -203.39716516,
       -7149.32255773,  -220.68757515,  6567.28160564,  6535.66038924,
        6571.89596744,  6538.6471799 ,  6572.44589566,  6573.16397197,
        6573.29103849,  6320.56169937,  6212.65853037,  6555.05093668,
        -183.42985294,  -182.54927793,  -182.56082038,  -182.54888677,
        -183.50942018,  -602.64406011,  -182.6940923 ,  -181.93030335,
        -182.47644457,  -225.21390668])
llh_GD_RAY_Renorm_eta: array([  -184.78490769,   -184.74099756,   -185.81922456,   -184.96221468,
       -10718.57352375,   -184.88345836,   -184.88243011,   -184.70092696,
         -184.88336641,   -185.6934019 ,   -172.3804918 ,   -170.67023759,
         -170.58589636,   -170.73131412,   -171.59918945,   -170.6259687 ,
       -11683.32920139,   -169.54478879,   -171.30765288,   -171.02871988,
         -201.034083  ,   -200.97338897,   -200.99589552,   -201.0235613 ,
         -201.07432411,   -200.99646403,   -202.39448099,   -201.01994494,
        -9126.68724394,   -200.9665263 ,   6568.05545974,   6538.13341838,
         6572.63005285,   6541.36406617,   6572.86171627,   6573.45049675,
         6573.48434894,   6438.00212138,   6101.96538679,   6557.04133971,
         -179.14775372,   -178.80024153,   -178.85688147,   -178.81357528,
         -179.08907468,  -2291.11423511,   -178.88052681,   -178.79071563,
         -178.74190807,   -192.73577322])
llh_GD_RAY_Renorm_gammaeta: array([  -184.98579036,   -185.28025793,   -185.68140111,   -186.20077789,
         -186.84901327,   -187.63767886,   -184.8567693 ,   -185.01548441,
         -185.22201495,   -185.48106036,   -185.79691253,   -186.17346755,
         -186.43903432,   -187.2207275 ,   -188.18142594,   -189.34474915,
         -190.74536691,   -192.43535042,   -185.23595079,   -185.60794255,
         -186.08884969,   -186.6883182 ,   -187.41644623,   -188.28568852,
       -10516.71377491, -10250.60664174,  -9977.72818437,  -9400.46773939,
        -8530.06140441,  -7847.78093254,   -185.01249167,   -185.17159262,
         -185.36313511,   -185.5893378 ,   -185.85224209,   -186.15375249,
         -185.09353788,   -185.37923742,   -185.74777974,   -186.20649757,
         -186.76228695,   -187.42258576,   -184.81762382,   -184.99001369,
         -185.22561416,   -185.53174216,   -185.91500401,   -186.38136339,
         -185.13639099,   -185.49240213,   -185.96403134,   -186.56245641,
         -187.29890964,   -188.18697762,   -185.42522095,   -185.19436204,
         -185.00199895,   -184.84859376,   -184.73375474,   -184.65649266,
         -173.49867736,   -175.16350134,   -177.67826984,   -181.34192529,
         -186.36881918,   -192.82861167,   -171.0124052 ,   -171.38382259,
         -171.79291608,   -172.25751027,   -172.80568432,   -173.47542485,
         -170.15328985,   -169.83269378,   -169.62355999,   -169.51905535,
         -169.50775682,   -169.57595724,   -171.20749434,   -171.74446635,
         -172.37949727,   -173.18337372,   -174.25849216,   -175.73013482,
         -173.08862   ,   -175.81278521,   -181.01687835,   -189.73472363,
         -202.20271883,   -218.53574683,   -171.12084376,   -171.68096552,
         -172.34579236,   -173.1970754 ,   -174.35705304,   -175.97683759,
       -11617.06552206, -11413.77689881, -10917.52146229, -10467.15955384,
        -9553.641817  ,  -8292.33529396,   -169.80451894,   -170.23198854,
         -170.77043478,   -171.39575408,   -172.13964909,   -173.11559184,
         -172.72866392,   -175.29874919,   -180.42132988,   -189.37521743,
         -202.50196933,   -219.95123837,   -171.28712886,   -171.56246931,
         -171.85952234,   -172.18550393,   -172.55015604,   -172.96568668,
         -200.90517221,   -200.85920875,   -200.91785909,   -201.10235279,
         -201.43438464,   -201.93727691,   -200.87280573,   -200.87411038,
         -201.00188665,   -201.28068725,   -201.73637198,   -202.39763413,
         -201.41969437,   -202.20080741,   -203.4211173 ,   -205.17949348,
         -207.58920642,   -210.76735825,   -200.89321853,   -200.86226736,
         -200.95747351,   -201.20524994,   -201.63306433,   -202.27115201,
         -200.92251386,   -200.85958231,   -200.91151385,   -201.10365371,
         -201.46186847,   -202.01409225,   -200.88206353,   -200.86658535,
         -200.97501239,   -201.23213146,   -201.66384561,   -202.2987235 ,
         -202.39210293,   -202.33213151,   -202.21923648,   -202.06131769,
         -201.86933032,   -201.65685689,   -200.88898471,   -200.8649384 ,
         -200.97699783,   -201.2540714 ,   -201.7264622 ,   -202.42786267,
        -9032.06607982,  -8925.97382727,  -8793.39145931,  -8625.36467599,
        -8223.18381549,  -7823.02570658,   -201.45777948,   -202.45345251,
         -204.09228614,   -206.54523679,   -210.00296997,   -214.65328308,
         6567.94760281,   6567.83884654,   6567.72919191,   6567.61863981,
         6567.50719099,   6567.3948461 ,   6537.78692167,   6537.43817566,
         6537.08717124,   6536.73389935,   6536.37835101,   6536.02051727,
         6572.53690783,   6572.43976403,   6572.3386774 ,   6572.23370237,
         6572.1248918 ,   6572.01229695,   6540.98481586,   6540.60263201,
         6540.21749937,   6539.82940281,   6539.43832731,   6539.04425795,
         6572.80774661,   6572.75193678,   6572.69430451,   6572.63486724,
         6572.57364213,   6572.51064607,   6573.42025617,   6573.38637547,
         6573.34890085,   6573.30787809,   6573.26335255,   6573.21536906,
         6573.46396145,   6573.44112293,   6573.41585849,   6573.38819312,
         6573.3581516 ,   6573.32575859,   6423.59097618,   6408.36415646,
         6392.32913605,   6375.50330567,   6357.91267949,   6339.58873003,
         6119.44827489,   6136.27963386,   6152.52474222,   6168.24046015,
         6183.47522096,   6198.26977561,   6556.76473276,   6556.48557904,
         6556.20385958,   6555.91955519,   6555.6326464 ,   6555.34311354,
         -179.5651831 ,   -180.03247642,   -180.55766227,   -181.14996427,
         -181.819373  ,   -182.57608156,   -179.17128277,   -179.58461099,
         -180.04658226,   -180.56490576,   -181.14840509,   -181.80661892,
         -179.22606836,   -179.63656824,   -180.09452097,   -180.6072941 ,
         -181.18325136,   -181.83138135,   -179.18396715,   -179.59636414,
         -180.05705978,   -180.57366754,   -181.15488455,   -181.81010038,
         -179.51436802,   -179.99207408,   -180.53091444,   -181.14100529,
         -181.83336495,   -182.61925219,  -1716.90457491,  -1177.98420494,
         -906.20879114,   -771.25965208,   -636.36655825,   -602.64406012,
         -179.25811819,   -179.67872372,   -180.14887955,   -180.67640608,
         -181.27014232,   -181.93953061,   -179.11649851,   -179.47484521,
         -179.86998175,   -180.30699262,   -180.79171931,   -181.33057752,
         -179.11047993,   -179.52136016,   -179.98088754,   -180.49683343,
         -181.07817512,   -181.73469552,   -196.22294571,   -200.11158105,
         -204.38941094,   -209.04760794,   -214.07776455,   -219.47014337])
max_RAY_Renorm: 6573.484348939571
llh_GD_GSS: array([-173.31604797, -174.1208586 , -173.36579796, -173.67502713,
       -173.4869338 , -175.6369639 , -173.06011111, -173.1803635 ,
       -175.12351019, -173.05569651, -163.71135229, -163.80175301,
       -164.85657152, -168.56089937, -168.90926912, -159.36366327,
       -164.11285935, -163.9652012 , -167.15845438, -168.49031479,
       -191.60429251, -189.41339699, -189.4104103 , -189.4436621 ,
       -192.02717369, -189.41156614, -189.41839176, -191.84923396,
       -189.44890559, -189.4311962 , 6596.85326487, 6596.63971398,
       4609.86649973, 6595.68201994, 6596.96368488, 6588.67778357,
       6596.84397817, 6596.1483448 , 6596.19795671, 6594.47865566,
       -164.16770085, -164.39020555, -164.36233243, -163.80227472,
       -164.00705876, -165.09485473, -163.83227169, -163.86685481,
       -163.78637816, -163.94537753])
llh_GD_GSS_Renorm_kappa: array([-220.38830947, -222.10542543, -219.09303401, -219.45804843,
       -222.56935895, -194.19761889, -226.98091748, -220.75283795,
       -228.81612689, -227.64114471, -180.20614297, -184.10634639,
       -182.24336289, -638.38442185, -344.11988492, -415.55024737,
       -177.05835717, -177.91932881, -237.02834613, -192.57162487,
       -204.60532039, -210.85508868, -210.46627118, -211.91271111,
       -204.45175558, -210.84814797, -210.0708875 , -204.55723993,
       -211.44696038, -211.66110109, 6571.30812583, 6571.64550682,
       6565.70505553, 6572.13491259, 6571.02236256, 6570.07209731,
       6571.28353817, 6570.93902298, 6571.89642629, 6572.40410823,
       -188.50791255, -190.2703933 , -189.11481594, -183.32728848,
       -186.33082901, -178.39948422, -181.43713262, -184.71520892,
       -182.57070801, -180.41038   ])
llh_GD_GSS_Renorm_tau: array([  -335.83776413,   -377.42875178,   -329.27870338,   -353.82753856,
         -351.62763279,   -296.63261376,   -328.66456066,   -311.95060012,
         -336.20280422,   -328.04584173,   -277.77655116,   -307.31773089,
         -364.19826185,   -566.88548945,   -411.35829143,  -8355.76146577,
         -232.14242111,   -299.91317373,   -376.5074934 ,   -542.58303781,
         -288.37480295,   -282.67822135,   -282.55689546,   -286.52052244,
         -275.89294513,   -284.55374269,   -287.96950292,   -298.3545338 ,
         -280.00302161,   -286.01060486,   6571.61785545,   6571.9162605 ,
       -99228.62705334,   6571.90109615,   6571.31069884,   6567.16871796,
         6571.61629148,   6571.72683524,   6572.13483824,   6572.23855202,
         -242.1769909 ,   -245.00013475,   -245.00466646,   -239.18096728,
         -241.92482442,   -173.06263606,   -234.0230775 ,   -241.22935443,
         -236.85812563,   -238.86497194])
llh_GD_GSS_Renorm_kappatau: array([-338.70072863, -276.33890557, -256.5638939 , -239.90243881,
       -227.43349812, -220.42813162, -384.70637115, -304.74234431,
       -277.21368927, -253.14039374, -234.35162884, -223.08799819,
       -333.38767703, -271.92537107, -253.16240338, -237.42168908,
       -225.69132301, -219.12862713, -364.59945127, -288.0504783 ,
       -264.61546233, -244.49761873, -229.09306695, -220.07541704,
       -367.62463913, -286.97512949, -264.57680634, -245.47889938,
       -231.00497066, -222.73641106, -293.27189794, -240.75941104,
       -225.22342792, -212.13697646, -202.11900647, -195.8724914 ,
       -335.94293192, -271.77264751, -255.05412078, -241.26822488,
       -231.28817221, -226.13032282, -323.26879428, -261.37421685,
       -246.30673462, -233.93612155, -224.98119466, -220.26890636,
       -325.09052744, -284.22477814, -264.4105005 , -247.73998915,
       -235.33078986, -228.50220576, -336.09704219, -271.35591778,
       -254.93932452, -241.43392564, -231.69343199, -226.71024918,
       -292.4548189 , -225.0311993 , -210.24981901, -197.82061682,
       -188.2665422 , -182.17480957, -314.49872543, -242.88649533,
       -223.81069872, -207.53396471, -194.85657425, -186.69592008,
       -357.79086962, -281.43239755, -250.94659526, -223.87028363,
       -201.93588629, -187.2240549 , -576.50565906, -572.97802806,
       -536.30625484, -537.05181601, -549.56887197, -580.25028133,
       -423.50564198, -370.43146803, -352.84264541, -339.50535256,
       -332.12564292, -332.80114673,           nan,           nan,
                 nan,           nan,           nan,           nan,
       -260.80396982, -201.61043394, -193.31547289, -186.49737769,
       -181.36248516, -178.13491211, -311.87677093, -241.76092783,
       -221.33510416, -203.80056725, -190.02739902, -181.01588248,
       -373.41204076, -324.16512521, -294.84120994, -269.17264566,
       -249.20552878, -237.45580236, -646.29278499, -653.58830004,
       -358.40083302, -353.44749099, -279.14647857, -218.23769981,
       -267.04913017, -237.64362359, -226.48383165, -217.17605215,
       -210.11935986, -205.76140458, -279.46132674, -235.50279519,
       -226.57073909, -219.31196779, -214.03662248, -211.08959766,
       -278.57602465, -235.09789555, -226.18601435, -218.94124206,
       -213.67159721, -210.71950199, -283.2657627 , -238.5338289 ,
       -228.91871749, -221.07855212, -215.36274736, -212.161759  ,
       -260.06252394, -232.41823605, -222.8878    , -214.99833749,
       -209.05991459, -205.41677627, -280.69003732, -236.67105246,
       -227.35742205, -219.76880518, -214.2352654 , -211.12474596,
       -282.06294721, -238.09755545, -228.10269453, -219.91584269,
       -213.90145239, -210.46737143, -276.88143127, -244.43546459,
       -231.1858869 , -220.01569449, -211.44617739, -206.0689887 ,
       -277.92421162, -234.22890724, -225.88498107, -219.13734682,
       -214.26785958, -211.58884863, -283.01236254, -238.09013442,
       -228.54615632, -220.76570824, -215.09365396, -211.91514219,
       6572.60217989, 6572.17971447, 6571.73558811, 6571.31362408,
       6570.93919108, 6570.62505038, 6572.16541725, 6571.90306056,
       6571.65314754, 6571.41974185, 6571.20484399, 6571.00883427,
                 nan,           nan,           nan,           nan,
                 nan,           nan, 6572.11575982, 6572.00393827,
       6571.92089476, 6571.86587292, 6571.83675097, 6571.83048771,
       6571.74753647, 6572.25512909, 6572.53462368, 6572.60032342,
       6572.4691169 , 6572.16128372, 6569.50234675, 6569.81474412,
       6570.09324891, 6570.32961973, 6570.51346475, 6570.63116939,
       6572.5106962 , 6572.10921944, 6571.69848575, 6571.31130027,
       6570.96688464, 6570.67494245, 6570.70627534, 6570.41475378,
       6570.13002856, 6569.85076807, 6569.57495008, 6569.29997831,
       6571.54318888, 6571.359853  , 6571.19026729, 6571.03295969,
       6570.88579481, 6570.74612942, 6570.3035389 , 6570.14482828,
       6569.93573161, 6569.66509447, 6569.31963761, 6568.88332208,
       -265.45060482, -233.05029583, -190.45342236, -188.82768599,
       -187.91777249, -187.7882035 , -272.32551803, -195.22208659,
       -192.58156975, -190.68822737, -189.61716811, -189.44902111,
       -270.53571437, -194.60466649, -191.80804872, -189.77888124,
       -188.59603765, -188.34429189, -254.26161901, -234.35085837,
       -185.34346642, -183.91759333, -183.07457167, -182.86124012,
       -262.49339387, -233.82943107, -188.38985573, -186.80756198,
       -185.89730191, -185.71759652, -175.32071707, -174.44527589,
       -176.02654951, -176.77151124, -177.17974424, -177.60431938,
       -250.14595474, -230.29131305, -183.26487986, -182.01165403,
       -181.26398294, -181.05929865, -258.12227951, -236.13599256,
       -186.64332581, -185.2024953 , -184.36725081, -184.18724241,
       -252.17200444, -231.9670992 , -184.70290915, -183.25109222,
       -182.38019573, -182.13689678, -252.65362543, -232.71535665,
       -210.27504862, -181.25121043, -180.37537154, -180.08040434])
max_GSS_Renorm: nan
