llh_GD_EXP: array([-177.52921336, -177.52638482, -177.02311965, -177.34788606,
       -177.54164572, -176.85877882, -177.45462841, -176.74035166,
       -177.28512897, -176.66146523, -164.03673262, -161.87613636,
       -157.71886279, -165.52714072, -163.97220033,  358.0257664 ,
       -166.50645701, -162.70524847, -163.37423587, -163.88981389,
       1486.88142393,  464.58457214, -192.40614644, -192.49412536,
       -192.40708642, -192.48112681, 2058.42274059, -190.25117712,
       -192.79529323,  298.81025325, 6596.77596198, 6596.80939407,
       6596.84028044, 6596.29103456, 6596.84028343, 6596.84028388,
       6596.84028382, 6595.84769626, 6595.34610257, 6596.84028406,
       -165.1932115 , -165.1932115 , -165.1932115 , -165.19321152,
                -inf, -166.08011224, -165.9750823 , -172.37695218,
       -165.19321166, -165.19321173])
llh_GD_EXP_Renorm_alpha: array([-10688.38309814, -10658.10016279,   -193.90088133, -10456.60472182,
         -224.79583379,   -196.0032352 , -10552.97295639,   -181.17432242,
         -206.24288832,   -189.7561659 ,   -170.55472642, -10917.25719683,
        -9671.99001191, -11587.27662515,   -171.16882317,   -518.51921955,
         -184.92215521, -11254.35847855, -11354.5701212 ,   -170.89943362,
         -550.66333564,   -272.96514792,  -9036.7382759 ,  -8963.76599434,
        -9034.75400729,  -9096.69863716,   -550.66500989,   -195.43601107,
         -210.31507459,    -84.20119938,   6569.00006595,   6568.51506525,
         6568.6627169 ,   6567.29393894,   6568.66680195,   6568.66573419,
         6568.66643059,   6566.26454042,   6569.21183825,   6568.66576274,
         -172.31347998,   -172.31341157,   -172.31338368,   -172.31370372,
                   nan,   -170.44291839,   -172.57817843,   -204.81784884,
         -172.31530412,   -172.31318087])
llh_GD_EXP_Renorm_beta: array([-10653.53199715, -10620.19663635,   -181.00743518, -10817.97453163,
         -278.36488841,   -181.78894585, -10752.01287781,   -180.9129941 ,
         -183.15092852,   -184.26506549,   -173.28024231, -11716.09666672,
       -11586.05440685, -11716.09666672,   -175.46862472,   -170.94354668,
         -177.12656379, -11716.09666672, -11716.09666672,   -176.19721601,
         -379.96900955,   -205.9355943 ,  -9161.66645997,  -9160.88300184,
        -9161.53551913,  -9160.61646815,   -550.66500984,   -199.36131378,
         -242.03679718,   -343.54068687,   6569.31852117,   6569.17657227,
         6569.2485895 ,   6568.69579011,   6569.24991274,   6569.2495068 ,
         6569.2497753 ,   6567.8523775 ,   6568.70920092,   6569.2495571 ,
         -170.37651261,   -170.37651008,   -170.37651133,   -170.37655001,
                   nan,   -171.24296942,   -170.51307061,   -180.60598213,
         -170.37666193,   -170.37655347])
llh_GD_EXP_Renorm_alphabeta: array([-10751.65966215, -10785.9857436 , -10818.890755  , -10851.12545575,
       -10851.12545575, -10819.1205214 , -10719.79627855, -10785.25565709,
       -10818.53045347, -10851.12545575, -10851.12545575, -10819.4011007 ,
         -181.41354389,   -182.16949325,   -183.34078173,   -185.00507392,
         -187.25103994,   -190.17856945, -10819.2889286 , -10851.12545575,
       -10851.12545575, -10851.12545575, -10818.53493365, -10753.02720784,
         -224.24789894,   -196.85565204,   -185.28399737,   -181.14436712,
         -182.49147296,   -193.62790916,   -181.0579023 ,   -180.9256592 ,
         -181.49926409,   -182.97629659,   -185.63770349,   -189.83680869,
       -10786.00724208, -10818.64723605, -10851.12545575, -10851.12545575,
       -10851.12545575, -10786.6858677 ,   -180.89893563,   -180.90107341,
         -180.91991107,   -180.95600912,   -181.00998495,   -181.08251259,
         -181.52479478,   -180.90237032,   -181.41010873,   -183.44253391,
         -187.64192106,   -194.86860013,   -182.43075203,   -181.32095071,
         -180.89995211,   -181.25720438,   -182.60981128,   -185.29546909,
         -172.58788237,   -172.00320922,   -171.52085912,   -171.13680158,
         -170.84837236,   -170.65430027, -11716.09666672, -11653.15769766,
       -11585.03427125, -11454.03224696, -11352.50828857, -11186.12814134,
       -11455.95053392, -11352.85352576, -11184.74651066, -10914.71825463,
       -10710.24222449, -10152.34759009, -11716.09666672, -11716.09666672,
       -11716.09666672, -11716.09666672, -11716.09666672, -11716.09666672,
         -174.56896638,   -173.77374577,   -173.07654043,   -172.47174975,
         -171.95462663,   -171.52130498,   -172.56282543,   -186.22244525,
         -224.43105854,   -310.75980982,   -356.85478075,   -366.11290673,
         -173.40125755,   -171.29353688,   -170.54391854,   -171.15455343,
         -173.39095528,   -177.74770426, -11716.09666672, -11716.09666672,
       -11716.09666672, -11686.05902318, -11586.11307374, -11423.88848974,
       -11716.09666672, -11716.09666672, -11716.09666672, -11685.48561987,
       -11587.38269764, -11486.44565693,   -174.99356332,   -173.95708079,
         -173.07482457,   -172.33580334,   -171.7310743 ,   -171.25382377,
         -461.59545044,   -508.35133902,   -529.24009957,   -540.44427441,
         -547.28185899,   -550.16168909,   -196.45652028,   -195.80384572,
         -202.12057752,   -218.86994386,   -247.99549467,   -119.76226727,
        -9193.28264942,  -9193.28264942,  -9193.28264942,  -9193.28264942,
        -9193.28264942,  -9130.65812463,  -9193.28264942,  -9193.28264942,
        -9193.28264942,  -9193.28264942,  -9193.28264942,  -9128.35505088,
        -9193.28264942,  -9193.28264942,  -9193.28264942,  -9193.28264942,
        -9193.28264942,  -9130.65316667,  -9162.52475465,  -9193.28264942,
        -9193.28264942,  -9193.28264942,  -9193.28264942,  -9193.28264942,
         -550.66500989,   -550.66500989,   -550.66500989,   -550.66500989,
         -550.66500989,   -550.66500989,   -198.46201708,   -197.68486221,
         -197.02379207,   -196.47327526,   -196.02821798,   -195.68391042,
         -218.20619714,   -204.50070373,   -197.54201358,   -195.23529145,
         -196.4807541 ,   -201.09995566,   -306.48044082,   -267.64494329,
         -227.95275879,   -188.53165068,   -150.67333711,   -115.60292012,
         6569.30789167,   6569.28564647,   6569.25178321,   6569.20629849,
         6569.14918786,   6569.08044584,   6569.11506731,   6569.04257591,
         6568.95909163,   6568.86460713,   6568.75911415,   6568.64260354,
         6569.20116863,   6569.14166773,   6569.07008087,   6568.98640103,
         6568.89062009,   6568.78272882,   6568.5448359 ,   6568.37748373,
         6568.19371232,   6567.99349841,   6567.77681673,   6567.54364   ,
         6569.20288235,   6569.14377321,   6569.07257945,   6568.98929408,
         6568.89390902,   6568.78641506,   6569.2023676 ,   6569.14315443,
         6569.07186138,   6568.98848148,   6568.89300662,   6568.78542762,
         6569.20270744,   6569.1435622 ,   6569.07233368,   6568.9890149 ,
         6568.89359776,   6568.78607309,   6567.6610479 ,   6567.4579157 ,
         6567.24296265,   6567.01616947,   6566.77751583,   6566.52698031,
         6568.80618476,   6568.89476695,   6568.97495338,   6569.04674932,
         6569.11015948,   6569.16518795,   6569.2024251 ,   6569.14321569,
         6569.07192298,   6568.98853998,   6568.89305858,   6568.7854696 ,
         -170.46625759,   -170.61553089,   -170.82600421,   -171.099352  ,
         -171.4372545 ,   -171.84139906,   -170.466251  ,   -170.61551859,
         -170.82598444,   -171.09932296,   -171.4372143 ,   -171.84134576,
         -170.46625219,   -170.61551842,   -170.8259816 ,   -171.09931607,
         -171.43720192,   -171.8413264 ,   -170.46632823,   -170.61563278,
         -170.82613522,   -171.09950988,   -171.43743687,   -171.84160342,
                   nan,             nan,             nan,             nan,
                   nan,             nan,   -170.94381543,   -170.70229991,
         -170.52088087,   -170.40193744,   -170.34778648,   -170.36069949,
         -170.36725072,   -170.3573324 ,   -170.48998142,   -170.7717903 ,
         -171.20934304,   -171.80925357,   -183.09265056,   -185.88736868,
         -188.99978701,   -192.43944348,   -196.21590086,   -200.3388099 ,
         -170.46657088,   -170.61603188,   -170.82671742,   -171.1003028 ,
         -171.43846909,   -171.84290448,   -170.46631649,   -170.61558715,
         -170.82603623,   -171.09933727,   -171.43716962,   -171.84121969])
max_EXP_Renorm: nan
llh_GD_PWL: array([          nan,           nan,           nan,           nan,
                 nan,           nan,           nan,           nan,
                 nan,           nan,           nan,          -inf,
                 nan,           nan,           nan,           nan,
                 nan,           nan,           nan,           nan,
                 nan,           nan,           nan,           nan,
                 nan,           nan,           nan,           nan,
                 nan,           nan, 6584.26944851, 6474.75631681,
       6562.52220818, 6579.33341274,          -inf, 6507.89320121,
                -inf,          -inf, 6474.81028795, 6455.83744215,
                -inf,          -inf,          -inf, -168.49089003,
                -inf,          -inf, -167.55310577, -168.1022979 ,
       -167.43318906,           nan])
llh_GD_PWL_Renorm_K: array([          nan,           nan,           nan,           nan,
                 nan,           nan,           nan,           nan,
                 nan,           nan,           nan,           nan,
                 nan,           nan,           nan,           nan,
                 nan,           nan,           nan,           nan,
                 nan,           nan,           nan,           nan,
                 nan,           nan,           nan,           nan,
                 nan,           nan, 5847.79074081, 6291.24480413,
       6211.95955526, 6265.00627185,           nan, 6426.38301195,
                 nan,           nan, 6242.60706971, 6216.50000241,
                 nan,           nan,           nan, -235.05622074,
                 nan,           nan, -173.21509855, -182.96535025,
       -175.24084892,           nan])
llh_GD_PWL_Renorm_c: array([          nan,           nan,           nan,           nan,
                 nan,           nan,           nan,           nan,
                 nan,           nan,           nan,           nan,
                 nan,           nan,           nan,           nan,
                 nan,           nan,           nan,           nan,
                 nan,           nan,           nan,           nan,
                 nan,           nan,           nan,           nan,
                 nan,           nan, 6264.45249093, 6462.23619146,
       6428.61240671, 6457.99888313,           nan, 6471.56466053,
                 nan,           nan, 6400.42729285, 6411.18610672,
                 nan,           nan,           nan, -182.14448589,
                 nan,           nan, -175.52315262, -176.25566787,
       -175.84426214,           nan])
lllh_GD_PWL_Renorm_p: array([          nan,           nan,           nan,           nan,
                 nan,           nan,           nan,           nan,
                 nan,           nan,           nan,           nan,
                 nan,           nan,           nan,           nan,
                 nan,           nan,           nan,           nan,
                 nan,           nan,           nan,           nan,
                 nan,           nan,           nan,           nan,
                 nan,           nan, 6449.12542283, 6296.33102599,
       6335.85121611, 6545.03703916,           nan, 6407.26873643,
                 nan,           nan, 6251.11418053, 6232.54269537,
                 nan,           nan,           nan, -188.45049857,
                 nan,           nan, -172.86559418, -175.47680893,
       -175.19221144,           nan])
llh_GD_PWL_Renorm_Kc: array([          nan,           nan,           nan,           nan,
                 nan,           nan,           nan,           nan,
                 nan,           nan,           nan,           nan,
                 nan,           nan,           nan,           nan,
                 nan,           nan,           nan,           nan,
                 nan,           nan,           nan,           nan,
                 nan,           nan,           nan,           nan,
                 nan,           nan,           nan,           nan,
                 nan,           nan,           nan,           nan,
                 nan,           nan,           nan,           nan,
                 nan,           nan,           nan,           nan,
                 nan,           nan,           nan,           nan,
                 nan,           nan,           nan,           nan,
                 nan,           nan,           nan,           nan,
                 nan,           nan,           nan,           nan,
                 nan,           nan,           nan,           nan,
                 nan,           nan,           nan,           nan,
                 nan,           nan,           nan,           nan,
                 nan,           nan,           nan,           nan,
                 nan,           nan,           nan,           nan,
                 nan,           nan,           nan,           nan,
                 nan,           nan,           nan,           nan,
                 nan,           nan,           nan,           nan,
                 nan,           nan,           nan,           nan,
                 nan,           nan,           nan,           nan,
                 nan,           nan,           nan,           nan,
                 nan,           nan,           nan,           nan,
                 nan,           nan,           nan,           nan,
                 nan,           nan,           nan,           nan,
                 nan,           nan,           nan,           nan,
                 nan,           nan,           nan,           nan,
                 nan,           nan,           nan,           nan,
                 nan,           nan,           nan,           nan,
                 nan,           nan,           nan,           nan,
                 nan,           nan,           nan,           nan,
                 nan,           nan,           nan,           nan,
                 nan,           nan,           nan,           nan,
                 nan,           nan,           nan,           nan,
                 nan,           nan,           nan,           nan,
                 nan,           nan,           nan,           nan,
                 nan,           nan,           nan,           nan,
                 nan,           nan,           nan,           nan,
                 nan,           nan,           nan,           nan,
                 nan,           nan,           nan,           nan,
                 nan,           nan,           nan,           nan,
       6298.5770939 , 6236.04757598, 6167.91990322, 6094.62798696,
       6016.58419872, 5934.18070845, 6439.79566811, 6421.63157526,
       6400.90901065, 6377.56892976, 6351.55172144, 6322.79723409,
       6386.52770535, 6362.98958127, 6337.29363495, 6309.39186374,
       6279.23546585, 6246.77483494, 6455.68069999, 6430.43930582,
       6402.42448112, 6371.75780549, 6338.55705623, 6302.93634864,
                 nan,           nan,           nan,           nan,
                 nan,           nan, 6465.88015117, 6460.57578293,
       6454.76766247, 6448.45008378, 6441.61730568, 6434.26355204,
                 nan,           nan,           nan,           nan,
                 nan,           nan,           nan,           nan,
                 nan,           nan,           nan,           nan,
       6373.97985284, 6355.85982476, 6336.26066165, 6315.15913413,
       6292.53194206, 6268.3557244 , 6381.12013345, 6359.46596171,
       6335.55667165, 6309.34892192, 6280.79925847, 6249.86414621,
                 nan,           nan,           nan,           nan,
                 nan,           nan,           nan,           nan,
                 nan,           nan,           nan,           nan,
                 nan,           nan,           nan,           nan,
                 nan,           nan, -191.94860563, -195.40440657,
       -200.2432655 , -206.54610185, -214.39443625, -223.87031915,
                 nan,           nan,           nan,           nan,
                 nan,           nan,           nan,           nan,
                 nan,           nan,           nan,           nan,
       -175.1851859 , -174.81775296, -174.46571443, -174.12924922,
       -173.80853732, -173.50375974, -176.65336304, -176.72240038,
       -177.16383991, -177.99307183, -179.22574541, -180.8777757 ,
       -175.77642115, -175.68536041, -175.59501664, -175.50539171,
       -175.41648752, -175.32830595,           nan,           nan,
                 nan,           nan,           nan,           nan])
llh_GD_PWL_Renorm_Kp: array([          nan,           nan,           nan,           nan,
                 nan,           nan,           nan,           nan,
                 nan,           nan,           nan,           nan,
                 nan,           nan,           nan,           nan,
                 nan,           nan,           nan,           nan,
                 nan,           nan,           nan,           nan,
                 nan,           nan,           nan,           nan,
                 nan,           nan,           nan,           nan,
                 nan,           nan,           nan,           nan,
                 nan,           nan,           nan,           nan,
                 nan,           nan,           nan,           nan,
                 nan,           nan,           nan,           nan,
                 nan,           nan,           nan,           nan,
                 nan,           nan,           nan,           nan,
                 nan,           nan,           nan,           nan,
                 nan,           nan,           nan,           nan,
                 nan,           nan,           nan,           nan,
                 nan,           nan,           nan,           nan,
                 nan,           nan,           nan,           nan,
                 nan,           nan,           nan,           nan,
                 nan,           nan,           nan,           nan,
                 nan,           nan,           nan,           nan,
                 nan,           nan,           nan,           nan,
                 nan,           nan,           nan,           nan,
                 nan,           nan,           nan,           nan,
                 nan,           nan,           nan,           nan,
                 nan,           nan,           nan,           nan,
                 nan,           nan,           nan,           nan,
                 nan,           nan,           nan,           nan,
                 nan,           nan,           nan,           nan,
                 nan,           nan,           nan,           nan,
                 nan,           nan,           nan,           nan,
                 nan,           nan,           nan,           nan,
                 nan,           nan,           nan,           nan,
                 nan,           nan,           nan,           nan,
                 nan,           nan,           nan,           nan,
                 nan,           nan,           nan,           nan,
                 nan,           nan,           nan,           nan,
                 nan,           nan,           nan,           nan,
                 nan,           nan,           nan,           nan,
                 nan,           nan,           nan,           nan,
                 nan,           nan,           nan,           nan,
                 nan,           nan,           nan,           nan,
                 nan,           nan,           nan,           nan,
                 nan,           nan,           nan,           nan,
       6315.54635126, 6155.29117831, 5980.31251256, 5843.94761537,
       5864.75722998, 5862.51780904, 6296.1740425 , 6295.67552483,
       6294.94425008, 6294.07107869, 6293.12900226, 6292.17373546,
       6324.0083241 , 6310.25472634, 6294.78158996, 6277.72382281,
       6259.05285941, 6238.22130771, 6546.76098891, 6524.93057745,
       6484.97441613, 6430.97772589, 6366.05003657, 6292.58357447,
                 nan,           nan,           nan,           nan,
                 nan,           nan, 6410.27392305, 6413.1827105 ,
       6415.99842074, 6418.72396075, 6421.36185099, 6423.91425533,
                 nan,           nan,           nan,           nan,
                 nan,           nan,           nan,           nan,
                 nan,           nan,           nan,           nan,
       6249.98304524, 6248.77998208, 6247.53563072, 6246.27620438,
       6245.02365744, 6243.79590254, 6230.43948876, 6228.1728699 ,
       6225.81360245, 6223.42179708, 6221.04720798, 6218.7297205 ,
                 nan,           nan,           nan,           nan,
                 nan,           nan,           nan,           nan,
                 nan,           nan,           nan,           nan,
                 nan,           nan,           nan,           nan,
                 nan,           nan, -194.64038924, -201.42736577,
       -208.50334303, -215.58729633, -222.45444118, -228.9605184 ,
                 nan,           nan,           nan,           nan,
                 nan,           nan,           nan,           nan,
                 nan,           nan,           nan,           nan,
       -172.89816305, -172.93658174, -172.98081203, -173.03081617,
       -173.0865567 , -173.14799649, -176.34862139, -177.29309131,
       -178.30168919, -179.37069407, -180.50079706, -181.69649876,
       -175.19841634, -175.20486984, -175.21157145, -175.21852066,
       -175.22571697, -175.23315989,           nan,           nan,
                 nan,           nan,           nan,           nan])
max_PWL_Renorm: nan
llh_GD_QEXP: array([           nan,            nan,            nan,            nan,
                  nan,            nan,            nan,            nan,
                  nan,            nan,            nan,            nan,
                  nan,            nan,            nan,            nan,
                  nan,            nan,            nan,            nan,
                  nan,           -inf,            nan,            nan,
                  nan,            nan,            nan,            nan,
                  nan,            nan, 25937.48546963, 26488.24216869,
       24829.84618148, 25042.26164029, 25200.91358483, 24824.22914766,
       26669.15410174,            nan,            nan, 20411.30621497,
                  nan,           -inf,            nan,            nan,
                 -inf,           -inf,           -inf,            nan,
                 -inf,            nan])
llh_GD_QEXP_Renorm_a: array([           nan,            nan,            nan,            nan,
                  nan,            nan,            nan,            nan,
                  nan,            nan,            nan,            nan,
                  nan,            nan,            nan,            nan,
                  nan,            nan,            nan,            nan,
                  nan,            nan,            nan,            nan,
                  nan,            nan,            nan,            nan,
                  nan,            nan, 13803.2137122 , 13671.18709547,
       13624.50024295, 13460.82332337, 13860.58425908, 13709.51813288,
       13885.85615664,            nan,            nan, 12324.07935571,
                  nan,            nan,            nan,            nan,
                  nan,            nan,            nan,            nan,
                  nan,            nan])
lllh_GD_QEXP_Renorm_q: array([        nan,         nan,         nan,         nan,         nan,
               nan, 75.15908592,         nan,         nan,         nan,
               nan,         nan,         nan,         nan,         nan,
               nan,         nan,         nan,         nan,         nan,
       16.52312309,         nan, 31.70438347,         nan,         nan,
               nan,         nan, 28.50692236, 25.30032658,         nan,
               nan,         nan,         nan,         nan,         nan,
               nan,         nan,         nan,         nan,         nan,
               nan,         nan,         nan,         nan,         nan,
               nan,         nan,         nan,         nan,         nan])
llh_GD_QEXP_Renorm_aq: array([           nan,            nan,            nan,            nan,
                  nan,            nan,            nan,            nan,
                  nan,            nan,            nan,            nan,
                  nan,            nan,            nan,            nan,
                  nan,            nan,            nan,            nan,
                  nan,            nan,            nan,            nan,
                  nan,            nan,            nan,            nan,
                  nan,            nan,            nan,            nan,
                  nan,            nan,            nan,            nan,
          88.59341065,    95.9144259 ,    96.31171053,    88.63340232,
          72.92060433,            nan,            nan,            nan,
                  nan,            nan,            nan,            nan,
                  nan,            nan,            nan,            nan,
                  nan,            nan,            nan,            nan,
                  nan,            nan,            nan,            nan,
                  nan,            nan,            nan,            nan,
                  nan,            nan,            nan,            nan,
                  nan,            nan,            nan,            nan,
                  nan,            nan,            nan,            nan,
                  nan,            nan,            nan,            nan,
                  nan,            nan,            nan,            nan,
                  nan,            nan,            nan,            nan,
                  nan,            nan,            nan,            nan,
                  nan,            nan,            nan,            nan,
                  nan,            nan,            nan,            nan,
                  nan,            nan,            nan,            nan,
                  nan,            nan,            nan,            nan,
                  nan,            nan,            nan,            nan,
                  nan,            nan,            nan,            nan,
                  nan,            nan,            nan,            nan,
          25.57522229,    31.14895936,            nan,            nan,
                  nan,            nan,            nan,            nan,
                  nan,            nan,            nan,            nan,
                  nan,            nan,            nan,            nan,
                  nan,            nan,            nan,            nan,
                  nan,            nan,            nan,            nan,
                  nan,            nan,            nan,            nan,
                  nan,            nan,            nan,            nan,
                  nan,            nan,            nan,            nan,
                  nan,            nan,            nan,            nan,
                  nan,            nan,    31.59949874,            nan,
                  nan,            nan,            nan,            nan,
                  nan,            nan,            nan,            nan,
                  nan,            nan,            nan,            nan,
                  nan,            nan,            nan,            nan,
                  nan,            nan,            nan,            nan,
                  nan,            nan,            nan,            nan,
                  nan,            nan,            nan,            nan,
                  nan,            nan,            nan,            nan,
                  nan, 15528.91619683,            nan,            nan,
                  nan,            nan,            nan, 15483.63255825,
                  nan,            nan,            nan,            nan,
                  nan,            nan,            nan,            nan,
                  nan,            nan,            nan,            nan,
                  nan,            nan,            nan,            nan,
                  nan,            nan,            nan,            nan,
                  nan,            nan,            nan,            nan,
                  nan,            nan,            nan,            nan,
                  nan,            nan,            nan,            nan,
       18483.33134858, 17071.24477322, 15580.09583458, 13998.15099344,
                  nan,            nan,            nan,            nan,
                  nan,            nan,            nan,            nan,
                  nan,            nan,            nan,            nan,
                  nan,            nan,            nan,            nan,
                  nan,            nan,            nan,            nan,
                  nan,            nan,            nan,            nan,
                  nan,            nan,            nan,            nan,
                  nan,            nan,            nan,            nan,
                  nan,            nan,            nan,            nan,
                  nan,            nan,            nan,            nan,
                  nan,            nan,            nan,            nan,
                  nan,            nan,            nan,            nan,
                  nan,            nan,            nan,            nan,
                  nan,            nan,            nan,            nan,
                  nan,            nan,            nan,            nan])
max_QEXP_Renorm: nan
llh_GD_RAY: array([-173.0533406 , -173.82000272, -173.2890843 , -173.02234345,
       -174.72784095, -174.05257821, -175.14299187,           nan,
       -173.00586916,           nan, -165.91221762, -162.35837503,
       -165.06713559, -161.96548404, -166.65381897, -162.40475749,
       -165.78163785, -162.21717178, -162.45863158, -162.41312465,
       -189.88566091,           nan, -189.43301245, -189.43733724,
       -189.60644576, -190.37866832,           nan, -189.43271581,
       -191.75693049, -189.51960051, 6593.1187023 , 6387.62416588,
       6592.80918154, 6507.56071018,           nan, 6581.65512608,
                -inf,           nan, 6580.12804375, 6589.48525348,
       -166.32173688, -164.45907832, -164.45907829, -164.45907832,
       -164.46901161, -170.23979601, -164.45907832, -164.45915588,
       -168.97260368, -165.79675832])
llh_GD_RAY_Renorm_gamma: array([-187.51618867, -199.73413622, -191.76034265, -186.03046246,
       -213.59391835, -202.38493304, -215.04678333,           nan,
       -187.91180324,           nan, -207.28503447, -168.94383986,
       -192.33839005, -167.26284308, -249.96401007, -168.69253766,
       -207.36759869, -167.26290034, -171.72538302, -168.4651603 ,
       -205.46215677,           nan, -202.7873439 , -202.43741344,
       -205.11820878, -214.14173787,           nan, -202.81426239,
       -231.23298999, -202.40305889, 6571.55087092, 6548.50074061,
       6574.59412158, 6550.43728296,           nan, 6558.33310907,
                 nan,           nan, 6557.08883712, 6566.6437179 ,
       -178.18711479, -182.37049676, -182.37044737, -182.37164374,
       -181.91659276, -209.99759919, -182.37015776, -182.40808798,
       -204.76192169, -186.89692366])
llh_GD_RAY_Renorm_eta: array([-182.59674033, -184.11073534, -182.8641704 , -181.95147296,
       -185.70841031, -185.25625783, -184.26999262,           nan,
       -182.38118014,           nan, -168.53535307, -167.27559874,
       -169.26892252, -169.47735871, -168.18126814, -167.26685767,
       -170.52412809, -169.682117  , -168.23981548, -167.3068817 ,
       -200.05307669,           nan, -199.81794079, -199.85970437,
       -199.8350691 , -199.80208682,           nan, -199.82029693,
       -199.82820617, -199.79319067, 6572.35901365, 6536.85492854,
       6574.4064141 , 6544.92754197,           nan, 6560.80688568,
                 nan,           nan, 6559.83087651, 6567.83153724,
       -176.77681763, -178.66389545, -178.66410292, -178.66452582,
       -178.51764533, -189.20410386, -178.66378841, -178.684294  ,
       -187.53837126, -181.526851  ])
llh_GD_RAY_Renorm_gammaeta: array([-182.9847721 , -183.46801905, -184.0524396 , -184.74303195,
       -185.54513499, -186.46596648, -185.20295084, -186.55551875,
       -188.20309401, -190.20830087, -192.67946723, -195.78336436,
       -183.494854  , -184.30664675, -185.3116937 , -186.52514037,
       -187.97177105, -189.69368785, -182.15618267, -182.46542378,
       -182.89387575, -183.45487127, -184.15877352, -185.01407387,
       -187.3953556 , -189.50150061, -192.15676033, -195.58282769,
       -200.08541484, -205.99216614, -186.5168485 , -188.03156018,
       -189.84884213, -192.05011605, -194.76029322, -198.1443521 ,
       -185.8462262 , -187.91884717, -190.61605518, -194.20313367,
       -199.12276715, -205.90892205,           nan,           nan,
                 nan,           nan,           nan,           nan,
       -182.7636797 , -183.26643666, -183.89954195, -184.67090655,
       -185.58844276, -186.66305937,           nan,           nan,
                 nan,           nan,           nan,           nan,
       -169.47615798, -170.91519757, -173.44938377, -177.87462386,
       -184.87528757, -194.68880411, -167.36177187, -167.51470207,
       -167.72156083, -167.97242961, -168.26045031, -168.58300367,
       -170.12914258, -171.37210419, -173.25312856, -176.06725358,
       -180.0902632 , -185.5003538 , -168.85933608, -168.33739953,
       -167.92006099, -167.60981468, -167.40309363, -167.29132715,
       -169.40367779, -171.60374185, -176.4735488 , -186.04056594,
       -201.08926627, -221.80267174, -167.3288557 , -167.45299419,
       -167.62797655, -167.84478305, -168.09659563, -168.37926621,
       -172.05647664, -174.42595249, -177.97401677, -182.97517116,
       -189.54829441, -197.68050139, -169.01089727, -168.4410583 ,
       -167.98376957, -167.64323289, -167.41637777, -167.29397408,
       -168.54428722, -168.88274418, -169.26482717, -169.70865687,
       -170.24146673, -170.89923344, -167.26249024, -167.31304397,
       -167.44043229, -167.62954244, -167.86850925, -168.14862886,
       -200.33155604, -200.73548739, -201.28559653, -202.00511348,
       -202.92053921, -204.06189595,           nan,           nan,
                 nan,           nan,           nan,           nan,
       -199.77916625, -199.82782351, -200.00361342, -200.34524979,
       -200.89254172, -201.68947914, -199.7898916 , -199.79207151,
       -199.91094862, -200.18966567, -200.67142714, -201.40277906,
       -199.9995872 , -200.30335086, -200.77700674, -201.45394046,
       -202.37237377, -203.57685635, -200.04103768, -200.63334077,
       -201.70134881, -203.39258449, -205.890919  , -209.40482682,
                 nan,           nan,           nan,           nan,
                 nan,           nan, -199.77924263, -199.82592912,
       -200.0010347 , -200.34420013, -200.89617018, -201.7019955 ,
       -200.2922005 , -201.4613117 , -203.64255716, -207.23867056,
       -212.71084649, -220.52122363, -199.78336983, -199.85370849,
       -200.03222317, -200.34647104, -200.82488138, -201.49855081,
       6572.24991721, 6572.13867602, 6572.02530711, 6571.90982682,
       6571.79225082, 6571.67259409, 6538.69384407, 6540.47217416,
       6542.19118544, 6543.8521841 , 6545.45651574, 6547.00556294,
       6574.43960208, 6574.47064051, 6574.49954451, 6574.52632931,
       6574.55101018, 6574.57360247, 6545.75932824, 6546.57587416,
       6547.37738592, 6548.16407186, 6548.93614211, 6549.69380827,
                 nan,           nan,           nan,           nan,
                 nan,           nan, 6560.46678527, 6560.12232184,
       6559.77345498, 6559.42014321, 6559.06234407, 6558.70001414,
                 nan,           nan,           nan,           nan,
                 nan,           nan,           nan,           nan,
                 nan,           nan,           nan,           nan,
       6559.45472086, 6559.07346675, 6558.68706157, 6558.29545153,
       6557.89858167, 6557.49639591, 6567.66706392, 6567.50085589,
       6567.33291132, 6567.163228  , 6566.99180336, 6566.81863443,
       -176.88231321, -177.02036866, -177.19025016, -177.39156173,
       -177.62431506, -177.88906464, -179.03183815, -179.44146622,
       -179.89899514, -180.41189708, -180.98866587, -181.63843682,
       -179.03203235, -179.44164207, -179.89914639, -180.41201582,
       -180.98874201, -181.63845779, -179.0325208 , -179.44220696,
       -179.89980122, -180.41277668, -180.98962735, -181.63948792,
       -178.85992133, -179.23953315, -179.66165894, -180.13266439,
       -180.65996297, -181.25174484, -191.47087379, -193.98273522,
       -196.7324603 , -199.71335337, -202.92030606, -206.34951259,
       -179.03171194, -179.44131749, -179.89881973, -180.41169003,
       -180.98842141, -181.63814854, -179.05396216, -179.46551303,
       -179.9252093 , -180.44055439, -181.02005062, -181.67281492,
       -189.40238588, -191.47300299, -193.74607343, -196.21614787,
       -198.87805264, -201.72767385, -182.10123452, -182.73333892,
       -183.42765368, -184.18817665, -185.01827212, -185.92057136])
max_RAY_Renorm: nan
llh_GD_GSS: array([          nan,           nan,          -inf,           nan,
       -173.40214065,           nan,           nan,          -inf,
                -inf,           nan, -161.74514313,           nan,
                 nan,           nan,           nan,           nan,
                 nan,           nan,           nan,           nan,
       -188.0395822 , -187.02044632,           nan,           nan,
                -inf,           nan,           nan, -188.64893116,
                -inf,          -inf, 6598.326306  , 6597.99588316,
       6597.77153767,           nan, 6598.28367069,          -inf,
       6598.35769524,           nan, 6597.75629521,           nan,
       -163.6137804 , -164.6690909 , -163.76989179, -163.77837152,
       -163.63392988, -167.98165703,          -inf, -163.73881669,
                -inf, -163.59989273])
llh_GD_GSS_Renorm_kappa: array([          nan,           nan,           nan,           nan,
       -192.55431092,           nan,           nan,           nan,
                 nan,           nan, -172.54552261,           nan,
                 nan,           nan,           nan,           nan,
                 nan,           nan,           nan,           nan,
       -205.06957815, -209.92096119,           nan,           nan,
                 nan,           nan,           nan, -206.76094182,
                 nan,           nan, 6572.63748978, 6572.89783935,
       6572.35667907,           nan, 6572.59183934,           nan,
       6572.48475307,           nan, 6573.13116935,           nan,
       -182.71454042, -193.18435886, -185.57077063, -179.87828047,
       -180.45283265, -189.07368927,           nan, -180.37082578,
                 nan, -181.34954032])
llh_GD_GSS_Renorm_tau: array([          nan,           nan,           nan,           nan,
       -298.62153577,           nan,           nan,           nan,
                 nan,           nan, -259.45445479,           nan,
                 nan,           nan,           nan,           nan,
                 nan,           nan,           nan,           nan,
       -271.16089216, -285.87788244,           nan,           nan,
                 nan,           nan,           nan, -345.34202068,
                 nan,           nan, 6572.92531283, 6573.28035966,
       6573.07894553,           nan, 6572.92508763,           nan,
       6572.78647807,           nan, 6573.43773765,           nan,
       -237.93317769, -252.72775769, -242.90480599, -234.27552221,
       -235.73982084, -182.81646423,           nan, -234.52587023,
                 nan, -234.9285016 ])
llh_GD_GSS_Renorm_kappatau: array([          nan,           nan,           nan,           nan,
                 nan,           nan,           nan,           nan,
                 nan,           nan,           nan,           nan,
                 nan,           nan,           nan,           nan,
                 nan,           nan,           nan,           nan,
                 nan,           nan,           nan,           nan,
       -293.83776218, -241.13198797, -225.1040378 , -211.54354009,
       -201.09343456, -194.48546104,           nan,           nan,
                 nan,           nan,           nan,           nan,
                 nan,           nan,           nan,           nan,
                 nan,           nan,           nan,           nan,
                 nan,           nan,           nan,           nan,
                 nan,           nan,           nan,           nan,
                 nan,           nan,           nan,           nan,
                 nan,           nan,           nan,           nan,
       -274.98153774, -214.29567152, -200.77094355, -189.37855159,
       -180.54849328, -174.7594895 ,           nan,           nan,
                 nan,           nan,           nan,           nan,
                 nan,           nan,           nan,           nan,
                 nan,           nan,           nan,           nan,
                 nan,           nan,           nan,           nan,
                 nan,           nan,           nan,           nan,
                 nan,           nan,           nan,           nan,
                 nan,           nan,           nan,           nan,
                 nan,           nan,           nan,           nan,
                 nan,           nan,           nan,           nan,
                 nan,           nan,           nan,           nan,
                 nan,           nan,           nan,           nan,
                 nan,           nan,           nan,           nan,
                 nan,           nan,           nan,           nan,
       -258.4096615 , -225.59962417, -218.29762484, -212.36727056,
       -208.02419009, -205.50497935, -280.39757008, -237.59794562,
       -227.72074534, -219.6325542 , -213.69329434, -210.30564353,
                 nan,           nan,           nan,           nan,
                 nan,           nan,           nan,           nan,
                 nan,           nan,           nan,           nan,
                 nan,           nan,           nan,           nan,
                 nan,           nan,           nan,           nan,
                 nan,           nan,           nan,           nan,
                 nan,           nan,           nan,           nan,
                 nan,           nan, -313.12232158, -275.34804386,
       -253.54061801, -234.44940822, -219.28144181, -209.47690398,
                 nan,           nan,           nan,           nan,
                 nan,           nan,           nan,           nan,
                 nan,           nan,           nan,           nan,
       6574.22326131, 6573.74247444, 6573.14749825, 6572.55422633,
       6572.02551489, 6571.5914988 , 6573.34672109, 6573.08200189,
       6572.82333726, 6572.57290026, 6572.33156484, 6572.09913582,
       6572.62892675, 6572.32275371, 6572.02036289, 6571.72213698,
       6571.42753299, 6571.13522688,           nan,           nan,
                 nan,           nan,           nan,           nan,
       6573.94343806, 6573.52279026, 6573.08774875, 6572.68130234,
       6572.32727554, 6572.03668058,           nan,           nan,
                 nan,           nan,           nan,           nan,
       6571.98254154, 6573.60606324, 6570.94956365, 6568.87246395,
       6567.72352555, 6567.29613894,           nan,           nan,
                 nan,           nan,           nan,           nan,
       6573.07677531, 6572.85592682, 6572.64221025, 6572.43519409,
       6572.23364315, 6572.03565874,           nan,           nan,
                 nan,           nan,           nan,           nan,
       -253.04379112, -233.17768706, -184.74884421, -183.34169369,
       -182.50308312, -182.27810034, -278.59430116, -199.25225061,
       -196.04931549, -193.73605026, -192.41325372, -192.18999083,
       -261.8898164 , -232.5249074 , -188.05608958, -186.29899176,
       -185.25523367, -184.98946809, -253.00633915, -234.4030945 ,
       -181.39658329, -180.36395779, -179.74805998, -179.57650119,
       -251.29476442, -230.71632935, -182.65243304, -181.25973423,
       -180.40116284, -180.117733  , -184.02031136, -185.53303112,
       -187.13636287, -188.55640048, -189.49409262, -189.73430013,
                 nan,           nan,           nan,           nan,
                 nan,           nan, -250.07538301, -233.42732217,
       -208.91223858, -180.8074693 , -180.20155467, -180.04614335,
                 nan,           nan,           nan,           nan,
                 nan,           nan, -250.86331416, -230.03752695,
       -183.53824921, -182.1126865 , -181.24317796, -180.97338103])
max_GSS_Renorm: nan
