llh_GD_EXP: array([  -84.34007422,   -83.85916064,   -83.85689856,   -83.85878   ,
         -88.36807437,   -83.8596637 ,   -84.65567378,  -198.31617158,
         -83.85606911,   -80.54656517,   -79.79982996,   -76.28461438,
         -77.49222364,   -79.52293277,   -64.98273464,   -78.28184512,
         -77.80740993,   -64.32993216,   -76.13455533,   -79.80738249,
         -90.68983327,   -88.06560967,   -90.4038457 ,   -83.24809221,
         -88.45983325,   -90.17860641,   -83.61508234,   -85.42684904,
         -85.70040219,   -86.02351149,   470.66896435,   470.11548165,
         470.66749973,   470.66504227,   470.6632156 ,   470.66665331,
         470.66755393,   470.54681455, -1312.92154198,   470.66352702,
          85.77421511,    86.36836859,    86.36799466,    86.36453559,
          86.36787783,    86.36300388,    86.36831881,    86.36717069,
          86.13869075,    85.21592804])
llh_GD_EXP_Renorm_alpha: array([   -87.11169194,    -86.72585908,    -86.71534198,    -86.71554695,
         -110.28656182,    -86.72685804,    -87.44635778,  -2677.15604532,
          -86.71601192,  -2917.01800654,    -87.22174902,  -5930.00939542,
        -6001.78655246,  -6165.32751014,  -3466.15620699,  -6035.53958111,
        -5930.04311303,  -1812.79838081,  -5864.24192243,    -87.25940951,
        -5228.35046246,   -158.27504886,  -5228.35046246,  -5129.98424541,
        -5228.35046246,   -104.24578605,  -5163.02825587,  -5228.35046246,
        -5228.35046246,  -5228.35046246,    469.8840511 ,    469.9354586 ,
          469.9104653 ,    469.91635855,    469.90283803,    469.90898196,
          469.90604212,    469.96831923, -14540.13683295,    469.92900495,
           84.27908569,     83.82509553,     83.82051336,     83.85816543,
           83.83228099,     83.70676273,     83.82693917,     83.81251652,
           84.2518286 ,     80.3695185 ])
llh_GD_EXP_Renorm_beta: array([   -88.36885786,    -87.69851265,    -87.90296658,    -87.77828511,
          -88.81171242,    -87.74988846,    -88.51532174,  -3996.15680813,
          -87.74661136,  -5211.1362378 ,   -104.69590412,  -6165.32751014,
        -6165.32751014,  -6132.26568554,  -5801.6462615 ,  -6165.32751014,
        -6165.32751014,  -5395.28804848,  -6165.32751014,   -102.73221107,
        -5163.64355371,   -134.56131151,  -5228.35046246,  -5228.35046246,
        -5228.35046246,   -133.41694933,  -5228.35046246,  -5228.35046246,
        -5228.35046246,  -5228.35046246,    469.96223282,    469.95216182,
          469.96805741,    469.96716709,    469.96297007,    469.96585599,
          469.96691856,    469.88999814, -15034.1940016 ,    469.96851343,
           84.3153586 ,     84.25821689,     84.25118597,     84.25498637,
           84.26557522,     84.22683601,     84.26376602,     84.26413357,
           84.3453878 ,     81.84028339])
llh_GD_EXP_Renorm_alphabeta: array([   -87.73544339,    -87.25793609,    -86.9313582 ,    -86.75274088,
          -86.72150599,    -86.83963311,    -87.4114855 ,    -87.17474189,
          -86.98748149,    -86.84913711,    -86.75939807,    -86.71822527,
          -87.58667937,    -87.32041262,    -87.10325817,    -86.93451386,
          -86.81371167,    -86.74063731,    -87.49828732,    -87.26189373,
          -87.06840258,    -86.91727676,    -86.80816269,    -86.74090348,
          -87.14291516,    -86.73233012,    -87.58431669,    -89.87919615,
          -93.98748573,   -100.50702877,    -87.44720711,    -87.19774593,
          -87.00060858,    -86.85515504,    -86.76102949,    -86.718178  ,
          -87.76747947,    -87.22394471,    -86.87735027,    -86.72381309,
          -86.76361222,    -87.00142879,  -3773.91469594,  -3664.09980329,
        -3525.84073352,  -3295.57123028,  -3032.00292283,  -2821.69283741,
          -87.46483612,    -87.2288029 ,    -87.03777928,    -86.89121853,
          -86.78877987,    -86.73034215,  -5079.96458935,  -4945.85048563,
        -4482.51102131,  -4103.54514308,  -3766.35794672,  -3427.34921623,
          -98.49123898,    -93.95853173,    -90.79808728,    -88.74364209,
          -87.57277664,    -87.10652538,  -6165.32751014,  -6137.55542203,
        -6101.92877471,  -6034.90413829,  -6031.59184482,  -5934.46162014,
        -6165.32751014,  -6165.32751014,  -6165.32751014,  -6165.32751014,
        -6132.88067819,  -6036.71862603,  -6132.99206865,  -6165.32751014,
        -6165.32751014,  -6165.32751014,  -6165.32751014,  -6165.32751014,
        -5535.26526871,  -5330.01154466,  -5123.84108258,  -4758.76466089,
        -4257.99007831,  -3906.87495012,  -6165.32751014,  -6165.32751014,
        -6165.32751014,  -6165.32751014,  -6165.32751014,  -6132.61052571,
        -6165.32751014,  -6165.32751014,  -6165.32751014,  -6165.32751014,
        -6068.4431583 ,  -5999.45739554,  -5092.3890047 ,  -4654.48133649,
        -4043.66607239,  -3532.45015167,  -2947.96881074,  -2306.73933583,
        -6135.67381015,  -6102.59706854,  -6035.78426262,  -6031.9300673 ,
        -5966.1911509 ,  -5930.82457961,    -97.17198418,    -93.11794842,
          -90.29932766,    -88.48012378,    -87.46329534,    -87.09134731,
        -5195.32156718,  -5195.80864935,  -5197.24082406,  -5228.35046246,
        -5228.35046246,  -5228.35046246,   -137.64971101,   -140.84896195,
         -144.15299231,   -147.55510401,   -151.04804297,   -154.62407253,
        -5228.35046246,  -5228.35046246,  -5228.35046246,  -5228.35046246,
        -5228.35046246,  -5228.35046246,  -5197.04894458,  -5165.97044354,
        -5163.7057434 ,  -5162.83877951,  -5162.28720723,  -5161.88931405,
        -5228.35046246,  -5228.35046246,  -5228.35046246,  -5228.35046246,
        -5228.35046246,  -5228.35046246,   -127.75740719,   -122.587472  ,
         -117.9245748 ,   -113.77294332,   -110.12405948,   -106.95803194,
        -5228.35046246,  -5228.35046246,  -5228.35046246,  -5228.35046246,
        -5197.14434163,  -5164.77358496,  -5228.35046246,  -5228.35046246,
        -5228.35046246,  -5228.35046246,  -5228.35046246,  -5228.35046246,
        -5228.35046246,  -5228.35046246,  -5228.35046246,  -5228.35046246,
        -5228.35046246,  -5228.35046246,  -5228.35046246,  -5228.35046246,
        -5228.35046246,  -5228.35046246,  -5228.35046246,  -5228.35046246,
          469.95654252,    469.94903207,    469.9396979 ,    469.92853637,
          469.91554385,    469.90071666,    469.95013049,    469.94798079,
          469.94571276,    469.94332647,    469.94082198,    469.93819933,
          469.96571462,    469.96141696,    469.95516044,    469.94694105,
          469.93675478,    469.92459756,    469.96440178,    469.96014325,
          469.95438882,    469.94713584,    469.9383816 ,    469.92812341,
          469.95843169,    469.9525465 ,    469.94531222,    469.93672656,
          469.92678719,    469.91549179,    469.96226538,    469.95716788,
          469.95056079,    469.94244139,    469.93280695,    469.92165473,
          469.96361817,    469.9585249 ,    469.95163525,    469.9429457 ,
          469.93245272,    469.92015272,    469.91178794,    469.93005973,
          469.94480416,    469.95601184,    469.96367329,    469.96777897,
       -14928.26769233, -14857.40080343, -14785.32508711, -14716.43958611,
       -14708.94117895, -14638.78679435,    469.96748304,    469.96491937,
          469.96081967,    469.95518117,    469.94800109,    469.93927662,
           84.31081303,     84.30605569,     84.30108639,     84.29590494,
           84.29051113,     84.28490478,     84.21717761,     84.16924412,
           84.11438449,     84.05256821,     83.98376616,     83.90795067,
           84.20973607,     84.16164233,     84.1068748 ,     84.04540481,
           83.97720502,     83.90224943,     84.2163983 ,     84.17181805,
           84.12121974,     84.06457854,     84.00187069,     83.93307352,
           84.22519175,     84.17769018,     84.12303674,     84.06119912,
           83.99214654,     83.91584973,     84.1766944 ,     84.11856152,
           84.05239932,     83.97817163,     83.89584419,     83.80538468,
           84.22295814,     84.17500556,     84.11987441,     84.05753228,
           83.98794832,     83.9110932 ,     84.2222989 ,     84.17296146,
           84.11608483,     84.05163426,     83.97957665,     83.89988062,
           84.33706414,     84.32706736,     84.31539288,     84.30203616,
           84.28699277,     84.27025835,     81.65103136,     81.45482691,
           81.25166895,     81.04155748,     80.82449363,     80.60047958])
max_EXP_Renorm: 469.96851342771964
llh_GD_PWL: array([-86.56163255, -87.10949529, -81.410722  , -86.62650627,
       -86.41720875, -85.22758537, -81.67397721, -86.8318266 ,
       -87.26100412, -86.54329998, -67.6737598 , -68.43758595,
       -79.94643844, -79.95342451, -73.49652833, -75.51038582,
       -77.11683389, -73.4397118 , -74.47578064, -73.72376414,
       -88.71001523, -83.61924111, -82.01402056, -86.02052788,
       -80.52398284, -80.08565169, -75.48235429, -85.44645736,
       -79.19461176, -81.24697352, 465.9742052 , 462.76923502,
       439.8136382 , 466.87402504, 456.69702375, 449.72114231,
       461.02389496, 460.33738823, 447.76629426, 420.19085975,
        80.98952833,  83.80651847,  83.85922433,  82.28302367,
        81.89290656,  84.04512721,  72.27442305,  84.37134512,
        77.95522251,  78.7450748 ])
llh_GD_PWL_Renorm_K: array([-5444.57261595,  -937.57372603, -1040.10843173,  -765.41013914,
        -303.7165162 , -1618.0134037 ,  -580.68745163,  -124.22774919,
       -2370.58411901,  -196.13445959, -3272.78651239, -6165.32751014,
       -6165.32751014, -6165.32751014, -6102.07209206, -5840.46533592,
       -6165.32751014, -2978.20487046, -1871.73847065, -6165.32751014,
       -1929.95245045, -5228.35046246, -2033.97049418, -4645.55227808,
       -5228.35046246, -4634.76338903, -1229.71753903, -5069.95834847,
       -3189.57752091, -4671.19656223,   462.42119599,   242.8371286 ,
         442.79612576,   437.42787478,   257.36131892, -2423.64919294,
          59.6605268 ,   463.99929272,   -92.12229516,   450.60901802,
          60.26764791,    75.57053786,    73.15674421,    54.76589961,
          10.58423893,    47.67821829, -2253.97941142,    43.94423791,
         -33.1736303 ,    77.65178094])
llh_GD_PWL_Renorm_c: array([-4.99248484e+03, -1.30376237e+02, -1.55338081e+03, -1.13331668e+02,
       -1.03661000e+02, -1.98774383e+03, -6.72703916e+02, -1.15845098e+02,
       -1.43338740e+02, -9.27700422e+01, -3.89671677e+03, -5.81144132e+03,
       -4.24283365e+03, -4.93994253e+02, -6.00137517e+03, -6.00090202e+03,
       -5.97230759e+03, -3.70612868e+03, -3.07597739e+03, -5.57816305e+03,
       -1.16866337e+02, -5.22835046e+03, -3.24844897e+03, -4.77594139e+03,
       -5.03370083e+03, -4.84336057e+03, -2.13473733e+03, -5.13298777e+03,
       -3.75654964e+03, -4.70346782e+03,  4.64595726e+02,  3.49773772e+02,
        4.42538693e+02,  4.56327880e+02,  4.37466686e+02,  3.26196590e+02,
        1.93828861e+02,  4.63936726e+02,  3.36255953e+01,  4.51056250e+02,
        7.37567297e+01,  7.99734609e+01,  7.89072871e+01,  7.52637839e+01,
        6.98040377e+01,  6.82075134e+01,  3.08558539e+00,  6.57186205e+01,
        1.80664469e+01,  7.39438693e+01])
lllh_GD_PWL_Renorm_p: array([-5.37841820e+03, -1.06497361e+02, -4.01208178e+03, -9.70171806e+01,
       -9.63059022e+01, -3.44819914e+03, -5.44457262e+03, -1.00198958e+02,
       -1.27553842e+02, -9.60409127e+01, -5.22275807e+03, -6.06579443e+03,
       -4.17171084e+03, -3.72878538e+02, -6.16532751e+03, -5.47614120e+03,
       -6.06585838e+03, -1.85530430e+03, -9.34245311e+02, -6.06684689e+03,
       -1.87882223e+02, -5.22835046e+03, -1.70078053e+03, -4.60405682e+03,
       -5.22835046e+03, -4.21415969e+03, -5.22835046e+03, -5.03630557e+03,
       -4.71041944e+03, -4.63344869e+03,  4.56471712e+02,  3.79136026e+02,
        4.40951803e+02,  4.47618110e+02,  4.00588406e+02,  4.14384933e+02,
        6.73325017e+01,  4.64791737e+02, -2.43106880e+09,  4.55106243e+02,
        7.51779274e+01,  7.46202822e+01,  7.15927289e+01,  6.65350084e+01,
        5.29481236e+01,  3.74379766e+01,  6.20927884e+01,  3.93062657e+01,
        4.75876870e+01,  7.90632346e+01])
llh_GD_PWL_Renorm_Kc: array([-5.21787733e+03, -5.35148356e+03, -5.44457262e+03, -5.44457262e+03,
       -5.44457262e+03, -5.44457262e+03, -3.98005345e+02, -4.43707568e+02,
       -5.08655949e+02, -5.94860035e+02, -7.01534687e+02, -8.21600537e+02,
       -1.84943887e+03, -1.68445337e+03, -1.51601902e+03, -1.35129515e+03,
       -1.24791687e+03, -1.17442571e+03, -3.57774109e+02, -3.97803755e+02,
       -4.52864050e+02, -5.23031633e+02, -6.05079612e+02, -6.90685593e+02,
       -1.48098629e+02, -1.56349335e+02, -1.72083695e+02, -1.95380110e+02,
       -2.25838372e+02, -2.62495533e+02, -2.05859141e+03, -2.02184857e+03,
       -1.92360283e+03, -1.88661612e+03, -1.75790278e+03, -1.62717581e+03,
       -1.18423506e+03, -1.04262926e+03, -8.72557785e+02, -7.68406844e+02,
       -6.32222926e+02, -5.88100448e+02, -1.04286872e+02, -9.87853332e+01,
       -9.64137753e+01, -9.75017047e+01, -1.02343103e+02, -1.11188055e+02,
       -9.51468207e+02, -1.16989720e+03, -1.44961481e+03, -1.78092900e+03,
       -2.12463171e+03, -2.38676240e+03, -1.09878204e+02, -1.16629355e+02,
       -1.26841142e+02, -1.40323926e+02, -1.56740370e+02, -1.75579873e+02,
       -3.89480406e+03, -3.79951495e+03, -3.73144229e+03, -3.60708308e+03,
       -3.50108640e+03, -3.43112203e+03, -6.03714614e+03, -6.13354286e+03,
       -6.16532751e+03, -6.16532751e+03, -6.16532751e+03, -6.16532751e+03,
       -5.83546206e+03, -6.10318621e+03, -6.16532751e+03, -6.16532751e+03,
       -6.16532751e+03, -6.16532751e+03, -1.94651639e+03, -5.61041948e+03,
       -6.10206716e+03, -6.16532751e+03, -6.16532751e+03, -6.16532751e+03,
       -6.00251386e+03, -6.00454324e+03, -6.06713631e+03, -6.06779701e+03,
       -6.06872965e+03, -6.07038654e+03, -5.94155853e+03, -5.93846792e+03,
       -5.93705664e+03, -5.93607997e+03, -5.84826093e+03, -5.84265120e+03,
       -6.13352265e+03, -6.16532751e+03, -6.16532751e+03, -6.16532751e+03,
       -6.16532751e+03, -6.16532751e+03, -3.80981543e+03, -3.70703958e+03,
       -3.60645481e+03, -3.50472138e+03, -3.28202757e+03, -3.14273391e+03,
       -3.47154648e+03, -3.18101838e+03, -2.94768521e+03, -2.70921321e+03,
       -2.44109844e+03, -2.08627756e+03, -5.77654764e+03, -5.96922977e+03,
       -6.00324012e+03, -6.06783469e+03, -6.10185027e+03, -6.16532751e+03,
       -1.38011742e+02, -1.04041242e+02, -1.12107625e+02, -2.04202931e+02,
       -4.48480293e+02, -9.59142042e+02, -5.22835046e+03, -5.22835046e+03,
       -5.22835046e+03, -5.22835046e+03, -5.22835046e+03, -5.22835046e+03,
       -3.82596775e+03, -3.47111628e+03, -3.19686368e+03, -2.96056871e+03,
       -2.69681773e+03, -2.33439302e+03, -4.77581925e+03, -4.74401235e+03,
       -4.71438061e+03, -4.70927434e+03, -4.70716111e+03, -4.70553892e+03,
       -5.03564957e+03, -5.06744578e+03, -5.06972504e+03, -5.10288641e+03,
       -5.13393669e+03, -5.13747388e+03, -4.81164417e+03, -4.77976621e+03,
       -4.70952495e+03, -4.70504991e+03, -4.67165775e+03, -4.63860221e+03,
       -2.43036052e+03, -2.29122102e+03, -1.97590672e+03, -1.79591626e+03,
       -1.62777690e+03, -1.51269085e+03, -5.13284954e+03, -5.10441916e+03,
       -5.10243178e+03, -5.10160826e+03, -5.10103220e+03, -5.07109749e+03,
       -3.70085511e+03, -3.65398301e+03, -3.55513082e+03, -3.51529086e+03,
       -3.41895360e+03, -3.25958171e+03, -4.70327280e+03, -4.67553540e+03,
       -4.67361197e+03, -4.67276556e+03, -4.67214985e+03, -4.67164134e+03,
        4.64377626e+02,  4.64094355e+02,  4.63793797e+02,  4.63476078e+02,
        4.63141322e+02,  4.62789654e+02,  3.72427235e+02,  3.52937894e+02,
        3.32404389e+02,  3.10984813e+02,  2.88826738e+02,  2.66067954e+02,
        4.42591137e+02,  4.42648492e+02,  4.42696627e+02,  4.42735500e+02,
        4.42765069e+02,  4.42785292e+02,  4.55685538e+02,  4.53201380e+02,
        4.50484157e+02,  4.47541142e+02,  4.44379459e+02,  4.41006089e+02,
        4.02578045e+02,  3.85739259e+02,  3.66129412e+02,  3.43619554e+02,
        3.18077979e+02,  2.89370589e+02, -5.21059206e+02, -7.19642230e+02,
       -9.67095177e+02, -1.26458285e+03, -1.61044354e+03, -1.99976691e+03,
        2.70806630e+02,  2.36271065e+02,  2.01040865e+02,  1.65466670e+02,
        1.29863054e+02,  9.45111099e+01,  4.63948777e+02,  4.63961297e+02,
        4.63972181e+02,  4.63981426e+02,  4.63989028e+02,  4.63994985e+02,
        1.65002027e+02,  1.19342838e+02,  7.42114336e+01,  3.01124784e+01,
       -1.25298842e+01, -5.33671479e+01,  4.51244573e+02,  4.51295374e+02,
        4.51282470e+02,  4.51206626e+02,  4.51068601e+02,  4.50869149e+02,
        7.31406726e+01,  7.13124662e+01,  6.93503747e+01,  6.72597371e+01,
        6.50457381e+01,  6.27134122e+01,  7.97178025e+01,  7.91302795e+01,
        7.85002098e+01,  7.78284053e+01,  7.71156669e+01,  7.63627847e+01,
        7.86282210e+01,  7.78507113e+01,  7.70177963e+01,  7.61307240e+01,
        7.51907223e+01,  7.41989994e+01,  7.16884980e+01,  6.98657574e+01,
        6.76631587e+01,  6.50665597e+01,  6.20614569e+01,  5.86329823e+01,
        5.80353953e+01,  5.28020169e+01,  4.65672101e+01,  3.92806250e+01,
        3.08904043e+01,  2.13432073e+01,  6.89023175e+01,  6.58936798e+01,
        6.26566236e+01,  5.92042318e+01,  5.55490692e+01,  5.17032023e+01,
       -7.04502074e+02, -8.58961839e+02, -1.05365166e+03, -1.29251955e+03,
       -1.57664536e+03, -1.90154245e+03,  6.69528458e+01,  6.36832893e+01,
        6.01683853e+01,  5.64230368e+01,  5.24615295e+01,  4.82975556e+01,
        2.94015177e+01,  1.98328756e+01,  9.83834242e+00, -5.17221750e-01,
       -1.11739465e+01, -2.20764915e+01,  7.46210585e+01,  7.52571142e+01,
        7.58422166e+01,  7.63753122e+01,  7.68553317e+01,  7.72811889e+01])
llh_GD_PWL_Renorm_Kp: array([-5.37987293e+03, -5.41250859e+03, -5.44457262e+03, -5.44457262e+03,
       -5.44457262e+03, -5.44457262e+03, -9.36287707e+01, -1.03398095e+02,
       -1.48549824e+02, -2.44516596e+02, -4.06615734e+02, -6.42340335e+02,
       -3.11159921e+03, -2.59443901e+03, -2.18965145e+03, -1.65074206e+03,
       -1.50159107e+03, -1.42160009e+03, -9.50198256e+01, -1.14697000e+02,
       -1.64528327e+02, -2.52909271e+02, -3.85431402e+02, -5.60573059e+02,
       -9.43159689e+01, -1.03507587e+02, -1.25164435e+02, -1.59066573e+02,
       -2.03026415e+02, -2.52960940e+02, -3.10375860e+03, -2.82751377e+03,
       -2.61285312e+03, -2.37597250e+03, -2.14525051e+03, -1.93591760e+03,
       -5.44457262e+03, -5.37953944e+03, -3.26967578e+03, -1.97183284e+03,
       -1.05330891e+03, -6.65930646e+02, -9.39849563e+01, -9.24493139e+01,
       -9.50503515e+01, -1.00758936e+02, -1.08296889e+02, -1.16433845e+02,
       -9.81953926e+01, -9.97068877e+01, -1.62737711e+02, -3.36755909e+02,
       -6.97744404e+02, -1.34662719e+03, -9.90829244e+01, -1.07273604e+02,
       -1.20068621e+02, -1.36543938e+02, -1.55528898e+02, -1.75777707e+02,
       -4.98443468e+03, -4.84807318e+03, -4.55938111e+03, -4.59495409e+03,
       -4.98508862e+03, -5.12348279e+03, -6.06970750e+03, -6.16532751e+03,
       -6.16532751e+03, -6.16532751e+03, -6.16532751e+03, -6.16532751e+03,
       -5.64266639e+03, -6.03531269e+03, -6.13298132e+03, -6.16532751e+03,
       -6.16532751e+03, -6.16532751e+03, -4.90608526e+02, -5.14821014e+03,
       -6.06581238e+03, -6.16532751e+03, -6.16532751e+03, -6.16532751e+03,
       -6.16532751e+03, -6.16532751e+03, -6.16532751e+03, -6.16532751e+03,
       -6.16532751e+03, -6.16532751e+03, -5.51268638e+03, -5.57602319e+03,
       -5.61122989e+03, -5.64695193e+03, -5.68705386e+03, -5.77850826e+03,
       -6.13351282e+03, -6.16532751e+03, -6.16532751e+03, -6.16532751e+03,
       -6.16532751e+03, -6.16532751e+03, -1.93611076e+03, -2.02574144e+03,
       -2.28993963e+03, -2.43543189e+03, -2.66728409e+03, -2.77645456e+03,
       -1.04940659e+03, -1.19762430e+03, -1.25986782e+03, -1.53001890e+03,
       -1.70364971e+03, -1.78929715e+03, -6.06934824e+03, -6.13347208e+03,
       -6.16532751e+03, -6.16532751e+03, -6.16532751e+03, -6.16532751e+03,
       -1.51151781e+02, -1.17210162e+02, -9.70430578e+01, -1.12599353e+02,
       -2.16682801e+02, -5.73563497e+02, -5.22835046e+03, -5.22835046e+03,
       -5.22835046e+03, -5.22835046e+03, -5.22835046e+03, -5.22835046e+03,
       -1.82654477e+03, -1.80711952e+03, -1.84609359e+03, -1.94245958e+03,
       -1.95253550e+03, -2.04941958e+03, -4.60575533e+03, -4.63650933e+03,
       -4.63767836e+03, -4.63900313e+03, -4.64055713e+03, -4.64251259e+03,
       -5.22835046e+03, -5.22835046e+03, -5.22835046e+03, -5.22835046e+03,
       -5.22835046e+03, -5.22835046e+03, -3.78619103e+03, -3.60526027e+03,
       -3.36983716e+03, -3.13440318e+03, -3.75473402e+03, -4.35000752e+03,
       -5.22835046e+03, -5.09918613e+03, -4.57680569e+03, -3.27723007e+03,
       -2.42893021e+03, -1.77997886e+03, -5.03771007e+03, -5.06718775e+03,
       -5.06759156e+03, -5.06804463e+03, -5.06856455e+03, -5.06918186e+03,
       -4.63876549e+03, -4.56997913e+03, -4.25317073e+03, -3.98527506e+03,
       -3.65723613e+03, -3.45343720e+03, -4.63279980e+03, -4.63221431e+03,
       -4.63167727e+03, -4.60186529e+03, -4.60044609e+03, -4.63602793e+03,
        4.59087586e+02,  4.60883184e+02,  4.61728648e+02,  4.62185043e+02,
        4.62409986e+02,  4.62475325e+02,  4.63496891e+02,  4.53968008e+02,
        4.13553764e+02,  3.63476098e+02,  3.11476428e+02,  2.60568184e+02,
        4.41220217e+02,  4.41486967e+02,  4.41752064e+02,  4.42015518e+02,
        4.42277340e+02,  4.42537539e+02,  4.41362899e+02,  4.34256096e+02,
        4.26433795e+02,  4.34032336e+02,  4.37096147e+02,  4.37856641e+02,
        3.84753529e+02,  3.65846859e+02,  3.44601842e+02,  3.21961902e+02,
        2.99055663e+02,  2.77124498e+02,  3.46211896e+02,  2.04849934e+02,
       -3.25961987e+01, -3.92280544e+02, -9.00748683e+02, -1.57785561e+03,
       -1.67332848e+01, -2.29165318e+01,  1.59121997e+01,  3.55874260e+01,
        4.80450340e+01,  5.58295498e+01,  4.64778494e+02,  4.64745198e+02,
        4.64687323e+02,  4.64598335e+02,  4.64468160e+02,  4.64279717e+02,
       -1.49254021e+06, -1.69228808e+03,  4.06520483e+02,  1.86257377e+02,
        3.53263844e+01, -6.85502188e+01,  4.54509908e+02,  4.53898351e+02,
        4.53271485e+02,  4.52629219e+02,  4.51971457e+02,  4.51298094e+02,
        7.24417960e+01,  6.89312883e+01,  6.48095370e+01,  6.02044630e+01,
        5.52171734e+01,  5.53424457e+01,  7.49815517e+01,  7.52650455e+01,
        7.54724092e+01,  7.56051935e+01,  7.56648737e+01,  7.56528653e+01,
        7.21247158e+01,  7.25499674e+01,  7.28710052e+01,  7.30901323e+01,
        7.32094808e+01,  7.32310508e+01,  6.54788697e+01,  6.42186376e+01,
        6.27916492e+01,  6.12147570e+01,  5.94626715e+01,  5.74219145e+01,
        4.80695644e+01,  4.23977489e+01,  3.61775497e+01,  2.96791211e+01,
        2.31640892e+01,  1.68163010e+01,  4.02528224e+01,  4.26024835e+01,
        4.44984195e+01,  4.59494611e+01,  4.69615910e+01,  4.75377902e+01,
        3.19327508e+01, -4.89627359e+01, -2.03297846e+02, -4.61337771e+02,
       -8.61184871e+02, -1.44561198e+03,  4.07563163e+01,  4.19685468e+01,
        4.29284323e+01,  4.36213207e+01,  4.40321543e+01,  4.41452523e+01,
        8.26886272e+01,  7.00526919e+01,  4.55856090e+01,  1.87765177e+01,
       -7.57842242e+00, -3.26181192e+01,  7.98319256e+01,  8.04534768e+01,
        8.08910961e+01,  8.10836704e+01,  8.09177639e+01,  8.01329058e+01])
max_PWL_Renorm: 464.7917367632324
llh_GD_QEXP: array([1342.97995219, 1271.82923125, 1370.47174671, 1314.2828365 ,
       1347.87590506, 1141.04958831, 1123.75866297, 1384.76011563,
       1287.22939568, 1334.4351772 , 1531.04221577, 1703.38923836,
       1627.82413219, 1628.26879601, 1538.3384815 , 1552.88548851,
       1684.20822983, 1475.30181415, 1595.64206503, 1602.23541927,
       1183.43821035, 1195.9252457 , 1235.55371762, 1295.5602421 ,
       1325.075603  , 1317.42871723, 1029.38336158, 1497.1727817 ,
       1246.25943316, 1330.46502134, 5039.7327812 , 5051.45639001,
       5894.82513748, 4683.23835339, 4675.56496047, 5531.11815924,
       6010.81692236, 6030.13512351, 5586.35483865, 5803.36320027,
       2196.89617261, 2395.44856237, 2287.36696143, 2038.33862349,
       2113.39836657, 2355.9615489 , 2009.83962456, 2399.01722292,
       2039.1900726 , 1931.80123065])
llh_GD_QEXP_Renorm_a: array([ 301.82866174,  323.64894013,  327.3372353 ,  309.7077033 ,
        326.11335592,  262.33797936,  253.63973128,  323.46218082,
        288.76360137,  281.1564898 ,  384.47814206,  387.5792789 ,
        378.4990826 ,  392.97060264,  373.54733977,  375.36871152,
        392.35324287,  333.0604402 ,  364.86944375,  367.11749329,
        266.32569723,  310.56301076,  304.91348182,  299.52418975,
        288.51663031,  281.67289912,  303.37534927,  308.85192754,
        290.65633002,  292.96071345, 1620.63763378, 1700.89155579,
       1746.01740715, 1743.10136826, 1513.46212206, 1735.18574552,
       1732.66289364, 1731.21155483, 1698.80597367, 1714.47408741,
        604.27731116,  593.21124619,  582.2644847 ,  604.49213603,
        598.95771533,  598.62039259,  524.74262397,  600.02124189,
        569.05412874,  600.74807833])
lllh_GD_QEXP_Renorm_q: array([1380.13128436, 1286.40246484, 1381.0811389 , 1342.55493193,
       1359.50810738, 1219.20127941, 1210.37140373, 1398.56632195,
       1338.39506698, 1393.44621756, 1549.82753299, 1718.80499705,
       1653.85973327, 1637.63961053, 1555.17168519, 1581.81620231,
       1694.65985024, 1549.43595316, 1636.09520488, 1640.7096593 ,
       1237.25029542, 1203.87563986, 1248.43840781, 1314.6882995 ,
       1356.37908365, 1354.45223492, 1046.67035797, 1504.0740014 ,
       1275.39053724, 1357.10402748, 5203.25027498, 5126.36203043,
       5923.50786069, 4715.95598546, 4948.27116592, 5573.77088475,
       6055.99410018, 6076.28588222, 5664.81565436, 5866.87181902,
       2196.53427529, 2411.78414711, 2314.2927682 , 2035.84140443,
       2124.0570812 , 2363.98546717, 2096.1087257 , 2408.93392926,
       2079.95394546, 1939.28564312])
llh_GD_QEXP_Renorm_aq: array([1230.8646318 , 1081.4156918 ,  931.53377193,  780.64326209,
        627.47179596,  469.39834208, 1150.58930402, 1014.69162706,
        878.60957563,  742.132057  ,  604.82570553,  465.84056257,
       1231.78337383, 1082.43935932,  932.9859414 ,  783.27857515,
        632.99649893,  481.4594073 , 1198.67050546, 1054.63210535,
        910.23970151,  765.0481241 ,  618.10036546,  467.46168222,
       1213.28344189, 1067.00314213,  920.59352577,  773.8887506 ,
        626.52666666,  477.75156138, 1092.35193309,  964.81867336,
        835.89901399,  704.24075782,  567.40174615,  421.52048485,
       1084.64288676,  958.11234851,  829.97407142,  698.70142474,
        561.59990803,  414.58272584, 1246.7601499 , 1094.89199367,
        942.87417817,  790.50153068,  637.30850868,  482.28884155,
       1194.98636853, 1051.28289433,  906.90758963,  761.0331417 ,
        611.92322145,  456.23672024, 1242.19218725, 1090.640385  ,
        938.37650803,  784.44772322,  626.76451596,  461.16439339,
       1385.77974363, 1221.634969  , 1057.2654063 ,  892.3835577 ,
        726.361235  ,  557.88856036, 1530.66385404, 1342.47211661,
       1154.14634001,  965.47201924,  775.91436555,  584.20197855,
       1474.96011795, 1295.96167671, 1116.71406257,  936.84935273,
        755.49507805,  570.69004038, 1461.09637943, 1284.51237187,
       1107.827828  ,  930.90014776,  753.39922949,  574.59256604,
       1390.3131228 , 1225.29754685, 1059.91619454,  893.69751258,
        725.61035996,  553.52451667, 1413.17187894, 1244.39091516,
       1075.28474511,  905.4180397 ,  733.81739688,  558.42358981,
       1509.97564908, 1325.25439298, 1140.4373838 ,  955.37775923,
        769.71932553,  582.63559522, 1385.17704007, 1220.49428637,
       1054.83663596,  886.98606827,  714.37879504,  532.1316063 ,
       1459.68230686, 1283.1014028 , 1106.10336298,  928.08896115,
        747.66723175,  561.81366693, 1463.64750118, 1286.43023408,
       1108.82629255,  930.27621614,  749.47459238,  563.56233718,
       1105.46991315,  973.33550133,  840.4242605 ,  705.84336074,
        567.79026786,  422.93494393, 1077.13414124,  950.34524654,
        823.45618167,  696.35910132,  568.83961134,  440.48702255,
       1115.31039318,  982.10669461,  848.73448531,  714.99319275,
        580.4613927 ,  444.29130253, 1172.09303641, 1029.4083824 ,
        886.51142875,  743.11879679,  598.59649198,  451.59537906,
       1207.80338558, 1059.09743557,  910.06987312,  760.2625855 ,
        608.61559808,  452.82292127, 1206.12593556, 1057.63421035,
        908.73530389,  758.85307255,  606.66400596,  449.33020471,
        942.24231785,  837.66950544,  732.82938181,  627.50246829,
        521.30555658,  413.59602228, 1334.47964852, 1164.8623903 ,
        995.18055731,  825.32039633,  654.98145079,  483.40768106,
       1138.35047804, 1001.15614267,  863.60879831,  725.26766225,
        585.18687698,  441.45258368, 1208.44048522, 1059.66834791,
        910.62773832,  760.93515077,  609.70004815,  454.96930375,
       4711.17841378, 4218.24661195, 3723.33781347, 3223.97935302,
       2714.92672442, 2185.93459652, 4645.65538975, 4164.57029301,
       3682.63016678, 3198.7915029 , 2710.83411693, 2214.25755621,
       5329.21057491, 4734.85770608, 4140.3532159 , 3545.44562516,
       2949.49643129, 2350.9237515 , 4294.00817127, 3871.8850935 ,
       3449.41300743, 3026.25568864, 2601.77074163, 2174.7553747 ,
       4491.39175795, 4032.46064485, 3569.1687352 , 3096.85672945,
       2606.71817851, 2084.27337284, 5029.38818496, 4484.88791376,
       3940.09146551, 3394.5637321 , 2847.27159996, 2295.83727178,
       5442.75880719, 4829.44284347, 4215.89516199, 3601.69657762,
       2985.7190311 , 2365.03830929, 5460.15118632, 4843.93396322,
       4227.47817388, 3610.34788149, 2991.36231234, 2367.44399024,
       5107.34974633, 4549.64145805, 3991.30084711, 3431.3424158 ,
       2867.3525531 , 2293.71439413, 5280.60851456, 4694.19398841,
       4107.36376832, 3519.41370094, 2928.52537984, 2330.21111197,
       1969.18646873, 1741.82628634, 1514.44078224, 1287.00803141,
       1059.49996315,  831.9032234 , 2153.67074451, 1895.51427261,
       1637.24314124, 1378.67439642, 1119.35932299,  858.26008519,
       2070.06652388, 1825.74214494, 1581.16944306, 1335.98242693,
       1089.32336956,  839.30461781, 1831.44480799, 1627.03411071,
       1422.59808617, 1218.12139205, 1013.59155275,  809.02050318,
       1907.03685893, 1689.97367608, 1472.8161671 , 1255.45725985,
       1037.68310138,  819.08746154, 2112.70829883, 1861.40268095,
       1610.02470136, 1358.46817967, 1106.48854205,  853.55579307,
       1882.59672453, 1668.49166654, 1453.08374193, 1234.89235803,
       1011.01467781,  776.42069189, 2151.24063838, 1893.52574109,
       1635.75488795, 1377.84403031, 1119.59875012,  860.59948882,
       1869.0523611 , 1657.90331325, 1446.21013186, 1233.34622222,
       1018.04201003,  797.90361995, 1748.64908533, 1557.96819995,
       1367.20158652, 1176.27400979,  985.05448234,  793.32487123])
max_QEXP_Renorm: 6076.28588222046
llh_GD_RAY: array([-81.32318827, -81.38702628, -81.14893771, -80.94645186,
       -81.70595074, -80.94190003, -80.9435137 , -81.41825034,
       -80.95309162, -80.97699067, -78.95071824, -79.01319702,
       -78.94911741, -78.97653268, -78.95368294, -80.27526212,
       -79.19941359, -69.48168013, -78.9767937 , -78.99507438,
       -90.32659323, -88.51237213, -90.90837801, -90.0038607 ,
       -89.35389461, -90.44494531, -89.66818384, -90.00890016,
       -89.9562515 , -90.24229203, 470.88575097, 470.47462113,
       470.82592889, 470.88441919, 470.88658212, 470.86160109,
       470.78528205, 462.18413873, 470.87533179, 470.88744296,
        87.02815683,  85.95959034,  87.03118209,  84.06033932,
        83.33046069,  86.75360067,  86.75595694,  86.89796714,
        87.02754055,  87.03100811])
llh_GD_RAY_Renorm_gamma: array([  -83.47012605,   -83.61443184,   -84.21612491,   -83.5868527 ,
         -83.98805512,   -83.56190534,   -83.58636188,   -85.21000852,
         -83.66055398,   -83.50817236,   -92.61012852,   -98.14742937,
         -94.22079194,   -96.83505316,   -95.55028656,   -87.10261973,
         -88.02346278, -1600.24978561,   -91.15124746,   -97.76528953,
         -92.47319434,   -91.79285962,  -101.18152024, -4757.10515251,
         -92.17203667, -4828.68724635,   -92.9104022 , -4758.43716865,
       -4587.12773797, -5062.17375236,   467.80240417,   467.77605529,
         467.81464465,   467.80626141,   467.80563779,   467.76244007,
         467.81602412,   461.40486236,   467.75008277,   467.79618777,
          80.80989947,    82.12994319,    80.73267033,    81.93122162,
          81.64019923,    81.61881927,    80.83952629,    81.3078735 ,
          80.67670992,    80.63503726])
llh_GD_RAY_Renorm_eta: array([  -83.98443924,   -83.4722288 ,   -83.47082691,   -83.527975  ,
         -83.59740229,   -83.52831884,   -83.50966809,   -83.62441728,
         -83.48864809,   -83.53438081,   -87.31223461,   -87.71712987,
         -87.53388253,   -87.6997064 ,   -87.66146949,   -86.81315979,
         -86.8076586 , -4025.5927421 ,   -87.19757431,   -87.79451565,
         -92.34509722,   -92.17979843,   -91.85797175, -5228.35046246,
         -92.00064296, -5228.35046246,   -91.97718504, -5228.35046246,
       -5228.35046246, -5228.35046246,   467.75906894,   467.67424326,
         467.69654254,   467.75172546,   467.75617279,   467.78706403,
         467.65792044,   458.59213555,   467.8022872 ,   467.7789735 ,
          81.56450325,    82.04576234,    81.51572883,    81.40736024,
          80.83126224,    81.92161915,    81.30371668,    81.75128435,
          81.51632888,    81.47914249])
llh_GD_RAY_Renorm_gammaeta: array([  -83.86082488,   -83.7511938 ,   -83.65658279,   -83.57859059,
         -83.51945941,   -83.48211033,   -83.47847447,   -83.48902021,
         -83.50409533,   -83.52393434,   -83.5487757 ,   -83.57886064,
         -83.48797315,   -83.52981851,   -83.59938935,   -83.69978362,
         -83.83408174,   -84.00526147,   -83.49748744,   -83.47780532,
         -83.47011514,   -83.47572498,   -83.49604658,   -83.53257297,
         -83.52228523,   -83.47862288,   -83.47274504,   -83.51218969,
         -83.60536143,   -83.76107577,   -83.49923066,   -83.4796557 ,
         -83.47057435,   -83.47306419,   -83.48828725,   -83.5174741 ,
         -83.48666176,   -83.47324628,   -83.47038569,   -83.47912622,
         -83.50058336,   -83.53592656,   -83.73372491,   -83.87760101,
         -84.05895837,   -84.28051915,   -84.54476885,   -84.85393717,
         -83.47391053,   -83.47026814,   -83.47885553,   -83.50088574,
         -83.53763256,   -83.59041064,   -83.50789998,   -83.48797706,
         -83.47517575,   -83.47011169,   -83.4734478 ,   -83.48588843,
         -87.57045172,   -87.92558139,   -88.42238777,   -89.10882071,
         -90.02404458,   -91.18906079,   -88.22694147,   -88.98208544,
         -90.05362413,   -91.47946597,   -93.27061572,   -95.45683636,
         -87.87942609,   -88.3645093 ,   -89.03894381,   -89.94467488,
         -91.10511692,   -92.52743012,   -88.16503266,   -88.84002593,
         -89.7865071 ,   -91.0419955 ,   -92.618333  ,   -94.52918066,
         -88.07655166,   -88.66649005,   -89.48480039,   -90.56876152,
         -91.93327849,   -93.58457921,   -86.79046234,   -86.79623105,
         -86.82564055,   -86.87408743,   -86.93778491,   -87.01424808,
         -86.87234525,   -86.97141731,   -87.09787936,   -87.25300739,
         -87.44653299,   -87.69561352, -3628.22037851, -3277.1522285 ,
       -2969.00517248, -2720.28347274, -2189.95541048, -1940.6168189 ,
         -87.40068346,   -87.66803703,   -88.03079669,   -88.52683869,
         -89.19457634,   -90.06409767,   -88.31338569,   -89.06639079,
         -90.11334819,   -91.4850331 ,   -93.19039367,   -95.25399572,
         -92.36259589,   -92.38036134,   -92.39839368,   -92.41669303,
         -92.43525952,   -92.45409325,   -92.03803736,   -91.92656839,
         -91.84487062,   -91.79210752,   -91.76704635,   -91.76800853,
         -92.27989592,   -92.77816909,   -93.22201178,   -93.76872805,
         -94.86731241,   -97.15154215, -5228.35046246, -5197.90225802,
       -5162.12370893, -5128.91115743, -5060.9302895 , -4835.6236058 ,
         -91.85675942,   -91.78022247,   -91.76651971,   -91.80874846,
         -91.89774368,   -92.02268266, -5228.35046246, -5228.35046246,
       -5164.45151212, -5161.56080148, -5096.87173795, -5029.43429789,
         -92.09681716,   -92.22986041,   -92.36980573,   -92.51113778,
         -92.64971898,   -92.78305019, -5228.35046246, -5196.52079353,
       -5161.94371346, -5128.79399742, -5061.08971692, -4864.38212277,
       -5162.95133607, -5161.15929052, -5061.90013115, -4865.66767313,
       -4757.90713345, -4687.37718245, -5228.35046246, -5228.35046246,
       -5228.35046246, -5228.35046246, -5162.63460386, -5132.9435781 ,
         467.78178107,   467.79913956,   467.81105217,   467.81742675,
         467.81817134,   467.81319425,   467.72953909,   467.77186209,
         467.80084546,   467.81612209,   467.81732548,   467.80409067,
         467.73354512,   467.76405325,   467.78793746,   467.80506816,
         467.81531577,   467.81855093,   467.77586896,   467.79471387,
         467.8081687 ,   467.81614202,   467.81854254,   467.81527923,
         467.77908125,   467.79685379,   467.80940342,   467.81664325,
         467.81848654,   467.81484678,   467.8043191 ,   467.81485736,
         467.81855391,   467.81528417,   467.80492408,   467.78735024,
         467.70452916,   467.74341677,   467.77441165,   467.79734179,
         467.81203512,   467.81831972,   459.01447917,   459.43015101,
         459.83906662,   460.24112425,   460.63620439,   461.02416926,
         467.81324765,   467.81823831,   467.81715697,   467.80990181,
         467.79637145,   467.77646513,   467.7960795 ,   467.808429  ,
         467.81594638,   467.81855612,   467.81618292,   467.80875172,
          81.47761465,    81.3839632 ,    81.28342485,    81.17587452,
          81.06118679,    80.93923652,    82.07117693,    82.09214045,
          82.10864938,    82.12069686,    82.12827226,    82.1313608 ,
          81.4249907 ,    81.32741843,    81.22288728,    81.11127187,
          80.99244686,    80.86628753,    81.50228819,    81.59049581,
          81.67199617,    81.7468037 ,    81.81493363,    81.87640135,
          80.97069385,    81.1021584 ,    81.22565901,    81.34120213,
          81.44879753,    81.54845803,    81.8868834 ,    81.84936158,
          81.80902218,    81.7658325 ,    81.71975876,    81.67076623,
          81.24433725,    81.1826848 ,    81.11873639,    81.05246912,
          80.98386015,    80.91288675,    81.69900297,    81.64311715,
          81.5835779 ,    81.52033514,    81.45333797,    81.38253479,
          81.4201187 ,    81.31624378,    81.20455608,    81.08490686,
          80.95714757,    80.82113059,    81.38164944,    81.27669349,
          81.16413359,    81.04382837,    80.91563686,    80.77941922])
max_RAY_Renorm: 467.81855612375796
llh_GD_GSS: array([ 319.32510863,   31.32760531,           nan,           nan,
        160.53840655,           nan,   60.56493309,   -4.16550724,
        889.11836742,  373.90041695,  135.08729286,   15.18746257,
        -33.56229198, -107.17481777,  108.66863383,  109.2222352 ,
         56.87202387,  173.62317339,    9.27714792,   51.25946068,
         51.50896706,   27.41412306,  -66.51939909,  136.07639935,
         72.82244905,  490.02939205,   46.66625989,  -11.37869581,
        -90.94609058,   81.38762389,  969.20600114,  859.57983993,
       3955.92549582, 1315.66773943,  905.16372803,  727.97263853,
       1180.73787816, 3116.34030985,  994.85244119, 2839.71102074,
        240.3071206 , 1757.23887317,  330.95867129,  328.04381355,
        355.75223775,  429.3354407 ,  248.68919698,  399.29149204,
        318.85642297,  325.56838579])
llh_GD_GSS_Renorm_kappa: array([-1.67424259e+01, -4.33236722e+02,             nan,             nan,
        1.23071463e+02,             nan, -3.59126668e+02, -5.65717608e+00,
        2.32912176e+02, -5.33990739e+03, -5.35582104e+02, -8.21425042e+00,
       -3.80881948e+01, -4.61992823e+02, -4.12780764e+02, -3.83670243e+02,
        7.41730188e+01, -5.18821051e+02, -4.15238820e+02,  5.18373955e+01,
       -4.80166627e+02, -3.32226831e+02, -4.84153120e+03, -4.19101370e+02,
       -4.29157499e+02, -5.12784412e+03, -3.84081184e+02, -1.70336960e-01,
       -3.09358439e+02,  7.78076657e+01, -1.14177581e+04, -1.78281128e+04,
        1.52717049e+03, -1.79304606e+04, -1.78298044e+04,  7.41649373e+02,
       -1.79299049e+04,  1.20703564e+03,  3.69773003e+02,  1.09122510e+03,
       -7.44694842e+02,  5.52724813e+02, -8.09683295e+03, -8.09683295e+03,
       -8.06394148e+03, -8.03317680e+03, -7.99650767e+03, -8.09683295e+03,
       -8.06437245e+03, -8.06449538e+03])
llh_GD_GSS_Renorm_tau: array([  -479.35451521,   -472.37503143,             nan,             nan,
         -310.90531061,             nan,  -1190.56558199,   -314.92321852,
        -3323.31683918,   -641.02766622,   -320.4022111 ,     23.21645817,
         -336.03462716,   -347.70712109,   -806.82859802,  -1011.04923508,
         -336.03442769,   -863.80598384,   -666.51353854,   -336.03462716,
         -534.60223589,   -952.85721086,  -4409.74013357,   -429.96715825,
         -398.60244495,  -3693.44723853,   -541.51111873,    -70.57695161,
          -91.98270811,   -308.29792092,    110.30971749,     39.12034718,
       -15969.65685193,  -1979.73588742,    -35.51785106,   -442.64902089,
        -1623.16700838,  -8254.05456779,    833.62358977,  -5419.59038452,
           25.33901555, -19981.75572378,    244.96514705,    238.82406335,
           40.30898166,   -122.22572333,    137.71123146,    181.6372029 ,
          185.0142228 ,    122.06728425])
llh_GD_GSS_Renorm_kappatau: array([-9.89737494e+01, -4.09085749e+02, -3.78238582e+02, -3.50664425e+02,
       -3.27357547e+02, -3.11649053e+02,             nan,             nan,
                   nan,             nan,             nan,             nan,
                   nan,             nan,             nan,             nan,
                   nan,             nan,             nan,             nan,
                   nan,             nan,             nan,             nan,
       -7.90688462e+02, -3.14771621e+02, -3.14904843e+02, -3.14921927e+02,
       -3.14923185e+02, -3.14923218e+02,             nan,             nan,
                   nan,             nan,             nan,             nan,
                   nan,             nan,             nan,             nan,
                   nan,             nan, -6.01456484e+00, -3.14923219e+02,
       -3.14923219e+02, -3.14923219e+02, -3.14923219e+02, -3.14923219e+02,
       -5.04592538e+03, -7.74924508e+02, -2.40025547e+02,  5.03007967e+01,
        1.92562390e+02,  2.44207803e+02,             nan,             nan,
                   nan,             nan,             nan,             nan,
                   nan,             nan,             nan,             nan,
                   nan,             nan,  2.80670289e+01,  2.78235284e+01,
        2.72987055e+01,  2.45918766e+01,  1.94803623e+01,  1.18354345e+01,
       -3.40218332e+01, -3.36034627e+02, -3.36034627e+02, -3.36034627e+02,
       -3.36034627e+02, -3.36034627e+02, -3.53848150e+02, -3.57097300e+02,
       -3.64369912e+02, -3.74187485e+02, -3.87444700e+02, -4.05346259e+02,
                   nan,             nan,             nan,             nan,
                   nan,             nan,             nan,             nan,
                   nan,             nan,             nan,             nan,
       -3.35081015e+01, -3.36034624e+02, -3.36034627e+02, -3.36034627e+02,
       -3.36034627e+02, -3.36034627e+02,             nan,             nan,
                   nan,             nan,             nan,             nan,
                   nan,             nan,             nan,             nan,
                   nan,             nan,  5.87288618e+01, -3.36034627e+02,
       -3.36034627e+02, -3.36034627e+02, -3.36034627e+02, -3.36034627e+02,
                   nan,             nan,             nan,             nan,
                   nan,             nan,             nan,             nan,
                   nan,             nan,             nan,             nan,
                   nan,             nan,             nan,             nan,
                   nan,             nan,             nan,             nan,
                   nan,             nan,             nan,             nan,
                   nan,             nan,             nan,             nan,
                   nan,             nan,             nan,             nan,
                   nan,             nan,             nan,             nan,
                   nan,             nan,             nan,             nan,
                   nan,             nan,  6.74381693e+00, -7.88691572e+01,
       -8.69099149e+01, -9.79260814e+01, -1.14269583e+02, -1.42965109e+02,
                   nan,             nan,             nan,             nan,
                   nan,             nan, -1.84257852e+02, -3.08297999e+02,
       -3.08298000e+02, -3.08298000e+02, -3.08298000e+02, -3.08298000e+02,
        4.33694470e+01, -2.20470973e+03, -4.49779156e+03, -8.11051501e+03,
       -1.37915862e+04, -2.28659711e+04,             nan,             nan,
                   nan,             nan,             nan,             nan,
       -1.78848761e+04, -2.57377029e+03, -1.62631678e+02,  1.01023729e+03,
        1.49954824e+03,  1.60447394e+03,             nan,             nan,
                   nan,             nan,             nan,             nan,
                   nan,             nan,             nan,             nan,
                   nan,             nan,  7.07541830e+02, -4.42649470e+02,
       -4.42649508e+02, -4.42649510e+02, -4.42649510e+02, -4.42649510e+02,
                   nan,             nan,             nan,             nan,
                   nan,             nan, -1.17152222e+03, -3.51541618e+03,
       -2.02389624e+03, -9.31998918e+02, -1.43277813e+02,  4.12206417e+02,
        9.29853125e+02,  5.98914462e+02,  4.14460024e+02,  1.69719711e+02,
       -1.54213201e+02, -5.94398002e+02, -6.19578686e+02, -2.51470491e+03,
       -1.52104204e+03, -7.52988997e+02, -1.66490708e+02,  2.69805612e+02,
        1.56219716e+02, -3.68235244e+02, -6.72341907e+02, -1.07840578e+03,
       -1.62299338e+03, -2.37319092e+03, -1.17087720e+04, -5.31977636e+03,
       -2.42416588e+03, -8.51322881e+02, -2.32114396e+01,  3.85703407e+02,
                   nan,             nan,             nan,             nan,
                   nan,             nan,             nan,             nan,
                   nan,             nan,             nan,             nan,
                   nan,             nan,             nan,             nan,
                   nan,             nan,             nan,             nan,
                   nan,             nan,             nan,             nan,
                   nan,             nan,             nan,             nan,
                   nan,             nan,             nan,             nan,
                   nan,             nan,             nan,             nan,
                   nan,             nan,             nan,             nan,
                   nan,             nan,             nan,             nan,
                   nan,             nan,             nan,             nan])
max_GSS_Renorm: nan
