llh_GD_EXP: array([ -91.25166099,  -88.45024845,  -85.81306198,  -98.71464136,
        -86.35791039,  -87.86491074,  -90.34517749,  -97.74759573,
        -86.49608629,  -86.72086544,  -82.67098062,  -91.02557415,
        -92.68732057,  -82.60745653,  -80.73840445,  -93.0704084 ,
        -94.03608753,  -89.58290974,  -80.34916995,  -81.51250954,
        -97.01943765,  -90.67832706,  -91.45098064,  -96.64772357,
       -106.15984284,  -92.34474558,  -95.70127114,  -95.69880666,
       -101.80037522,  -96.49124799,  458.42559173,  393.34965897,
        466.36931231,  461.27317808,  443.62781491,  449.84009547,
        446.11488874,  441.20331205,  386.54666407,  465.01154673,
         66.60160358,   78.37638486,   58.47095782,   80.87289711,
         78.02144087,   60.05386435,   84.59902412,   86.07354145,
          3.30101128,   39.4686303 ])
llh_GD_EXP_Renorm_alpha: array([ -90.39172446,  -89.02489142,  -90.4534681 , -101.77173583,
        -92.98444992,  -95.72798058, -102.51821953,  -97.05347774,
        -92.09627593,  -87.91476532,  -89.1850242 , -109.36103103,
       -101.42043628,  -91.85004275,  -87.12670096,  -99.9641987 ,
       -100.24465619,  -87.16717467,  -93.50317767,  -87.12068567,
        -97.68608424,  -94.85330621,  -96.36152643, -114.39938988,
       -108.07031879, -108.65643303,  -99.52642322, -111.92951458,
       -101.85519827, -106.90644048,  463.89288539,  403.28153234,
        466.33726072,  464.4764027 ,  452.044881  ,  450.03418507,
        450.13190893,  446.66468348,  389.28991863,  465.14356135,
         82.92717149,   81.17182848,   63.70295193,   80.89124523,
         81.80009753,   69.76191271,   83.96323994,   83.88130164,
          6.20145093,   46.17433787])
llh_GD_EXP_Renorm_beta: array([ -91.06820094,  -89.2195747 ,  -87.16501679, -100.70035306,
        -86.86701891,  -89.41695012,  -90.38285468,  -99.75132244,
        -88.0013567 ,  -93.3879308 ,  -91.21825625,  -95.04656165,
        -97.0318988 ,  -87.67530069,  -88.97231987,  -96.88796047,
        -96.08903306,  -87.10741012,  -90.87551924,  -87.52968609,
        -97.60768305,  -94.5531152 ,  -94.44676981, -102.7395483 ,
       -105.80055642,  -94.62158839, -105.84672347,  -94.58552058,
        -99.34987198,  -98.64708974,  463.35863192,  398.52216209,
        466.51948215,  465.11966789,  447.91711713,  448.95826716,
        443.17431212,  442.53329009,  380.16265239,  465.64006086,
         75.66395367,   80.52207978,   53.72745481,   79.26106382,
         77.24838682,   56.85594678,   83.76790081,   84.36209581,
         -2.59715952,   39.76835322])
llh_GD_EXP_Renorm_alphabeta: array([-9.10038642e+01, -9.09401033e+01, -9.08769157e+01, -9.08142984e+01,
       -9.07522489e+01, -9.06907644e+01, -9.06298423e+01, -9.05694798e+01,
       -9.05096744e+01, -9.04504235e+01, -8.92015060e+01, -8.91835117e+01,
       -8.91655917e+01, -8.91477458e+01, -8.91299740e+01, -8.91122761e+01,
       -8.90946521e+01, -8.90771017e+01, -8.90596249e+01, -8.90422215e+01,
       -8.73248244e+01, -8.75101989e+01, -8.77217655e+01, -8.79602116e+01,
       -8.82262881e+01, -8.85208110e+01, -8.88446626e+01, -8.91987944e+01,
       -8.95842289e+01, -9.00020625e+01, -1.00795460e+02, -1.00891021e+02,
       -1.00987037e+02, -1.01083509e+02, -1.01180440e+02, -1.01277830e+02,
       -1.01375682e+02, -1.01473997e+02, -1.01572776e+02, -1.01672022e+02,
       -8.70389603e+01, -8.72777614e+01, -8.75857900e+01, -8.79658706e+01,
       -8.84212939e+01, -8.89558331e+01, -8.95737673e+01, -9.02799108e+01,
       -9.10796455e+01, -9.19789541e+01, -8.98125200e+01, -9.02398243e+01,
       -9.07000074e+01, -9.11942884e+01, -9.17239631e+01, -9.22904063e+01,
       -9.28950734e+01, -9.35395021e+01, -9.42253130e+01, -9.49542100e+01,
       -9.10626291e+01, -9.18132625e+01, -9.26386948e+01, -9.35431968e+01,
       -9.45313766e+01, -9.56081829e+01, -9.67789041e+01, -9.80491635e+01,
       -9.94249105e+01, -1.00912409e+02, -9.94919740e+01, -9.92354713e+01,
       -9.89818039e+01, -9.87309622e+01, -9.84829369e+01, -9.82377193e+01,
       -9.79953014e+01, -9.77556754e+01, -9.75188340e+01, -9.72847702e+01,
       -8.82453310e+01, -8.85127008e+01, -8.88041233e+01, -8.91203022e+01,
       -8.94619888e+01, -8.98299838e+01, -9.02251391e+01, -9.06483590e+01,
       -9.11006024e+01, -9.15828840e+01, -9.26881209e+01, -9.20303476e+01,
       -9.14142155e+01, -9.08392584e+01, -9.03049361e+01, -8.98106377e+01,
       -8.93556912e+01, -8.89393780e+01, -8.85609518e+01, -8.82196598e+01,
       -9.09980026e+01, -9.07852201e+01, -9.05797755e+01, -9.03815373e+01,
       -9.01903762e+01, -9.00061647e+01, -8.98287773e+01, -8.96580904e+01,
       -8.94939822e+01, -8.93363328e+01, -9.59298142e+01, -9.68825228e+01,
       -9.79088675e+01, -9.90132842e+01, -1.00200480e+02, -1.01475442e+02,
       -1.02843446e+02, -1.04310048e+02, -1.05881080e+02, -1.07562631e+02,
       -9.73825377e+01, -9.77422592e+01, -9.81112491e+01, -9.84896971e+01,
       -9.88777970e+01, -9.92757463e+01, -9.96837467e+01, -1.00102004e+02,
       -1.00530728e+02, -1.00970133e+02, -8.78719617e+01, -8.80990953e+01,
       -8.83582143e+01, -8.86511138e+01, -8.89798569e+01, -8.93467580e+01,
       -8.97543648e+01, -9.02054403e+01, -9.07029476e+01, -9.12500376e+01,
       -8.86726237e+01, -8.84027089e+01, -8.81613372e+01, -8.79473192e+01,
       -8.77595159e+01, -8.75968422e+01, -8.74582700e+01, -8.73428328e+01,
       -8.72496309e+01, -8.71778367e+01, -9.71422596e+01, -9.74014056e+01,
       -9.76654710e+01, -9.79345298e+01, -9.82086570e+01, -9.84879286e+01,
       -9.87724219e+01, -9.90622153e+01, -9.93573885e+01, -9.96580223e+01,
       -9.64239731e+01, -9.67671221e+01, -9.71185995e+01, -9.74785253e+01,
       -9.78470197e+01, -9.82242030e+01, -9.86101956e+01, -9.90051175e+01,
       -9.94090888e+01, -9.98222287e+01, -8.71113135e+01, -8.71155194e+01,
       -8.71200289e+01, -8.71248430e+01, -8.71299631e+01, -8.71353902e+01,
       -8.71411256e+01, -8.71471705e+01, -8.71535262e+01, -8.71601938e+01,
       -8.92913856e+01, -8.81878083e+01, -8.74926860e+01, -8.71454215e+01,
       -8.71000549e+01, -8.73301344e+01, -8.78338190e+01, -8.86372510e+01,
       -8.97944606e+01, -9.13837410e+01, -8.74273800e+01, -8.73392127e+01,
       -8.72647525e+01, -8.72035952e+01, -8.71553661e+01, -8.71197216e+01,
       -8.70963516e+01, -8.70849810e+01, -8.70853720e+01, -8.70973261e+01,
       -9.76147675e+01, -9.76218606e+01, -9.76289622e+01, -9.76360724e+01,
       -9.76431912e+01, -9.76503185e+01, -9.76574545e+01, -9.76645990e+01,
       -9.76717522e+01, -9.76789139e+01, -9.44842842e+01, -9.44353269e+01,
       -9.44059513e+01, -9.43959061e+01, -9.44049777e+01, -9.44329892e+01,
       -9.44797979e+01, -9.45452946e+01, -9.46294027e+01, -9.47320775e+01,
       -9.44016192e+01, -9.44012953e+01, -9.44451072e+01, -9.45325534e+01,
       -9.46633116e+01, -9.48372333e+01, -9.50543431e+01, -9.53148417e+01,
       -9.56191147e+01, -9.59677445e+01, -9.89342123e+01, -9.64446766e+01,
       -9.50000854e+01, -9.44191668e+01, -9.46040519e+01, -9.55192952e+01,
       -9.71816173e+01, -9.96693469e+01, -1.03149398e+02, -1.07912302e+02,
       -1.05994537e+02, -1.06190902e+02, -1.06389679e+02, -1.06590898e+02,
       -1.06794588e+02, -1.07000779e+02, -1.07209502e+02, -1.07420786e+02,
       -1.07634662e+02, -1.07851163e+02, -9.44060806e+01, -9.44676370e+01,
       -9.47972751e+01, -9.53928577e+01, -9.62590246e+01, -9.74081419e+01,
       -9.88621772e+01, -1.00655323e+02, -1.02837010e+02, -1.05474776e+02,
       -1.01994187e+02, -9.91020289e+01, -9.70158487e+01, -9.56009607e+01,
       -9.47549600e+01, -9.44093372e+01, -9.45241880e+01, -9.50817660e+01,
       -9.60831032e+01, -9.75491702e+01, -9.49549490e+01, -9.55192700e+01,
       -9.62824450e+01, -9.72526817e+01, -9.84433332e+01, -9.98740935e+01,
       -1.01572371e+02, -1.03574670e+02, -1.05927777e+02, -1.08689591e+02,
       -9.95522495e+01, -9.97594540e+01, -9.99715619e+01, -1.00188653e+02,
       -1.00410810e+02, -1.00638120e+02, -1.00870671e+02, -1.01108557e+02,
       -1.01351873e+02, -1.01600719e+02, -9.91806868e+01, -9.97515320e+01,
       -1.00361275e+02, -1.01011759e+02, -1.01705035e+02, -1.02443371e+02,
       -1.03229257e+02, -1.04065420e+02, -1.04954824e+02, -1.05900678e+02,
        4.63408075e+02,  4.63457344e+02,  4.63506438e+02,  4.63555357e+02,
        4.63604101e+02,  4.63652670e+02,  4.63701064e+02,  4.63749283e+02,
        4.63797326e+02,  4.63845194e+02,  3.98953841e+02,  3.99385738e+02,
        3.99817849e+02,  4.00250166e+02,  4.00682683e+02,  4.01115393e+02,
        4.01548287e+02,  4.01981357e+02,  4.02414594e+02,  4.02847989e+02,
        4.66503103e+02,  4.66486686e+02,  4.66470232e+02,  4.66453741e+02,
        4.66437212e+02,  4.66420646e+02,  4.66404044e+02,  4.66387404e+02,
        4.66370726e+02,  4.66354012e+02,  4.65062762e+02,  4.65005540e+02,
        4.64948004e+02,  4.64890152e+02,  4.64831987e+02,  4.64773506e+02,
        4.64714712e+02,  4.64655605e+02,  4.64596183e+02,  4.64536449e+02,
        4.48307028e+02,  4.48694076e+02,  4.49078237e+02,  4.49459488e+02,
        4.49837805e+02,  4.50213167e+02,  4.50585552e+02,  4.50954936e+02,
        4.51321300e+02,  4.51684622e+02,  4.49057050e+02,  4.49155640e+02,
        4.49254036e+02,  4.49352238e+02,  4.49450245e+02,  4.49548058e+02,
        4.49645675e+02,  4.49743097e+02,  4.49840323e+02,  4.49937352e+02,
        4.43840741e+02,  4.44500702e+02,  4.45154086e+02,  4.45800784e+02,
        4.46440691e+02,  4.47073703e+02,  4.47699720e+02,  4.48318644e+02,
        4.48930378e+02,  4.49534830e+02,  4.42919555e+02,  4.43303746e+02,
        4.43685842e+02,  4.44065822e+02,  4.44443664e+02,  4.44819348e+02,
        4.45192853e+02,  4.45564159e+02,  4.45933246e+02,  4.46300094e+02,
        3.80990749e+02,  3.81818898e+02,  3.82647204e+02,  3.83475766e+02,
        3.84304677e+02,  3.85134025e+02,  3.85963890e+02,  3.86794348e+02,
        3.87625465e+02,  3.88457304e+02,  4.65595987e+02,  4.65551700e+02,
        4.65507200e+02,  4.65462487e+02,  4.65417562e+02,  4.65372425e+02,
        4.65327076e+02,  4.65281515e+02,  4.65235742e+02,  4.65189757e+02,
        7.65342699e+01,  7.73664390e+01,  7.81593797e+01,  7.89118892e+01,
        7.96226562e+01,  8.02902745e+01,  8.09132578e+01,  8.14900546e+01,
        8.20190643e+01,  8.24986534e+01,  8.05833332e+01,  8.06441539e+01,
        8.07045405e+01,  8.07644914e+01,  8.08240054e+01,  8.08830808e+01,
        8.09417162e+01,  8.09999101e+01,  8.10576612e+01,  8.11149678e+01,
        5.47215376e+01,  5.56970974e+01,  5.66545092e+01,  5.75941436e+01,
        5.85163646e+01,  5.94215271e+01,  6.03099745e+01,  6.11820362e+01,
        6.20380260e+01,  6.28782393e+01,  7.94203691e+01,  7.95775035e+01,
        7.97324506e+01,  7.98851937e+01,  8.00357160e+01,  8.01840004e+01,
        8.03300296e+01,  8.04737864e+01,  8.06152531e+01,  8.07544120e+01,
        7.77410006e+01,  7.82187740e+01,  7.86814258e+01,  7.91286595e+01,
        7.95601649e+01,  7.99756190e+01,  8.03746876e+01,  8.07570265e+01,
        8.11222825e+01,  8.14700950e+01,  5.81929887e+01,  5.94946751e+01,
        6.07620233e+01,  6.19959917e+01,  6.31974667e+01,  6.43672513e+01,
        6.55060546e+01,  6.66144834e+01,  6.76930348e+01,  6.87420904e+01,
        8.37872040e+01,  8.38062001e+01,  8.38248883e+01,  8.38432681e+01,
        8.38613389e+01,  8.38791000e+01,  8.38965509e+01,  8.39136910e+01,
        8.39305196e+01,  8.39470361e+01,  8.43567394e+01,  8.43438418e+01,
        8.43233565e+01,  8.42952388e+01,  8.42594457e+01,  8.42159355e+01,
        8.41646688e+01,  8.41056073e+01,  8.40387149e+01,  8.39639572e+01,
       -1.78133483e+00, -9.68507981e-01, -1.58745396e-01,  6.47887595e-01,
        1.45132681e+00,  2.25150925e+00,  3.04837311e+00,  3.84185785e+00,
        4.63190417e+00,  5.41845409e+00,  4.03767702e+01,  4.09799010e+01,
        4.15777677e+01,  4.21703941e+01,  4.27578054e+01,  4.33400283e+01,
        4.39170905e+01,  4.44890215e+01,  4.50558517e+01,  4.56176129e+01])
max_EXP_Renorm: 466.5194821474457
llh_GD_PWL: array([ -94.96607313, -192.29416681, -112.85144229,  -88.62408195,
        -87.6651105 ,  -89.14569742,  -87.97137898, -223.73062825,
        -88.9810488 ,  -99.9795112 , -119.01488664,  -91.49691481,
       -370.57545309,  -85.34733607,  -82.7094684 ,  -87.9250559 ,
        -82.03408287,  -89.74499987,  -80.98374951,  -84.21944436,
       -123.78438749,  -94.25807755, -355.01563492, -346.69356711,
        -96.26314272,  -97.79660096,  -95.05961514,  -93.77972827,
        -92.07030262, -284.37894045,  405.17528889,  382.0277767 ,
        387.32564962,  445.28049609,  422.08772208,  358.91488364,
        378.50739942,  451.28028639,  396.0131165 ,  396.34801258,
         49.62268664,   10.21893995,   60.75615141,   65.04716787,
         24.17523685,   34.11031896,   69.74917973,   30.1682791 ,
         11.33150932,   44.0929565 ])
llh_GD_PWL_Renorm_K: array([-1.48886216e+02, -1.59510248e+03, -1.11516726e+04, -2.04272149e+03,
       -2.59618875e+02, -5.44457262e+03, -9.83600977e+02, -6.07911423e+03,
       -1.05824619e+02, -2.01782670e+02, -1.02403285e+03, -1.73089803e+02,
       -1.76873031e+03, -2.20168109e+02, -1.21929017e+02, -1.48050970e+02,
       -1.70842360e+02, -1.11530913e+02, -1.08552373e+02, -1.19018029e+02,
       -6.38417554e+02, -1.27497554e+02, -6.92666167e+04, -1.82569047e+04,
       -1.86482974e+02, -1.26493229e+02, -4.39955138e+02, -1.50846858e+02,
       -1.24510030e+02, -1.85546388e+04,  4.62772414e+02, -7.11056919e+02,
        4.24648422e+02,  4.07865905e+02,  4.42476189e+02, -3.73620008e+02,
        4.07022304e+02,  3.97248497e+02,  4.61749241e+02,  3.98170089e+02,
        7.01717758e+01, -8.37295247e+02,  7.30649220e+01,  8.24119377e+01,
       -2.54182931e+00, -5.11863439e+00,  6.75256685e+01,  7.35801261e+01,
        5.51658428e+01,  7.77414494e+01])
llh_GD_PWL_Renorm_c: array([ -172.97199678,  -238.79507225,  -190.44081105,  -170.97213882,
        -121.01401559, -4563.14511245,  -184.25448277,  -314.24695881,
        -132.28165323,  -114.68963835,  -191.99264185,  -178.29350586,
        -466.05350916,  -115.85557431,  -128.40038858,  -172.59179684,
        -196.33637949,  -150.74637216,  -234.84418897,  -175.75032296,
        -206.90997441,  -182.99792382,  -568.80530692,  -457.31998675,
        -135.13097362,  -155.83576344,  -160.39955717,  -202.57065273,
        -220.15603504,  -482.88758292,   415.30189796,   457.1388831 ,
         389.92033927,   427.05574401,   454.64949728,   403.07330189,
         460.82957719,   454.52456429,   427.17069448,   410.82833375,
          58.90657995,    26.73761445,    64.09936183,    75.48598831,
          66.88574373,    74.30538494,    79.13854764,    62.19249047,
          76.94022804,    58.36252778])
lllh_GD_PWL_Renorm_p: array([ -129.42017578,  -133.51418369,  -122.35964844,  -140.15512163,
         -96.21583833, -5377.90474227,  -178.10965365,  -144.42348758,
        -101.29652659,  -103.63964395,  -100.19782541,  -127.45515117,
        -284.00278089,   -90.48791323,   -96.16641562,  -129.79001629,
        -168.0880922 ,  -107.5849338 ,  -206.38585495,  -128.32657458,
        -117.8758105 ,  -136.06288666,  -258.46744346,  -247.49997464,
        -100.49881229,  -117.80517128,  -117.19053018,  -151.71913928,
        -202.7220763 ,  -211.90308909,   394.14971177,   374.16476316,
         393.47681196,   442.98727255,   429.28511201,   387.74135314,
         425.1908981 ,   439.70643058,   418.74619129,   399.34342299,
          59.08607812,    51.2222521 ,    69.65013232,    72.80904255,
          35.03180856,    44.21421507,    66.50631443,    45.78221423,
          66.43964588,    62.57211445])
llh_GD_PWL_Renorm_Kc: array([-1.71617026e+02, -1.64537127e+02, -1.58114620e+02, -1.52497650e+02,
       -1.47838499e+02, -1.44292766e+02, -1.42018755e+02, -1.41177104e+02,
       -1.41930640e+02, -1.44444465e+02, -7.95596493e+02, -8.54524015e+02,
       -9.19275078e+02, -9.89834829e+02, -1.06603184e+03, -1.14748963e+03,
       -1.23356167e+03, -1.32323641e+03, -1.41499842e+03, -1.50664700e+03,
       -2.56446161e+03, -3.89933247e+03, -5.07652003e+03, -6.17510176e+03,
       -7.43675471e+03, -8.84986958e+03, -1.03422878e+04, -1.17567596e+04,
       -1.27908887e+04, -1.28991526e+04, -6.35742311e+02, -7.04266784e+02,
       -7.90213202e+02, -8.96020195e+02, -1.02341820e+03, -1.17288821e+03,
       -1.34289392e+03, -1.52876262e+03, -1.72096755e+03, -1.90230261e+03,
       -1.51232803e+02, -1.50413971e+02, -1.51759840e+02, -1.55470942e+02,
       -1.61727659e+02, -1.70687587e+02, -1.82483067e+02, -1.97218563e+02,
       -2.14967508e+02, -2.35768262e+02, -4.70317964e+03, -4.88949325e+03,
       -4.96576299e+03, -5.11791308e+03, -5.18622057e+03, -5.22328856e+03,
       -5.34865831e+03, -5.41229428e+03, -5.41385472e+03, -5.44457262e+03,
       -3.54718334e+02, -3.64678286e+02, -3.82076073e+02, -4.09207129e+02,
       -4.48365576e+02, -5.01691544e+02, -5.70923563e+02, -6.56915771e+02,
       -7.58577871e+02, -8.71037502e+02, -2.51714754e+03, -2.84203071e+03,
       -3.20362165e+03, -3.60025640e+03, -4.02721650e+03, -4.47528865e+03,
       -4.92876589e+03, -5.36272111e+03, -5.73942550e+03, -6.00395553e+03,
       -1.29870161e+02, -1.26935379e+02, -1.24097654e+02, -1.21364525e+02,
       -1.18743673e+02, -1.16242918e+02, -1.13870225e+02, -1.11633704e+02,
       -1.09541621e+02, -1.07602397e+02, -1.37471719e+02, -1.40083215e+02,
       -1.43479209e+02, -1.47686684e+02, -1.52731096e+02, -1.58636299e+02,
       -1.65424450e+02, -1.73115886e+02, -1.81728978e+02, -1.91279952e+02,
       -4.64012610e+02, -4.89596043e+02, -5.20695723e+02, -5.57900749e+02,
       -6.01776448e+02, -6.52840009e+02, -7.11522229e+02, -7.78109313e+02,
       -8.52658732e+02, -9.34886669e+02, -1.82006971e+02, -1.74653132e+02,
       -1.68240951e+02, -1.62954344e+02, -1.58979154e+02, -1.56502018e+02,
       -1.55709508e+02, -1.56787557e+02, -1.59921144e+02, -1.65294217e+02,
       -1.06914417e+03, -1.12623644e+03, -1.18666259e+03, -1.25036126e+03,
       -1.31722103e+03, -1.38706938e+03, -1.45965865e+03, -1.53464839e+03,
       -1.61158333e+03, -1.68986682e+03, -1.39454472e+02, -1.40041381e+02,
       -1.42126454e+02, -1.45787200e+02, -1.51092554e+02, -1.58102627e+02,
       -1.66868445e+02, -1.77431611e+02, -1.89823816e+02, -2.04066145e+02,
       -1.24837259e+02, -1.20361974e+02, -1.16648749e+02, -1.13761814e+02,
       -1.11764489e+02, -1.10719312e+02, -1.10688197e+02, -1.11732589e+02,
       -1.13913608e+02, -1.17292163e+02, -1.71496087e+02, -1.69044570e+02,
       -1.66611006e+02, -1.64197511e+02, -1.61806238e+02, -1.59439383e+02,
       -1.57099179e+02, -1.54787901e+02, -1.52507864e+02, -1.50261422e+02,
       -1.92286724e+02, -1.78511369e+02, -1.65957865e+02, -1.55148355e+02,
       -1.46609078e+02, -1.40859237e+02, -1.38402789e+02, -1.39723338e+02,
       -1.45281831e+02, -1.55516286e+02, -1.45160182e+02, -1.39935629e+02,
       -1.35025269e+02, -1.30465541e+02, -1.26293358e+02, -1.22546113e+02,
       -1.19261706e+02, -1.16478587e+02, -1.14235807e+02, -1.12573091e+02,
       -2.25296877e+02, -2.12563111e+02, -1.99476362e+02, -1.86221722e+02,
       -1.73007081e+02, -1.60060698e+02, -1.47629045e+02, -1.35975248e+02,
       -1.25378310e+02, -1.16133273e+02, -1.68822205e+02, -1.62099022e+02,
       -1.55619753e+02, -1.49435927e+02, -1.43600409e+02, -1.38167322e+02,
       -1.33192003e+02, -1.28730991e+02, -1.24842055e+02, -1.21584252e+02,
       -3.49149878e+02, -3.59131511e+02, -3.72202196e+02, -3.88793443e+02,
       -4.09341752e+02, -4.34282291e+02, -4.64039645e+02, -4.99014165e+02,
       -5.39562343e+02, -5.85969952e+02, -1.78229557e+02, -1.72364305e+02,
       -1.66579048e+02, -1.60907717e+02, -1.55385516e+02, -1.50048832e+02,
       -1.44935162e+02, -1.40083069e+02, -1.35532158e+02, -1.31323079e+02,
       -3.08298000e+02, -3.08298000e+02, -3.08298000e+02, -3.08298000e+02,
       -3.08298000e+02, -3.08298000e+02, -3.08298000e+02, -3.08298000e+02,
       -3.08298000e+02, -3.07545054e+02, -3.08298000e+02, -3.08297999e+02,
       -3.08297996e+02, -3.08297852e+02, -3.08292302e+02, -3.08077570e+02,
       -3.00125481e+02, -1.71506153e+02, -5.54273130e+02, -5.99708627e+03,
       -1.49012349e+02, -1.47176156e+02, -1.46401912e+02, -1.46766273e+02,
       -1.48340543e+02, -1.51190509e+02, -1.55376350e+02, -1.60952594e+02,
       -1.67968083e+02, -1.76465863e+02, -1.53300902e+02, -1.50200395e+02,
       -1.47172808e+02, -1.44225568e+02, -1.41366220e+02, -1.38602427e+02,
       -1.35941967e+02, -1.33392739e+02, -1.30962758e+02, -1.28660166e+02,
       -2.46858240e+02, -2.47271723e+02, -2.50721545e+02, -2.57748688e+02,
       -2.68873071e+02, -2.84566568e+02, -3.05218096e+02, -3.31092458e+02,
       -3.62287049e+02, -3.98691656e+02, -2.03305541e+02, -1.98105519e+02,
       -1.92843578e+02, -1.87536850e+02, -1.82203798e+02, -1.76864186e+02,
       -1.71539046e+02, -1.66250656e+02, -1.61022508e+02, -1.55879288e+02,
       -2.05904751e+02, -1.91055816e+02, -1.76325621e+02, -1.62222842e+02,
       -1.49277593e+02, -1.38021216e+02, -1.28971945e+02, -1.22627621e+02,
       -1.19464944e+02, -1.19943260e+02, -6.83590589e+03, -9.86208513e+03,
       -1.42303259e+04, -2.04514922e+04, -2.59237362e+04, -2.87856435e+04,
       -3.10719705e+04, -3.23077482e+04, -3.16245985e+04, -2.76931204e+04,
        4.20613461e+02,  4.26737206e+02,  4.32488135e+02,  4.37847990e+02,
        4.42798003e+02,  4.47318884e+02,  4.51390805e+02,  4.54993380e+02,
        4.58105647e+02,  4.60706048e+02,  3.06204625e+02,  2.65285653e+02,
        2.11071208e+02,  1.43161181e+02,  6.12641581e+01, -3.47689586e+01,
       -1.44876505e+02, -2.68684363e+02, -4.05377352e+02, -5.53551693e+02,
        3.89388496e+02,  3.93261014e+02,  3.97062157e+02,  4.00789865e+02,
        4.04442052e+02,  4.08016598e+02,  4.11511356e+02,  4.14924146e+02,
        4.18252755e+02,  4.21494939e+02,  4.27896981e+02,  4.26041061e+02,
        4.24151041e+02,  4.22227451e+02,  4.20270817e+02,  4.18281658e+02,
        4.16260492e+02,  4.14207829e+02,  4.12124176e+02,  4.10010036e+02,
        4.60823194e+02,  4.62943907e+02,  4.64284135e+02,  4.64808617e+02,
        4.64481155e+02,  4.63264603e+02,  4.61120838e+02,  4.58010749e+02,
        4.53894214e+02,  4.48730089e+02,  2.35282288e+02,  1.97752166e+02,
        1.55367667e+02,  1.07984192e+02,  5.54631666e+01, -2.32491268e+00,
       -6.54966278e+01, -1.34151020e+02, -2.08364228e+02, -2.88183413e+02,
        4.56117276e+02,  4.53295795e+02,  4.50039728e+02,  4.46338310e+02,
        4.42180620e+02,  4.37555589e+02,  4.32451994e+02,  4.26858463e+02,
        4.20763475e+02,  4.14155361e+02,  4.49929664e+02,  4.48475696e+02,
        4.46253245e+02,  4.43234020e+02,  4.39388969e+02,  4.34688262e+02,
        4.29101264e+02,  4.22596520e+02,  4.15141731e+02,  4.06703737e+02,
        4.34459135e+02,  4.40119760e+02,  4.45210773e+02,  4.49702976e+02,
        4.53566346e+02,  4.56770009e+02,  4.59282214e+02,  4.61070305e+02,
        4.62100699e+02,  4.62338853e+02,  4.11885176e+02,  4.10568532e+02,
        4.09239353e+02,  4.07897770e+02,  4.06543911e+02,  4.05177905e+02,
        4.03799878e+02,  4.02409957e+02,  4.01008269e+02,  3.99594938e+02,
        6.06117151e+01,  6.21784263e+01,  6.36214888e+01,  6.49365874e+01,
        6.61192912e+01,  6.71650509e+01,  6.80691954e+01,  6.88269290e+01,
        6.94333283e+01,  6.98833397e+01, -1.73127549e+02, -1.94297709e+02,
       -2.23038744e+02, -2.60292802e+02, -3.07022764e+02, -3.64192295e+02,
       -4.32742125e+02, -5.13564119e+02, -6.07474889e+02, -7.15189786e+02,
        6.42622997e+01,  6.52417251e+01,  6.62001221e+01,  6.71371206e+01,
        6.80523460e+01,  6.89454193e+01,  6.98159570e+01,  7.06635710e+01,
        7.14878688e+01,  7.22884531e+01,  7.66020592e+01,  7.76455871e+01,
        7.85938067e+01,  7.94440043e+01,  8.01934151e+01,  8.08392226e+01,
        8.13785583e+01,  8.18085004e+01,  8.21260735e+01,  8.23282476e+01,
        5.49437405e+01,  5.10057701e+01,  4.66931852e+01,  4.19957712e+01,
        3.69031992e+01,  3.14050321e+01,  2.54907302e+01,  1.91496581e+01,
        1.23710910e+01,  5.14422211e+00,  6.25557392e+01,  5.86173547e+01,
        5.41068078e+01,  4.90034547e+01,  4.32863155e+01,  3.69340915e+01,
        2.99251833e+01,  2.22377113e+01,  1.38495362e+01,  4.73828292e+00,
        7.99262314e+01,  8.03561681e+01,  8.04550879e+01,  8.02086896e+01,
        7.96022585e+01,  7.86206614e+01,  7.72483429e+01,  7.54693196e+01,
        7.32671757e+01,  7.06250577e+01,  7.00639580e+01,  7.38678819e+01,
        7.70440933e+01,  7.95442895e+01,  8.13179291e+01,  8.23121956e+01,
        8.24719596e+01,  8.17397391e+01,  8.00556565e+01,  7.73573906e+01,
        7.59889012e+01,  7.59658502e+01,  7.55368511e+01,  7.46835602e+01,
        7.33870526e+01,  7.16278156e+01,  6.93857429e+01,  6.66401283e+01,
        6.33696595e+01,  5.95524121e+01,  5.96968708e+01,  6.19744317e+01,
        6.41571341e+01,  6.62412984e+01,  6.82231485e+01,  7.00988094e+01,
        7.18643049e+01,  7.35155557e+01,  7.50483769e+01,  7.64584758e+01])
llh_GD_PWL_Renorm_Kp: array([-1.19431940e+02, -1.10900689e+02, -1.04175404e+02, -9.95925818e+01,
       -9.74541657e+01, -9.80001933e+01, -1.01381199e+02, -1.07648704e+02,
       -1.16826121e+02, -1.29322336e+02, -1.62933796e+02, -2.04467393e+02,
       -2.60556534e+02, -3.33980288e+02, -4.27838701e+02, -5.45487752e+02,
       -6.90395222e+02, -8.65872966e+02, -1.07462388e+03, -1.31802704e+03,
       -1.08455457e+02, -1.17529600e+02, -1.65967983e+02, -2.78897506e+02,
       -4.95368410e+02, -8.76457954e+02, -1.51778342e+03, -2.56852919e+03,
       -4.25967526e+03, -6.94423089e+03, -1.16915229e+02, -1.00681310e+02,
       -9.66773670e+01, -1.11996607e+02, -1.56314251e+02, -2.42770548e+02,
       -3.88876229e+02, -6.17020476e+02, -9.53572910e+02, -1.42441150e+03,
       -9.31615660e+01, -9.36415846e+01, -9.80851538e+01, -1.06801321e+02,
       -1.19912279e+02, -1.37279853e+02, -1.58437686e+02, -1.82550171e+02,
       -2.08426483e+02, -2.34618635e+02, -5.37828925e+03, -5.37885940e+03,
       -5.37990242e+03, -5.41187962e+03, -5.41243420e+03, -5.41409323e+03,
       -5.44457262e+03, -5.44457262e+03, -5.44457262e+03, -5.44457262e+03,
       -1.50296146e+02, -1.24385338e+02, -1.04014208e+02, -9.40157619e+01,
       -1.00723377e+02, -1.32279701e+02, -1.98706406e+02, -3.11215500e+02,
       -4.79827685e+02, -7.08005336e+02, -1.89851510e+02, -2.65299999e+02,
       -3.81566787e+02, -5.53066932e+02, -7.99056307e+02, -1.14524098e+03,
       -1.62588964e+03, -2.28662914e+03, -3.18830491e+03, -4.41314368e+03,
       -1.00628654e+02, -1.00186296e+02, -9.99647126e+01, -9.99598783e+01,
       -1.00168609e+02, -1.00588595e+02, -1.01218339e+02, -1.02057024e+02,
       -1.03104323e+02, -1.04360184e+02, -1.09249424e+02, -1.15952111e+02,
       -1.23658826e+02, -1.32248401e+02, -1.41568344e+02, -1.51438190e+02,
       -1.61655664e+02, -1.72005853e+02, -1.82273284e+02, -1.92256308e+02,
       -1.01356821e+02, -1.10609506e+02, -1.30120898e+02, -1.62428168e+02,
       -2.10464138e+02, -2.77545356e+02, -3.67295195e+02, -4.83461365e+02,
       -6.29593227e+02, -8.08677033e+02, -1.16961146e+02, -1.08277944e+02,
       -1.01831886e+02, -9.80437314e+01, -9.73045352e+01, -9.99436609e+01,
       -1.06192056e+02, -1.16156070e+02, -1.29860135e+02, -1.47621921e+02,
       -3.38495750e+02, -4.03756788e+02, -4.81202985e+02, -5.72395576e+02,
       -6.79046430e+02, -8.03026086e+02, -9.46380766e+02, -1.11138053e+03,
       -1.30066635e+03, -1.51772869e+03, -9.21610003e+01, -9.63702727e+01,
       -1.03162599e+02, -1.12488043e+02, -1.24182036e+02, -1.37953527e+02,
       -1.53383682e+02, -1.69939960e+02, -1.87009304e+02, -2.03951390e+02,
       -9.30294380e+01, -9.13467771e+01, -9.10938350e+01, -9.21883569e+01,
       -9.44908360e+01, -9.78115032e+01, -1.01925036e+02, -1.06592864e+02,
       -1.11591078e+02, -1.16739896e+02, -1.29449970e+02, -1.29369224e+02,
       -1.29570253e+02, -1.30081050e+02, -1.30937331e+02, -1.32185954e+02,
       -1.33890509e+02, -1.36141102e+02, -1.39073021e+02, -1.42906822e+02,
       -1.48214991e+02, -1.29795604e+02, -1.13930207e+02, -1.01792312e+02,
       -9.45414285e+01, -9.31802295e+01, -9.83407529e+01, -1.10008322e+02,
       -1.27258851e+02, -1.48230704e+02, -1.03602908e+02, -1.00503962e+02,
       -9.82980329e+01, -9.69767790e+01, -9.65168274e+01, -9.68866854e+01,
       -9.80583618e+01, -1.00024817e+02, -1.02824638e+02, -1.06576577e+02,
       -1.87441040e+02, -1.68900460e+02, -1.51583321e+02, -1.36266014e+02,
       -1.23577357e+02, -1.13906536e+02, -1.07359973e+02, -1.03799722e+02,
       -1.02961361e+02, -1.04595240e+02, -1.21059865e+02, -1.14775133e+02,
       -1.09576240e+02, -1.05546881e+02, -1.02750169e+02, -1.01234408e+02,
       -1.01050493e+02, -1.02291391e+02, -1.05177212e+02, -1.10255360e+02,
       -1.13541259e+02, -1.13738861e+02, -1.19733198e+02, -1.33006825e+02,
       -1.55291210e+02, -1.88597791e+02, -2.35253193e+02, -2.97966987e+02,
       -3.80075445e+02, -4.86808271e+02, -1.30672631e+02, -1.26082673e+02,
       -1.22347924e+02, -1.19508210e+02, -1.17591146e+02, -1.16617885e+02,
       -1.16611815e+02, -1.17609867e+02, -1.19675918e+02, -1.22916129e+02,
       -4.43290791e+02, -7.74932867e+02, -1.34096795e+03, -2.28048236e+03,
       -3.81466154e+03, -6.29550785e+03, -1.02835413e+04, -1.66719541e+04,
       -2.68855577e+04, -4.32010565e+04, -3.69820353e+02, -5.62154876e+02,
       -8.53879042e+02, -1.28653887e+03, -1.91904367e+03, -2.83514746e+03,
       -4.15432097e+03, -6.04773561e+03, -8.76212697e+03, -1.26561277e+04,
       -9.95142773e+01, -1.00493876e+02, -1.03533385e+02, -1.08662710e+02,
       -1.15828752e+02, -1.24880739e+02, -1.35561989e+02, -1.47513441e+02,
       -1.60295122e+02, -1.73431346e+02, -1.16960991e+02, -1.16425648e+02,
       -1.16201476e+02, -1.16291685e+02, -1.16701038e+02, -1.17436530e+02,
       -1.18508080e+02, -1.19929193e+02, -1.21717644e+02, -1.23896166e+02,
       -1.07358312e+02, -1.01724875e+02, -1.01612755e+02, -1.08477325e+02,
       -1.23852174e+02, -1.49235329e+02, -1.85885192e+02, -2.34492445e+02,
       -2.94707703e+02, -3.64559874e+02, -1.48428635e+02, -1.45808182e+02,
       -1.43866589e+02, -1.42601514e+02, -1.42000736e+02, -1.42043713e+02,
       -1.42703356e+02, -1.43947972e+02, -1.45743282e+02, -1.48054310e+02,
       -1.82819443e+02, -1.62647294e+02, -1.43359134e+02, -1.26251957e+02,
       -1.12627187e+02, -1.03585405e+02, -9.97618025e+01, -1.01067575e+02,
       -1.06591690e+02, -1.14861178e+02, -3.21577969e+02, -5.00455876e+02,
       -7.79044267e+02, -1.20092616e+03, -1.82837176e+03, -2.75025961e+03,
       -4.09317734e+03, -6.03680768e+03, -8.83489928e+03, -1.28431227e+04,
        4.04079229e+02,  4.13250713e+02,  4.21681122e+02,  4.29395709e+02,
        4.36426049e+02,  4.42805955e+02,  4.48563337e+02,  4.53703247e+02,
        4.58166917e+02,  4.61696977e+02,  3.94775647e+02,  3.97875694e+02,
        3.79699913e+02,  3.36555160e+02,  2.65200906e+02,  1.63415129e+02,
        3.07487579e+01, -1.30597279e+02, -3.14956113e+02, -5.12776212e+02,
        3.97671896e+02,  4.01674432e+02,  4.05477001e+02,  4.09069128e+02,
        4.12435858e+02,  4.15555400e+02,  4.18394898e+02,  4.20901882e+02,
        4.22983956e+02,  4.24446003e+02,  4.39576044e+02,  4.36013210e+02,
        4.32310723e+02,  4.28479640e+02,  4.24530195e+02,  4.20471865e+02,
        4.16313436e+02,  4.12063054e+02,  4.07728282e+02,  4.06212968e+02,
        4.32890425e+02,  4.35626977e+02,  4.37621570e+02,  4.39012181e+02,
        4.39942075e+02,  4.40552465e+02,  4.40973929e+02,  4.41316932e+02,
        4.41662040e+02,  4.42050532e+02,  3.60977808e+02,  3.24782619e+02,
        2.78750742e+02,  2.22704718e+02,  1.56780108e+02,  8.15247194e+01,
       -1.99248885e+00, -9.20718849e+01, -1.86289718e+02, -2.81448948e+02,
        4.23589144e+02,  4.21840903e+02,  4.19997546e+02,  4.18109376e+02,
        4.16224375e+02,  4.14386850e+02,  4.12636002e+02,  4.11004451e+02,
        4.09516757e+02,  4.08187976e+02,  4.42253172e+02,  4.43433389e+02,
        4.43265031e+02,  4.41786820e+02,  4.39060234e+02,  4.35169996e+02,
        4.30220622e+02,  4.24321970e+02,  4.17538312e+02,  4.09664916e+02,
        4.24963474e+02,  4.30524261e+02,  4.35506178e+02,  4.39985633e+02,
        4.44033849e+02,  4.47712974e+02,  4.51072620e+02,  4.54147153e+02,
        4.56954043e+02,  4.59493464e+02,  3.99398896e+02,  3.99419895e+02,
        3.99407215e+02,  3.99361588e+02,  3.99283688e+02,  3.99174133e+02,
        3.99033494e+02,  3.98862300e+02,  3.98661039e+02,  3.98430162e+02,
        6.24629784e+01,  6.55881189e+01,  6.84585857e+01,  7.10710975e+01,
        7.34207689e+01,  7.54987808e+01,  7.72877790e+01,  7.87519346e+01,
        7.98120010e+01,  8.02634725e+01,  6.32192623e+01,  6.71278301e+01,
        6.06585925e+01,  4.10856257e+01,  5.18700514e+00, -5.07997804e+01,
       -1.31194701e+02, -2.40869101e+02, -3.85358212e+02, -5.72286492e+02,
        7.02145532e+01,  7.07318175e+01,  7.12008327e+01,  7.16204499e+01,
        7.19894624e+01,  7.23066023e+01,  7.25705368e+01,  7.27798625e+01,
        7.29330981e+01,  7.30286743e+01,  7.40530582e+01,  7.52255712e+01,
        7.63264977e+01,  7.73552756e+01,  7.83109043e+01,  7.91919955e+01,
        7.99968345e+01,  8.07234491e+01,  8.13696843e+01,  8.19332782e+01,
        3.15094140e+01,  2.78562625e+01,  2.41264633e+01,  2.03748281e+01,
        1.66553584e+01,  1.30194985e+01,  9.51418017e+00,  6.17970310e+00,
        3.04751481e+00,  1.37970816e-01,  4.04047180e+01,  3.61433522e+01,
        3.15278162e+01,  2.66656359e+01,  2.16710903e+01,  1.66610218e+01,
        1.17494771e+01,  7.04120480e+00,  2.62414229e+00, -1.43885071e+00,
        6.76908479e+01,  6.85466512e+01,  6.91196981e+01,  6.94573586e+01,
        6.96052802e+01,  6.96032792e+01,  6.94800724e+01,  6.92466005e+01,
        6.88874931e+01,  6.83496803e+01,  5.13186877e+01,  5.59031294e+01,
        5.96452578e+01,  6.26751276e+01,  6.51323612e+01,  6.71528363e+01,
        6.88543620e+01,  7.03235522e+01,  7.16064143e+01,  7.27048422e+01,
        6.73825737e+01,  6.77731179e+01,  6.76622328e+01,  6.71110967e+01,
        6.61885982e+01,  6.49665860e+01,  6.35115217e+01,  6.18699141e+01,
        6.00415878e+01,  5.79241296e+01,  6.51778821e+01,  6.75950494e+01,
        6.98166722e+01,  7.18321686e+01,  7.36262407e+01,  7.51774759e+01,
        7.64564124e+01,  7.74226322e+01,  7.80199509e+01,  7.81675520e+01])
max_PWL_Renorm: 464.80861663051604
llh_GD_QEXP: array([ 396.21632242,  333.40676217,  495.96479095,  402.27945056,
        406.15341995,  506.43630371,  484.10690241,  499.78285137,
        462.48200374,  558.21273957,  512.4950822 ,  642.06585669,
        408.08143895,  510.38002589,  220.07861811,  427.20721039,
        619.22950239,  609.23541271,  661.9701449 ,  515.75492811,
        467.37232991,  334.98692668,  423.25667012,  443.02484962,
        338.99697916,  562.27152944,  219.68227182,  534.95691835,
        399.42576583,  426.4040526 , 2708.13312572, 1941.21003416,
       2513.49838473, 2036.03629616, 2622.67506021, 2507.82972352,
       2618.20713267, 2683.54184062, 1989.52776192, 2387.88588915,
        480.35404469,  970.36223833, 1056.1654085 ,  464.83707664,
        780.92648893,  941.46134364,  864.02524789,  915.4576206 ,
        835.43767694,  677.51074402])
llh_GD_QEXP_Renorm_a: array([ 133.96158526,  159.10143814,  229.96575913,  229.42576777,
        218.55308444,  156.95531589,  170.2373352 ,  226.48768539,
        168.92698142,  172.83395149,  267.88133222,  274.21868667,
        147.85053617,  276.86444506,  153.14727797,  257.17938608,
        248.65854289,  204.4919672 ,  233.84528034,  197.29413456,
        188.82088297,  167.87987091,  195.85968774,  214.69077768,
        126.39918234,  195.76068539,  125.52431196,  210.48033302,
        177.23100734,  188.14983942, 1402.58147094, 1420.8312361 ,
       1339.82994952, 1182.06109356, 1326.79952882, 1215.29929263,
       1416.84634141, 1397.68708468,  835.32777833, 1271.60298511,
        260.30291255,  434.5136814 ,  473.0280981 ,  426.84017809,
        426.47400419,  477.05493598,  415.77410258,  427.84470156,
        406.42109051,  457.19028361])
lllh_GD_QEXP_Renorm_q: array([ 534.79322113,  380.67555461,  572.88380079,  460.03640155,
        476.69365571,  654.40001354,  616.88591732,  579.22701107,
        588.19622574,  698.27815326,  600.20621934,  748.37065909,
        513.44192635,  591.35270999,  236.17852481,  494.3933993 ,
        742.82687266,  771.76713918,  807.20484668,  662.2638666 ,
        562.21750944,  381.63824708,  501.41076201,  516.77280631,
        418.94029462,  667.5680625 ,  285.89081736,  623.71433668,
        495.63760608,  512.1757039 , 3046.17844075, 2126.42772956,
       2880.20705394, 2431.07171077, 3022.66454121, 2981.81560697,
       2926.03078069, 3020.21129894, 2486.07421187, 2791.08319972,
        551.28709169, 1116.84178508, 1178.05879763,  459.93392411,
        900.3478003 , 1051.20101478, 1007.24294273, 1054.88723003,
        977.59962246,  751.06258403])
llh_GD_QEXP_Renorm_aq: array([ 500.55336346,  465.586043  ,  429.92748247,  393.64121136,
        356.82143582,  319.59518271,  282.12267147,  244.59544616,
        207.23199021,  170.27084151,  360.96832486,  341.09912595,
        321.08668034,  300.952846  ,  280.72265786,  260.42431017,
        240.0890726 ,  219.75113469,  199.4473751 ,  179.21705509,
        544.46753468,  515.56985076,  486.15401527,  456.18623435,
        425.63779595,  394.48772884,  362.72600583,  330.3572792 ,
        297.40507577,  263.91629653,  440.31410419,  420.34147939,
        400.11373832,  379.62814965,  358.88447156,  337.88541986,
        316.63716648,  295.1498593 ,  273.438151  ,  251.52172067,
        454.7554728 ,  432.50331083,  409.93117293,  387.03634108,
        363.82010315,  340.28853682,  316.45333458,  292.33264697,
        267.95191337,  243.34464099,  614.3553225 ,  573.21690684,
        530.90724264,  487.37655958,  442.61709423,  396.67925502,
        349.68821462,  301.85851323,  253.503428  ,  205.03551832,
        580.56782206,  543.35310379,  505.18944159,  466.04436023,
        425.91399085,  384.83291106,  342.88436721,  300.20976024,
        257.01586785,  213.57800351,  550.07650521,  520.41606075,
        490.20596481,  459.40985503,  427.99717585,  395.94623259,
        363.24786974,  329.90974853,  295.96112235,  261.45790385,
        553.75085237,  518.49292647,  482.39151317,  445.43502193,
        407.63783445,  369.04737274,  329.75103813,  289.88221168,
        249.62430546,  209.21176055,  656.59850811,  613.83629879,
        569.86485215,  524.57157699,  477.87335332,  429.73657195,
        380.20125657,  329.40734109,  277.61937589,  225.24407555,
        572.35590608,  544.04780156,  515.26349632,  485.98906993,
        456.21656518,  425.94566297,  395.18553709,  363.95684755,
        332.29380531,  300.24621046,  709.87056893,  670.64966676,
        630.62272487,  589.70457931,  547.81471773,  504.8836813 ,
        460.86159419,  415.7290213 ,  369.51011743,  322.28762647,
        480.60265135,  447.38490877,  413.86267147,  380.12467825,
        346.27378777,  312.42562022,  278.70647111,  245.25054572,
        212.19663241,  179.68439781,  564.89596731,  538.03183831,
        510.74356237,  483.01776681,  454.84559375,  426.22398767,
        397.15713494,  367.65803363,  337.75015538,  307.46914063,
        228.48393027,  220.81330386,  213.16842134,  205.55105633,
        197.96297751,  190.40594604,  182.88171288,  175.39201612,
        167.93857839,  160.52310432,  473.90000873,  453.16909036,
        432.20284557,  411.00582894,  389.58524856,  367.95126963,
        346.11731365,  324.10034457,  301.92113131,  279.60447477,
        702.99973334,  662.30346986,  620.64919249,  577.9543876 ,
        534.15009346,  489.19026721,  443.06342797,  395.80634939,
        347.51909102,  298.38000028,  726.55051322,  680.10355534,
        632.3147568 ,  583.0960401 ,  532.39876556,  480.2332075 ,
        426.69042947,  371.96430032,  316.37001554,  260.35429056,
        761.76636023,  715.24481098,  667.49748321,  618.38635895,
        567.79066506,  515.62435929,  461.85894531,  406.55112769,
        349.87334666,  292.14318073,  623.83298495,  584.48474653,
        544.2020935 ,  502.99259956,  460.89527894,  417.98743388,
        374.39086064,  330.27653377,  285.86675889,  241.43379237,
        531.7754742 ,  500.69932859,  468.94033592,  436.45614129,
        403.21484028,  369.19998061,  334.41646793,  298.89721911,
        262.71022701,  225.96547482,  363.03055855,  344.21199886,
        325.19131123,  305.98020964,  286.59363184,  267.04996663,
        247.37124401,  227.58327605,  207.71573566,  187.80216064,
        475.99216469,  450.117477  ,  423.76587792,  396.9214966 ,
        369.57521619,  341.72674343,  313.3869136 ,  284.58016819,
        255.34710261,  225.74693398,  491.64316661,  466.09830519,
        440.11096013,  413.65642448,  386.7140332 ,  359.26897097,
        331.31441608,  302.85401526,  273.90465337,  244.49943965,
        393.35741536,  367.4099041 ,  341.13084087,  314.56357729,
        287.76227133,  260.79210248,  233.72909266,  206.65947144,
        179.67854758,  152.88908026,  629.93285509,  591.53076571,
        552.24588914,  511.9580457 ,  470.54940923,  427.9146422 ,
        383.97536872,  338.69956998,  292.12585995,  244.39143342,
        271.27415813,  256.62195465,  241.94702791,  227.26306622,
        212.5845729 ,  197.92680108,  183.30567592,  168.73770452,
        154.23987449,  139.82954217,  590.23187945,  556.13239294,
        521.33630514,  485.7623289 ,  449.33134108,  411.97201156,
        373.62855919,  334.27093493,  293.90753277,  252.60015222,
        469.11874249,  442.09042758,  414.53817828,  386.45543838,
        357.84583229,  328.72561682,  299.1262386 ,  269.0968592 ,
        238.70666052,  208.04669516,  485.33978392,  457.99026237,
        430.10332546,  401.66158127,  372.65643646,  343.09081394,
        312.98215353,  282.36558641,  251.29711169,  219.85653279,
       2912.99315059, 2777.51666729, 2639.3850284 , 2498.2143176 ,
       2353.61886224, 2205.2400509 , 2052.78862354, 1896.10272986,
       1735.22236338, 1570.47744026, 2065.51637992, 2003.93687267,
       1941.6830098 , 1878.75394221, 1815.15507119, 1750.89900097,
       1686.00652804, 1620.50764831, 1554.44255754, 1487.86261519,
       2755.4374067 , 2628.12814643, 2497.98933701, 2364.74643686,
       2228.16401533, 2088.07745638, 1944.43303336, 1797.33547504,
       1647.10016972, 1494.30451399, 2324.98628499, 2216.83351992,
       2106.6602655 , 1994.57501621, 1880.75807293, 1765.47010866,
       1649.05793265, 1531.95618549, 1414.68381715, 1297.8345471 ,
       2886.58574348, 2747.67547448, 2605.53737634, 2459.77877368,
       2310.04221699, 2156.05059112, 1997.66738196, 1834.97152091,
       1668.34239968, 1498.54511783, 2840.40839609, 2695.36353141,
       2546.30221863, 2392.91302424, 2235.00669138, 2072.58427873,
       1905.9145761 , 1735.61177316, 1562.69866374, 1388.63614213,
       2802.86463494, 2677.61315409, 2549.98927345, 2419.6977432 ,
       2286.4497756 , 2149.98469865, 2010.1001359 , 1866.69182162,
       1719.80316663, 1569.68289545, 2888.71968603, 2754.92229751,
       2618.46675185, 2478.98516974, 2336.11284205, 2189.51703975,
       2038.9384455 , 1884.2470356 , 1725.51253148, 1563.08634945,
       2319.88416946, 2153.52915009, 1988.37131119, 1825.77552127,
       1666.99580465, 1513.08102741, 1364.8186529 , 1222.72422222,
       1087.07148576,  957.94917537, 2667.58713833, 2541.28582071,
       2411.95353862, 2279.41159108, 2143.55671877, 2004.39521863,
       1862.08124302, 1716.95620211, 1569.58432736, 1420.77769581,
        522.81300778,  494.680956  ,  466.91724508,  439.54535053,
        412.58587181,  386.05656659,  359.97245451,  334.3459808 ,
        309.18722806,  284.50416398, 1060.73064022, 1003.59954274,
        945.34109824,  885.85728267,  825.06912921,  762.92915963,
        699.43645865,  634.65379527,  568.72552977,  501.89428574,
       1119.7572084 , 1060.62989795, 1000.55128472,  939.38970015,
        877.01333552,  813.29937124,  748.14705853,  681.49536886,
        613.34541306,  543.78706841,  456.92637832,  453.91849964,
        450.91033305,  447.90192399,  444.89331831,  441.88456231,
        438.87570273,  435.86678672,  432.85786187,  429.84897618,
        859.98040873,  819.01344191,  777.43916269,  735.2601037 ,
        692.49133055,  649.16276567,  605.32145937,  561.03366572,
        516.3865574 ,  471.4893997 , 1003.13853628,  954.40147705,
        904.92179873,  854.63341856,  803.4758377 ,  751.39890214,
        698.36881809,  644.37546579,  589.4409278 ,  533.62896489,
        957.81178274,  907.47730583,  856.19792349,  803.94952417,
        750.73182048,  696.57530237,  641.54839603,  585.76424252,
        529.38634144,  472.63219727, 1002.90710175,  949.97749347,
        896.02762554,  841.00061987,  784.86118302,  727.60470634,
        669.26747449,  609.93737392,  549.76415269,  488.96796304,
        929.5456701 ,  880.62601751,  830.81805926,  780.11837684,
        728.5481452 ,  676.15871471,  623.03695969,  569.30986548,
        515.1477446 ,  460.76545762,  725.37495986,  699.46080912,
        673.3224105 ,  646.96406666,  620.39233751,  593.6162745 ,
        566.64765149,  539.50118671,  512.19474993,  484.74954829])
max_QEXP_Renorm: 3046.1784407455416
llh_GD_RAY: array([ -82.23718152,  -82.09837638,  -83.30931532,  -87.49312733,
        -81.89374388,  -82.80845774,  -83.26120959,  -82.8634067 ,
        -81.95235811,  -95.73904978,  -82.79323364,  -89.2686997 ,
        -79.6180389 ,  -86.5905483 ,  -81.01335251,  -88.96755594,
        -89.95422392, -102.66313388,  -79.66106847,  -90.03310644,
        -99.92862162,  -93.12787489,  -92.96301878,  -94.01952181,
        -91.0603265 ,  -93.66486917,  -91.11248332,  -93.91326232,
        -98.4416313 ,  -93.96508062,  385.08206369,  436.5340866 ,
        452.65581233,  432.4688273 ,  445.64435769,  450.88304524,
        434.50768125,  420.37126031,  457.51823712,  448.91954481,
         68.32607869,   72.68398215,   81.76897558,   15.15384891,
         47.0404069 ,   55.08729574,   76.88583471,   46.52965316,
         83.84962666,   80.93595857])
llh_GD_RAY_Renorm_gamma: array([ -87.7647579 ,  -87.05648664,  -90.92564517,  -89.6930686 ,
        -83.62369222,  -89.7371601 ,  -91.44568655,  -90.18437082,
        -86.95006151,  -83.98755576,  -89.39300991,  -89.17985485,
        -90.03827009,  -88.36999472,  -92.34108438,  -88.16302507,
        -87.65282836,  -86.86987841,  -88.3247641 ,  -87.71366214,
        -95.87659304,  -94.64776089,  -97.03701014, -106.99377383,
        -93.82091437,  -94.6504178 ,  -96.47207535, -114.39592957,
        -95.08138171, -104.6356383 ,  385.7141087 ,  441.83254489,
        450.07640293,  429.60849193,  445.95114628,  449.59657833,
        435.07284977,  431.30459607,  454.50699032,  445.8627914 ,
         67.84780373,   74.95810479,   81.50544168,   15.12185777,
         51.35998254,   59.59749394,   77.66082424,   68.15907578,
         81.62079142,   81.46957389])
llh_GD_RAY_Renorm_eta: array([-84.00493523, -84.54481201, -84.4032409 , -88.76740445,
       -83.47702616, -84.27459615, -86.02070614, -84.43342116,
       -84.21077354, -85.5067781 , -88.13266133, -88.9633668 ,
       -87.6076984 , -87.95338695, -88.96458965, -88.37232172,
       -87.49976338, -86.80667392, -87.12644081, -88.05203177,
       -96.74727201, -94.51663966, -95.43799143, -97.4370074 ,
       -93.44350276, -93.79587586, -93.90026672, -97.52791713,
       -91.85009869, -95.17149289, 384.96235739, 442.26750397,
       446.54802972, 428.1331718 , 445.53666338, 445.68379429,
       435.87687245, 433.11280197, 453.09276489, 443.97383799,
        67.60447791,  70.34268229,  80.66386516,  10.70336724,
        55.50194802,  49.50278462,  75.67673858,  53.94120173,
        80.8015496 ,  79.91268736])
llh_GD_RAY_Renorm_gammaeta: array([ -84.17983913,  -84.38447921,  -84.62027939,  -84.88853281,
        -85.19041077,  -85.52698222,  -85.89924291,  -86.30815229,
        -86.75467671,  -87.23983685,  -84.70383432,  -84.87592277,
        -85.06136679,  -85.26043931,  -85.47339946,  -85.70049584,
        -85.94197024,  -86.19806181,  -86.4690115 ,  -86.75506679,
        -84.70684548,  -85.06192179,  -85.47067128,  -85.93508566,
        -86.45705345,  -87.03849127,  -87.68149131,  -88.388477  ,
        -89.16235688,  -90.0066619 ,  -88.84780795,  -88.92894848,
        -89.01083004,  -89.09345673,  -89.17683273,  -89.26096229,
        -89.34584977,  -89.43149958,  -89.51791624,  -89.60510435,
        -83.47197239,  -83.47006648,  -83.4714743 ,  -83.47636802,
        -83.4849255 ,  -83.49732956,  -83.51376718,  -83.5344287 ,
        -83.55950696,  -83.58919641,  -84.53149083,  -84.83125103,
        -85.17574492,  -85.56664947,  -86.00550825,  -86.49380852,
        -87.03307251,  -87.62495813,  -88.27136448,  -88.97453648,
        -86.37012866,  -86.7460249 ,  -87.14899598,  -87.57969396,
        -88.0388429 ,  -88.52725973,  -89.04587389,  -89.59574472,
        -90.17807499,  -90.79421941,  -84.71502248,  -85.04000706,
        -85.41007741,  -85.82678309,  -86.29158826,  -86.80595473,
        -87.37143581,  -87.98977641,  -88.66301489,  -89.39357966,
        -84.36508772,  -84.53686971,  -84.72667681,  -84.93502611,
        -85.16239808,  -85.40924183,  -85.6759822 ,  -85.96302819,
        -86.2707826 ,  -86.5996527 ,  -85.33244762,  -85.1653469 ,
        -85.00545039,  -84.85276397,  -84.70730963,  -84.56911209,
        -84.4381901 ,  -84.31455462,  -84.19821533,  -84.08919571,
        -88.21856932,  -88.30952621,  -88.40577668,  -88.50756016,
        -88.61510869,  -88.72864473,  -88.84837911,  -88.97450914,
        -89.10721689,  -89.24666786,  -88.98233094,  -89.00143681,
        -89.02068497,  -89.04007595,  -89.05961027,  -89.07928845,
        -89.099111  ,  -89.11907843,  -89.13919122,  -89.15944987,
        -87.72470084,  -87.85629952,  -88.00456338,  -88.17165227,
        -88.35975959,  -88.57104142,  -88.80753711,  -89.07108956,
        -89.36327593,  -89.6853593 ,  -87.98656795,  -88.02062047,
        -88.05556679,  -88.09142928,  -88.12823031,  -88.16599228,
        -88.20473751,  -88.24448829,  -88.28526678,  -88.32709498,
        -89.17924207,  -89.41134174,  -89.66143216,  -89.92993695,
        -90.21716474,  -90.5233217 ,  -90.84853124,  -91.19286019,
        -91.55635069,  -91.93905668,  -88.35214833,  -88.33221088,
        -88.31250715,  -88.29303496,  -88.27379207,  -88.25477628,
        -88.23598532,  -88.21741698,  -88.199069  ,  -88.18093911,
        -87.51267934,  -87.52578336,  -87.53907926,  -87.5525709 ,
        -87.56626219,  -87.58015711,  -87.59425966,  -87.60857392,
        -87.62310401,  -87.63785409,  -86.79882116,  -86.79324367,
        -86.79009309,  -86.78952213,  -86.79168259,  -86.79672329,
        -86.80478808,  -86.81601376,  -86.8305282 ,  -86.84844833,
        -87.18885936,  -87.2568745 ,  -87.33134532,  -87.4133426 ,
        -87.50413274,  -87.60516234,  -87.71804236,  -87.84452919,
        -87.98649895,  -88.1459118 ,  -88.01713347,  -87.98312892,
        -87.94999575,  -87.91771169,  -87.88625463,  -87.85560256,
        -87.82573371,  -87.79662647,  -87.76825949,  -87.74061166,
        -96.66023974,  -96.57483056,  -96.49102946,  -96.40882105,
        -96.32818958,  -96.24911897,  -96.17159278,  -96.09559427,
        -96.0211064 ,  -95.94811186,  -94.52815881,  -94.53975678,
        -94.55143403,  -94.56319101,  -94.57502818,  -94.58694601,
        -94.59894494,  -94.61102543,  -94.62318795,  -94.63543295,
        -95.55694648,  -95.68081938,  -95.80973754,  -95.94382589,
        -96.08320652,  -96.22799829,  -96.37831647,  -96.53427229,
        -96.69597263,  -96.8635196 ,  -98.02296467,  -98.66436663,
        -99.36237336, -100.1176429 , -100.93037808, -101.80041235,
       -102.727326  , -103.71057855, -104.7496402 , -105.84410523,
        -93.47233981,  -93.50202158,  -93.53262656,  -93.56423573,
        -93.59693255,  -93.6308028 ,  -93.66593461,  -93.70241827,
        -93.74034618,  -93.77981277,  -93.85298587,  -93.9134253 ,
        -93.97744732,  -94.04531017,  -94.11727659,  -94.19361344,
        -94.27459114,  -94.36048324,  -94.45156591,  -94.54811746,
        -94.02699898,  -94.1690542 ,  -94.32841191,  -94.50709868,
        -94.70717437,  -94.93071736,  -95.17980779,  -95.45650761,
        -95.76283665,  -96.100744  ,  -98.4345041 ,  -99.46589614,
       -100.62445894, -101.91040101, -103.32248027, -104.85893709,
       -106.51839502, -108.30048371, -110.20605296, -112.23700968,
        -91.76458065,  -91.8535221 ,  -92.06684648,  -92.34445346,
        -92.63324892,  -92.90269049,  -93.15290651,  -93.4164252 ,
        -93.75844863,  -94.27443688,  -95.60506066,  -96.11018136,
        -96.69353288,  -97.36102732,  -98.11751987,  -98.96657585,
        -99.91036215, -100.94971145, -102.08437105, -103.31340021,
        385.03074894,  385.09913047,  385.16750195,  385.23586336,
        385.30421467,  385.37255584,  385.44088685,  385.50920767,
        385.57751827,  385.64581862,  442.22813615,  442.18873362,
        442.14929638,  442.10982438,  442.07031759,  442.030776  ,
        441.99119957,  441.95158827,  441.91194208,  441.87226096,
        446.88190315,  447.21306633,  447.5415488 ,  447.86738007,
        448.1905895 ,  448.51120629,  448.82925941,  449.14477752,
        449.45778895,  449.76832161,  428.26859995,  428.40376737,
        428.53867375,  428.67331878,  428.80770217,  428.94182362,
        429.07568284,  429.20927954,  429.34261347,  429.47568435,
        445.57451463,  445.61233157,  445.65011423,  445.68786265,
        445.72557688,  445.76325695,  445.8009029 ,  445.83851477,
        445.8760926 ,  445.91363642,  446.05548017,  446.42385592,
        446.7889597 ,  447.1508298 ,  447.50950457,  447.86502228,
        448.21742103,  448.56673871,  448.91301284,  449.25628052,
        435.80427129,  435.73157186,  435.65877412,  435.58587805,
        435.51288361,  435.43979077,  435.36659952,  435.29330981,
        435.21992164,  435.14643497,  432.95064482,  432.78804217,
        432.62499411,  432.4615008 ,  432.29756237,  432.13317901,
        431.96835093,  431.80307834,  431.63736148,  431.47120063,
        453.22364283,  453.35405347,  453.48399854,  453.61347973,
        453.74249867,  453.87105696,  453.99915612,  454.12679763,
        454.25398293,  454.38071339,  444.14907811,  444.32360475,
        444.4974212 ,  444.6705308 ,  444.84293692,  445.01464293,
        445.18565225,  445.35596831,  445.52559454,  445.69453441,
         67.62668911,   67.64888217,   67.6710571 ,   67.6932139 ,
         67.71535256,   67.73747309,   67.75957549,   67.78165975,
         67.80372588,   67.82577387,   70.81196383,   71.27110589,
         71.72016955,   72.15922057,   72.58832799,   73.0075628 ,
         73.41699659,   73.81670028,   74.20674289,   74.58719042,
         80.75509999,   80.84338825,   80.92872937,   81.01112325,
         81.09057019,   81.16707097,   81.24062683,   81.31123947,
         81.37891104,   81.44364411,   11.11328004,   11.5214865 ,
         11.9280043 ,   12.33285228,   12.73605041,   13.13761983,
         13.53758283,   13.9359629 ,   14.33278467,   14.72807397,
         55.13369966,   54.76364006,   54.39181862,   54.01828553,
         53.64309175,   53.26628888,   52.88792912,   52.50806523,
         52.1267504 ,   51.74403821,   50.468334  ,   51.42670905,
         52.37707994,   53.31862272,   54.25052682,   55.17200211,
         56.08228543,   56.98064656,   57.86639349,   58.7388769 ,
         75.87207313,   76.06439991,   76.25372543,   76.44005546,
         76.62339504,   76.80374847,   76.98111935,   77.15551053,
         77.32692419,   77.49536181,   55.41281204,   56.85541055,
         58.2661148 ,   59.64231468,   60.98170987,   62.28233426,
         63.54256791,   64.76113758,   65.93710737,   67.06986084,
         80.8920807 ,   80.97939719,   81.06349922,   81.14438749,
         81.22206325,   81.29652827,   81.36778488,   81.43583594,
         81.50068478,   81.56233521,   80.09221265,   80.2641607 ,
         80.42852004,   80.5852811 ,   80.73443646,   80.87598122,
         81.00991321,   81.13623317,   81.25494488,   81.36605518])
max_RAY_Renorm: 454.50699031819784
llh_GD_GSS: array([-106.64819066, -119.87064434, -108.35071987, -122.77963363,
       -143.98642765,  -93.81042209, -101.11991556, -121.3767595 ,
       -114.42198995,  -88.74372633, -113.33178193, -146.01350936,
       -108.69708701, -154.66678763,  -96.9414982 ,  -93.75580443,
       -139.62899541, -103.55155968, -110.8433851 ,  -85.60943013,
       -104.79997831, -158.53891528,  -90.51591254,  -89.9663545 ,
        -91.86046249, -103.66838061,  -96.12795119, -165.29284756,
       -168.35713321, -144.71567243, -126.36111723,  400.05685058,
        346.29539484,  452.51952114,  351.80303779,  371.94633202,
        322.6409085 ,  377.99333142, -522.74813682,  275.89696146,
        -10.75481989,   53.26500019,   68.86200225,   12.09316636,
        -24.88159903,   90.93106631,  -94.94078557,   81.86867063,
         54.06397898, -140.05104066])
llh_GD_GSS_Renorm_kappa: array([-112.86065309, -319.81107412, -318.433066  , -179.42774998,
       -190.94234798, -162.72028933, -177.17725882, -178.94735486,
       -144.57614821, -135.12963745, -344.77280616, -182.77089156,
       -134.52491041, -257.45406232, -283.94078254, -207.90344911,
       -145.84541124, -341.19506609, -211.81747685, -131.01807275,
       -483.27453549, -154.03027514, -149.49869998, -100.80901045,
       -149.86740274, -137.17073953, -247.27594501, -154.49770023,
       -194.93963588, -144.24851148, -185.48276925,  371.6910944 ,
        343.9780995 ,  440.3566238 ,  309.69597224,  345.31727373,
        260.30462082,  352.95756554, -328.3826722 ,  282.78945449,
        -16.58100009,   -2.38830136,   34.31227685,  -10.97691208,
        -42.96440041,   75.54453942,  -33.24901926,   54.62655147,
         34.61336412, -170.05700666])
llh_GD_GSS_Renorm_tau: array([  -97.82240241,  -316.05430384,  -315.40262221,  -219.61491531,
        -314.92321852,  -275.87121153,  -260.93957714,  -144.34055372,
        -300.38359078,  -257.76238314,  -336.30828956,  -174.65667752,
        -128.91044831,  -327.96617847,  -327.51378678,  -325.23112618,
        -330.24046188,  -318.90056411,  -308.80168488,  -330.85265601,
        -312.51872062,  -130.80032873, -1619.89988875,  -168.22907643,
        -274.49844201,  -140.05931418,  -279.30627095,  -154.60138211,
        -201.61730914,  -133.4584151 ,  -196.30678262,   341.66664704,
         345.60224167,   247.39319452,   174.4604092 ,   249.05355068,
         287.56002188,  -442.19726836,  -271.59700337,   171.85590257,
           9.2637949 ,    32.28005331,    20.50847645,   -38.39520439,
         -79.78640504,   -97.71544517,   -44.43744757,  -381.32458088,
          18.19706508,  -181.71510353])
llh_GD_GSS_Renorm_kappatau: array([-114.41444708, -111.584574  , -112.99637412, -114.7485563 ,
       -116.95791826, -119.62581657, -121.86944475, -123.56175821,
       -126.83282909, -135.27231015, -294.51185348, -317.76968035,
       -319.05703796, -320.72691855, -322.86934079, -325.59139411,
       -329.01984034, -333.30407398, -338.61950561, -345.17144632,
       -298.61463668, -290.23698513, -287.51672423, -284.82091936,
       -282.61379951, -281.76991238, -283.63949589, -290.17363353,
       -303.62387296, -320.40525117, -246.0797921 , -314.91515863,
       -314.91811496, -314.92029557, -314.9217513 , -314.92260387,
       -314.92302061, -314.92317657, -314.92321439, -314.92321846,
       -176.8920847 , -306.63628128, -307.6234442 , -308.70716944,
       -309.86308244, -311.05336185, -312.22285534, -313.29549832,
       -314.17332306, -314.74429677, -288.72406686, -305.5095976 ,
       -302.79919879, -299.54629835, -295.77952121, -291.62503313,
       -287.36776877, -283.56346101, -281.31941195, -283.39728927,
       -228.57295162, -187.64524835, -180.23752315, -173.67400966,
       -168.20617959, -164.12501207, -161.89412481, -162.35326075,
       -166.56536696, -174.02660034, -189.93377748, -314.74139628,
       -314.79811649, -314.84345408, -314.87720032, -314.90006886,
       -314.91367636, -314.92035142, -314.92273608, -314.92319901,
       -304.24252845, -311.71398668, -310.43243358, -308.73655916,
       -306.56882551, -303.92985857, -300.94772969, -298.00323694,
       -295.99790943, -297.20545598, -260.16712486, -293.86011289,
       -289.41912899, -284.48237869, -279.19100416, -273.80010627,
       -268.73805972, -264.73455755, -263.18351816, -267.6511334 ,
       -307.01503493, -337.7198496 , -338.84611726, -340.35872898,
       -342.35945412, -344.97162689, -348.34379669, -352.65389777,
       -358.11402276, -364.97590261, -203.1420307 , -163.04170254,
       -159.27746788, -156.53513503, -155.12396635, -155.43912353,
       -157.7693323 , -161.88890537, -167.16827112, -174.28208073,
       -140.86981135, -128.74258299, -127.90870334, -127.57656355,
       -127.72900934, -128.4050058 , -129.73411372, -131.81818927,
       -134.23292964, -135.54553955, -322.42023659, -335.99829645,
       -336.00098404, -336.00519682, -336.01073597, -336.01712095,
       -336.02357554, -336.02912093, -336.03285075, -336.03443081,
       -316.67956525, -296.37614842, -286.62775862, -282.59712537,
       -279.72155218, -273.41342171, -269.25179917, -272.19823766,
       -275.46828524, -286.41775663, -316.0438402 , -336.03456414,
       -336.03459236, -336.03461038, -336.03462039, -336.03462502,
       -336.03462669, -336.0346271 , -336.03462716, -336.03462716,
       -125.00212313, -301.31394433, -304.7802125 , -308.57114307,
       -312.67106793, -317.03947883, -321.59443209, -326.18429822,
       -330.53752376, -334.16342809, -312.40857072, -336.03462716,
       -336.03462716, -336.03462716, -336.03462716, -336.03462716,
       -336.03462716, -336.03462716, -336.03462716, -336.03462716,
       -294.62637087, -336.03461002, -336.03461973, -336.03462442,
       -336.03462635, -336.03462698, -336.03462713, -336.03462716,
       -336.03462716, -336.03462716, -211.97676113, -276.77702069,
       -269.9732485 , -263.13194446, -256.49862104, -250.4170858 ,
       -245.39428439, -242.26064371, -242.65660974, -251.16516977,
       -314.30734867, -310.14846009, -310.58305084, -311.0857189 ,
       -311.64492034, -312.22854414, -312.76756231, -313.12693576,
       -313.04944206, -312.02082269, -148.46898662, -122.68397741,
       -123.43508371, -124.52480534, -125.98404976, -127.85422117,
       -130.21092569, -133.22054849, -137.22854624, -142.43896038,
                 nan,           nan,           nan,           nan,
                 nan,           nan,           nan,           nan,
                 nan,           nan, -195.23936062, -308.2979993 ,
       -308.29799949, -308.29799954, -308.29799955, -308.29799955,
       -308.29799955, -308.29799955, -308.29799955, -308.29799955,
       -285.70810038, -305.25400648, -304.57985308, -303.84589069,
       -303.10068359, -302.43172345, -301.98353347, -301.98246866,
       -302.76889821, -304.81691576, -154.83933266, -308.2979946 ,
       -308.29799815, -308.29799923, -308.29799949, -308.29799954,
       -308.29799955, -308.29799955, -308.29799955, -308.29799955,
       -284.90015122, -300.44371149, -298.73119732, -296.8197958 ,
       -294.77307181, -292.70821052, -290.82043445, -289.42983755,
       -289.10910207, -291.22047656, -152.57891915, -136.15053603,
       -135.3008643 , -134.64300375, -134.22558327, -134.12364408,
       -134.44898804, -135.36315021, -137.10475977, -140.17733313,
       -167.54117936, -188.13525651, -185.27937505, -182.89208605,
       -181.03907273, -179.78684393, -179.20228251, -179.35548584,
       -180.34152088, -182.44803925, -140.44477985, -124.49208406,
       -124.58805615, -124.88310831, -125.41749929, -126.23793685,
       -127.40427705, -129.01984853, -131.35591466, -135.29895153,
       -131.3740948 , -186.7641641 , -182.39623227, -178.3449934 ,
       -174.64901261, -171.34915779, -168.48870231, -166.11343398,
       -164.2717705 , -163.01488221,  403.32762048,  225.53291661,
        213.43182914,  200.21658227,  185.73440087,  169.57718882,
        150.73742843,  127.07670738,   95.68924689,   58.03140775,
        375.6230059 ,  274.67903046,  264.23823987,  251.98728815,
        237.67356238,  220.97754313,  201.47325457,  178.55912884,
        151.31696421,  117.5686058 ,  469.06072624,  151.32240244,
        125.88386228,   99.26310114,   76.18554146,   61.17142593,
         62.37318645,   85.05576764,  114.60355351,  152.65446247,
        356.17790224, -442.64951028, -442.64951028, -442.64951028,
       -442.64951028, -442.64951028, -442.64951028, -442.64951028,
       -442.64951028, -442.64951028,  384.80234061,  -18.07763758,
        -22.07025799,  -15.51064453,   -1.32133131,   13.12416525,
         27.33718043,   46.88699065,   36.26691156,  -83.92757411,
        277.29468201,  260.13369694,  254.76387573,  246.8173702 ,
        236.01713336,  222.00828373,  204.29284127,  182.06485146,
        153.68632537,  114.22227696,  349.0246073 , -278.99828671,
       -288.58263831, -300.71091078, -315.65117905, -333.61910589,
       -354.68067862, -378.54246781, -404.08883155, -428.29402336,
       -247.39603882, -266.55123644, -264.48442755, -262.76998105,
       -261.44702055, -260.55710788, -260.14435529, -260.25554381,
       -260.940248  , -262.25096795,  279.4498351 ,  259.04776929,
        289.87518579,  317.9159701 ,  342.49978134,  362.91822285,
        378.45089764,  388.42987983,  392.41398268,  390.79975524,
          7.52709003,  -29.8882714 ,  -36.53819229,  -44.21705028,
        -53.0096596 ,  -63.04362257,  -74.54434128,  -87.98888633,
       -104.64904912, -129.0624025 ,   47.29994106,   47.75458605,
         53.03401126,   56.74025749,   58.67301635,   58.62049459,
         56.36598942,   51.70554991,   44.50143469,   34.91017834,
         73.10080738,   40.0423848 ,   45.08310543,   49.55418187,
         53.41042248,   56.59793339,   59.04061355,   60.59946863,
         60.92328846,   58.62317084,    3.81163365,   -1.53765953,
         -2.88471803,   -4.88075786,   -7.60940633,  -11.18797953,
        -15.79457359,  -21.73001028,  -29.59121778,  -40.97744468,
        -36.66126323,  -25.21747971,  -24.10487262,  -24.05700991,
        -25.20242653,  -27.69671548,  -31.74145766,  -37.62955777,
        -45.88097658,  -57.85531892,   87.36392612, -440.3498779 ,
       -429.96420741, -390.76818969, -378.02294784, -381.21372844,
       -381.32458252, -381.32458252, -381.32458252, -381.32458252,
        -51.84907425,  -33.65744423,  -31.30967825,  -30.82922657,
        -32.50723945,  -36.69090557,  -43.80543136,  -54.39494611,
        -69.22461208,  -89.7882433 ,   71.47862354, -377.99321215,
       -379.15202111, -380.01172054, -380.60646596, -380.98175083,
       -381.1902289 , -381.28607839, -381.31836672, -381.32433821,
         33.18568586, -101.11116743, -109.74127318, -120.06627108,
       -131.12672626, -141.78933707, -151.58751752, -161.56501638,
       -175.82762551, -197.54048819, -144.03998851, -178.19267053,
       -176.59049487, -175.10341373, -173.73853627, -172.50322961,
       -171.40512844, -170.45214512, -169.65248025, -169.0146337 ])
max_GSS_Renorm: nan
