llh_GD_EXP: array([-192.47003953, -181.31777553, -179.8529972 , -204.28634399,
       -201.58991326, -197.9960815 , -195.94973944, -203.34522206,
       -179.98427742, -224.98407678, -190.83857095, -177.4452236 ,
       -168.36138563, -186.0619137 , -170.80028671, -169.04698048,
       -203.10362989, -173.41884126, -181.03128015, -187.32244031,
       -197.65704433, -202.53528064, -204.17320809, -200.17657793,
       -231.46536528, -201.44400183, -203.37385269, -203.00203722,
       -232.39419677, -222.85966066, 6569.11913156, 6542.03800344,
       6536.79494102, 6467.7348055 , 6570.33032576, 6538.98195638,
       6585.3086729 , 6569.12166328, 6579.88364622, 6553.88720816,
       -177.99627858, -170.2427095 , -174.13847074, -172.44194275,
       -181.34577239, -173.89866576, -170.5330008 , -173.88874779,
       -175.06595304, -168.79741796])
llh_GD_EXP_Renorm_alpha: array([  -264.88847355,   -256.39239733,   -214.59163101,   -277.70920823,
         -241.6801568 ,   -211.62662104,   -238.9754809 ,   -204.68299431,
         -204.17080362,   -269.7235162 ,   -199.20852457,   -206.69240554,
       -11654.72337816,   -235.65588083,   -267.02921837, -11619.5974744 ,
         -233.51190522,   -188.83242209,   -255.33682875,   -200.97620777,
        -8799.59825864,  -8729.08345693,   -282.71379427,   -207.64680138,
         -227.54691998,   -205.94334562,   -251.96369207,   -202.79479637,
         -307.27517865,   -297.98368846,   6567.84948674,   6556.08015894,
         6560.54966636,   6438.23085974,   6551.32498831,   6562.17030637,
         6560.41221686,   6557.56934989,   6567.45741463,   6557.59213648,
         -192.13550321,   -189.05396078,   -181.02311548,   -170.84592076,
         -195.8583442 ,   -210.87407561,   -195.19481997,   -209.89559923,
         -171.16218056,   -186.14494602])
llh_GD_EXP_Renorm_beta: array([  -194.93088315,   -184.07633239,   -188.3335654 ,   -215.63105583,
         -207.59082134,   -204.90413941,   -199.88300544,   -203.3471722 ,
         -185.14085461,   -250.88257656,   -188.26724241,   -181.8169305 ,
       -11716.10131446,   -191.39669773,   -172.55348714, -11716.10131446,
         -214.49119207,   -174.14752365,   -187.5143044 ,   -190.96701321,
        -9193.29514967,  -9127.17705117,   -205.2467308 ,   -201.73788604,
         -236.2088015 ,   -202.19031256,   -206.11909419,   -202.96796181,
         -252.67947498,   -234.23697974,   6567.60368988,   6556.07101643,
         6565.51219513,   6450.22680754,   6558.26720993,   6558.06502947,
         6561.14800755,   6556.31703113,   6567.6775285 ,   6554.33805884,
         -190.59786094,   -178.75308794,   -171.50078377,   -175.97036163,
         -171.17875546,   -177.10586417,   -174.49467957,   -183.67935192,
         -178.42366115,   -171.66384638])
llh_GD_EXP_Renorm_alphabeta: array([  -199.59165462,   -205.5299954 ,   -213.00373898,   -222.31810343,
         -233.82013056,   -247.88466313,   -184.22209888,   -185.90361693,
         -189.85632109,   -197.11088877,   -209.10950629,   -227.94685767,
         -185.56668662,   -184.1882928 ,   -184.15389146,   -185.94734934,
         -190.54997364,   -199.39694459,   -221.5544132 ,   -228.31033701,
         -235.98767595,   -244.67782147,   -254.47188065,   -265.45664308,
         -211.11864926,   -215.03441652,   -219.37202114,   -224.1673172 ,
         -229.45781159,   -235.2822632 ,   -205.77999743,   -206.68288639,
         -207.61347228,   -208.57243593,   -209.56047285,   -210.57829311,
         -203.44050813,   -207.55160567,   -212.28303929,   -217.7085184 ,
         -223.90814218,   -230.96736827,   -203.53399535,   -203.72214228,
         -203.91162039,   -204.10243714,   -204.29460002,   -204.48811655,
         -184.21706935,   -184.00396344,   -184.65812298,   -186.48906439,
         -189.9409336 ,   -195.58516946,   -253.35569328,   -255.89965741,
         -258.51569029,   -261.20497608,   -263.96865615,   -266.80782337,
         -189.58286663,   -190.97470471,   -192.44629351,   -194.00138368,
         -195.64394742,   -197.37818426,   -184.10104707,   -186.73589205,
         -189.75886616,   -193.21298742,   -197.14772946,   -201.61960775,
       -11716.10131446, -11716.10131446, -11716.10131446, -11716.10131446,
       -11716.10131446, -11716.10131446,   -195.44153616,   -200.09726323,
         -205.44330402,   -211.56926889,   -218.57421483,   -226.56528834,
         -173.41554033,   -176.3925439 ,   -182.2220454 ,   -192.02001775,
         -207.51024018,   -231.34656461, -11716.10131446, -11716.10131446,
       -11716.10131446, -11716.10131446, -11716.10131446, -11716.10131446,
         -216.86501038,   -219.34629946,   -221.9391914 ,   -224.6478945 ,
         -227.47668425,   -230.429894  ,   -172.89744494,   -172.55978615,
         -173.14374235,   -174.77692861,   -177.69664698,   -182.23592816,
         -192.55510594,   -198.72790047,   -206.24523839,   -215.36080761,
         -226.36554041,   -239.57891009,   -192.20643312,   -193.50519029,
         -194.86565863,   -196.29032782,   -197.78180517,   -199.3428168 ,
        -9193.29514967,  -9193.29514967,  -9161.51852405,  -9096.25963359,
        -9093.64929258,  -8930.78219137,  -9160.34918841,  -9164.02201058,
        -9193.29514967,  -9193.29514967,  -9193.29514967,  -9093.88388353,
         -209.00252198,   -214.12848637,   -221.13718013,   -230.69738933,
         -243.58969728,   -260.65110893,   -202.35825992,   -203.04515626,
         -203.80266091,   -204.6355543 ,   -205.54940547,   -206.55067228,
         -234.84844669,   -233.5308508 ,   -232.25494063,   -231.01964897,
         -229.82391543,   -228.66668723,   -202.62876272,   -203.09744553,
         -203.5976153 ,   -204.13066438,   -204.69813556,   -205.301735  ,
         -209.0613333 ,   -212.77785226,   -217.47863299,   -223.42651263,
         -230.92840473,   -240.32225816,   -202.94296676,   -202.91805773,
         -202.89323453,   -202.86849698,   -202.84384489,   -202.81927808,
         -258.70543223,   -265.27610534,   -272.42109908,   -280.16859943,
         -288.54485265,   -297.57356949,   -240.31627273,   -247.26363583,
         -255.1658126 ,   -264.10870622,   -274.17542339,   -285.4438352 ,
         6567.64789086,   6567.68906113,   6567.72720177,   6567.76231376,
         6567.79439804,   6567.82345544,   6556.07232273,   6556.07362895,
         6556.0749351 ,   6556.07624117,   6556.07754717,   6556.07885309,
         6564.96991635,   6564.37253967,   6563.71981921,   6563.0114837 ,
         6562.24723531,   6561.4267481 ,   6448.56786023,   6446.89094363,
         6445.1958881 ,   6443.4825233 ,   6441.75067819,   6440.0001811 ,
         6557.39487021,   6556.48326205,   6555.53208658,   6554.54102437,
         6553.50973422,   6552.43785182,   6558.72080929,   6559.3532985 ,
         6559.96261501,   6560.54887069,   6561.11217163,   6561.65261842,
         6561.04526976,   6560.94174132,   6560.83742159,   6560.73230993,
         6560.6264057 ,   6560.51970823,   6556.50049677,   6556.6824376 ,
         6556.86285596,   6557.04175412,   6557.21913435,   6557.39499887,
         6567.82894852,   6567.91938084,   6567.94887494,   6567.91745013,
         6567.82509618,   6567.67177371,   6554.8315055 ,   6555.3153618 ,
         6555.78966752,   6556.25446116,   6556.70977999,   6557.15566012,
         -190.81355714,   -191.03057167,   -191.24890693,   -191.4685653 ,
         -191.68954921,   -191.91186104,   -179.94343926,   -181.2246845 ,
         -182.59855609,   -184.066755  ,   -185.63095519,   -187.29281009,
         -170.7355102 ,   -170.56672445,   -171.06259812,   -172.28949657,
         -174.31413306,   -177.20346535,   -174.93337736,   -173.97894815,
         -173.11893134,   -172.36488714,   -171.72786168,   -171.21827635,
         -170.55258104,   -171.05378369,   -172.83759024,   -176.05937005,
         -180.87360016,   -187.42732302,   -179.9911029 ,   -183.47535899,
         -187.5875222 ,   -192.35554037,   -197.80721376,   -203.97069441,
         -176.26765557,   -178.40878241,   -180.93455539,   -183.86088177,
         -187.20308975,   -190.97611886,   -186.45998095,   -189.54703686,
         -192.94951671,   -196.67646385,   -200.73702217,   -205.14037906,
         -177.04012457,   -175.73998678,   -174.54231488,   -173.46674462,
         -172.53268288,   -171.75869764,   -172.64314895,   -173.95656   ,
         -175.62179335,   -177.65639244,   -180.07750612,   -182.90170774])
max_EXP_Renorm: 6567.948874936104
llh_GD_PWL: array([-181.76150434, -183.95367594, -179.83670801, -181.47844893,
       -179.95532359, -181.03659724, -182.12361748, -179.93892814,
       -179.96502608, -180.84731183, -168.1781494 , -169.72891763,
       -168.64284894, -168.37213955, -167.6546107 , -172.34047115,
       -173.63585504, -169.18820768, -168.4642474 , -168.82497816,
       -197.24650702, -196.79188814, -200.44035364, -196.76835133,
       -196.46255831, -196.49027232, -196.7176754 , -196.19278938,
       -200.94538761, -196.594344  , 5182.28990982, 5369.9678125 ,
       4744.45194098, 5291.73504742, 5391.31176744, 5368.11728595,
       5100.29177251, 5228.84976866, 5378.37029132, 5340.41630183,
       -189.79482964, -195.94664238, -189.2904589 , -170.23929216,
       -172.72902405, -174.09670053, -170.02350654, -181.07171069,
       -170.71341198, -180.83362916])
llh_GD_PWL_Renorm_K: array([  -299.27177138, -10599.5356007 ,  -5326.40544289,   -322.3391943 ,
         -325.28549534,   -323.88411589, -10692.07115874,   -296.86684045,
         -257.36912955, -10787.59121546, -10802.82649658,   -264.76231322,
       -11366.43163228,   -257.40635009, -10675.1256776 , -10876.41311975,
         -249.65657312,   -347.83944802, -11395.32016579,   -234.60663608,
        -8519.90696394,   -358.64777488,   -252.8617481 ,  -9193.29514967,
         -269.83817233,  -8868.89648319,   -261.43492704,  -9130.43777561,
         -270.98446899,   -323.93274518,   1578.3911472 ,   6188.89476417,
         5812.85256441,   5790.32496377,   6373.00308569,   6520.28206777,
       -79643.13308679,  -1293.68292239,   6439.21617388,   6449.39580399,
         -215.46439062,   -238.36751346,   -210.32818946,   -199.65542197,
         -221.41278727,   -249.54280752,   -171.3183701 ,   -299.9123516 ,
         -214.00865721,   -238.67203265])
llh_GD_PWL_Renorm_c: array([ -341.58566319, -8073.78223695,  -591.03536288,  -390.34969891,
        -472.38794618,  -400.55904718, -7189.86639411,  -479.59174478,
        -466.34337581, -5072.58230981, -3010.21158463,  -328.57480564,
       -4777.83135604,  -482.5209121 , -8388.44088388, -7384.22355447,
        -305.51191535,  -462.56690052, -2676.44072371,  -425.23755284,
       -6014.53377563,  -477.4098523 ,  -308.88908879, -5435.93775504,
        -506.46564803, -7686.95869247,  -425.61604627, -7520.51755846,
        -319.39386946,  -433.8099545 ,  6386.21572132,  6060.13334745,
        4154.91413815,  6486.0203463 ,  6233.63275506,  6388.66853158,
        6095.21558666,  6443.0186832 ,  6321.42303295,  6420.28420024,
        -288.30628624,  -319.6881849 ,  -280.68848069,  -200.65817843,
        -203.30203765,  -236.42632293,  -175.63422725,  -292.40874593,
        -211.47289039,  -250.98073143])
lllh_GD_PWL_Renorm_p: array([  -288.47349708, -10754.14444594,   -604.12783003,   -311.39962786,
         -351.75389205,   -311.95761679, -10751.90009696,   -371.67158089,
         -369.86796532, -10498.78871029,  -9511.77650763,   -258.80390895,
       -10584.01935786,   -366.28116184, -11240.00018876, -11460.11838481,
         -238.71841355,   -339.67119518,  -5085.35627677,   -304.4402237 ,
        -9063.11939587,   -381.00644623,   -242.90428205,  -8968.51421106,
         -470.34876324,  -9129.04391496,   -326.31343886,  -9129.39855203,
         -257.28921065,   -322.91163004,   5953.72202159,   6124.07178604,
         1617.0810708 ,   6220.39249179,   6153.9405821 ,   6228.98592467,
         4984.64548992,   6031.96482371,   6339.40035959,   6300.40655915,
         -242.66686293,   -254.1793697 ,   -234.41371428,   -199.38943553,
         -231.50295219,   -256.31464034,   -171.21094089,   -302.42177558,
         -214.61312878,   -235.28971644])
llh_GD_PWL_Renorm_Kc: array([-3.43204097e+02, -3.35794091e+02, -3.28401131e+02, -3.21038405e+02,
       -3.13719652e+02, -3.06459159e+02, -8.02065519e+03, -8.58336546e+03,
       -9.19532653e+03, -9.56450909e+03, -1.01093970e+04, -1.03460253e+04,
       -1.02891799e+03, -1.26777985e+03, -1.70001208e+03, -2.50298261e+03,
       -3.81842920e+03, -5.37227566e+03, -3.96397427e+02, -3.84304520e+02,
       -3.72046641e+02, -3.59669178e+02, -3.47221905e+02, -3.34759022e+02,
       -4.85646702e+02, -4.62797667e+02, -4.37956894e+02, -4.11366949e+02,
       -3.83384815e+02, -3.54489255e+02, -4.06528854e+02, -3.93142198e+02,
       -3.79512619e+02, -3.65700793e+02, -3.51774399e+02, -3.37808203e+02,
       -7.20465818e+03, -7.94056804e+03, -8.64672041e+03, -9.32918474e+03,
       -9.90132679e+03, -1.04068642e+04, -4.85547289e+02, -4.58652906e+02,
       -4.29131730e+02, -3.97425198e+02, -3.64188379e+02, -3.30300066e+02,
       -4.61419953e+02, -4.30126672e+02, -3.96409101e+02, -3.61069398e+02,
       -3.25180176e+02, -2.90080194e+02, -4.99273941e+03, -6.12224366e+03,
       -7.53990364e+03, -8.68055848e+03, -9.66934349e+03, -1.05032426e+04,
       -2.27168464e+03, -3.34590799e+03, -5.02462262e+03, -6.41371577e+03,
       -8.61788165e+03, -9.98972302e+03, -3.29447334e+02, -3.18268106e+02,
       -3.07191380e+02, -2.96258280e+02, -2.85511937e+02, -2.74997526e+02,
       -4.62587186e+03, -5.82425682e+03, -7.69634178e+03, -9.49268992e+03,
       -1.04380172e+04, -1.09409443e+04, -4.77825221e+02, -4.44203539e+02,
       -4.07916125e+02, -3.69819279e+02, -3.31049061e+02, -2.93016564e+02,
       -7.99106966e+03, -8.56733300e+03, -9.30863399e+03, -9.78956006e+03,
       -1.01519733e+04, -1.04740839e+04, -6.81054706e+03, -7.81402113e+03,
       -8.97504612e+03, -9.75248777e+03, -1.02459038e+04, -1.05818721e+04,
       -3.02719358e+02, -2.93323907e+02, -2.84105974e+02, -2.75097056e+02,
       -2.66329789e+02, -2.57837965e+02, -4.72516295e+02, -4.53587305e+02,
       -4.33709463e+02, -4.13014384e+02, -3.91666499e+02, -3.69863989e+02,
       -2.13021424e+03, -3.41927779e+03, -5.37419089e+03, -7.59772101e+03,
       -9.85514825e+03, -1.08069335e+04, -4.11748138e+02, -3.80960238e+02,
       -3.49610672e+02, -3.18419572e+02, -2.88214958e+02, -2.59930222e+02,
       -5.89789138e+03, -6.55036258e+03, -6.97687522e+03, -7.34464897e+03,
       -7.80716744e+03, -8.25838171e+03, -4.78857016e+02, -4.62365938e+02,
       -4.44216856e+02, -4.24526607e+02, -4.03493578e+02, -3.81405974e+02,
       -3.04119649e+02, -2.94810127e+02, -2.85738199e+02, -2.76954165e+02,
       -2.68510265e+02, -2.60460711e+02, -5.83379330e+03, -6.85147601e+03,
       -7.64687237e+03, -8.45810410e+03, -8.87552577e+03, -9.03872379e+03,
       -4.93144081e+02, -4.64473064e+02, -4.30347517e+02, -3.91655800e+02,
       -3.50136065e+02, -3.08391567e+02, -7.77730328e+03, -8.04201239e+03,
       -8.26177209e+03, -8.42348722e+03, -8.58563639e+03, -8.75177375e+03,
       -4.11716458e+02, -3.86662423e+02, -3.60626570e+02, -3.34255473e+02,
       -3.08321716e+02, -2.83714801e+02, -7.72003528e+03, -8.25963051e+03,
       -8.52388566e+03, -8.80883197e+03, -8.93604661e+03, -8.97365958e+03,
       -3.16397612e+02, -3.08428835e+02, -3.00580696e+02, -2.92881880e+02,
       -2.85362153e+02, -2.78052367e+02, -4.39612603e+02, -4.22263731e+02,
       -4.03869367e+02, -3.84597712e+02, -3.64665311e+02, -3.44338248e+02,
        5.30065232e+03,  4.85342050e+03,  4.32626476e+03,  3.72376687e+03,
        3.05472170e+03,  2.33302933e+03,  6.06006073e+03,  6.08267588e+03,
        6.10484872e+03,  6.12656826e+03,  6.14782335e+03,  6.16860267e+03,
        4.07282258e+03,  4.37757769e+03,  4.68254335e+03,  4.98355815e+03,
        5.27592891e+03,  5.55435926e+03,  6.39138873e+03,  6.32871528e+03,
        6.25198442e+03,  6.16049768e+03,  6.05354290e+03,  5.93039631e+03,
        6.24321359e+03,  6.26688181e+03,  6.28976586e+03,  6.31184320e+03,
        6.33309086e+03,  6.35348543e+03,  6.44241955e+03,  6.47596020e+03,
        6.50195217e+03,  6.51990467e+03,  6.52930494e+03,  6.52961725e+03,
       -2.04911949e+04, -3.01325323e+04, -4.30408714e+04, -5.89622067e+04,
       -7.58564710e+04, -8.77985184e+04,  4.77422293e+03,  4.10493256e+03,
        3.28041307e+03,  2.30615290e+03,  1.19710275e+03, -1.81813353e+01,
        6.33505558e+03,  6.35562101e+03,  6.37495374e+03,  6.39301722e+03,
        6.40977422e+03,  6.42518677e+03,  6.46191101e+03,  6.47859833e+03,
        6.48828599e+03,  6.49060051e+03,  6.48515679e+03,  6.47155805e+03,
       -2.79841801e+02, -2.67957738e+02, -2.56329576e+02, -2.45099792e+02,
       -2.34426562e+02, -2.24484314e+02, -3.25419942e+02, -3.11029708e+02,
       -2.96402061e+02, -2.81664165e+02, -2.66963119e+02, -2.52467241e+02,
       -2.71463494e+02, -2.59863774e+02, -2.48613852e+02, -2.37862931e+02,
       -2.27775474e+02, -2.18531698e+02, -2.00612150e+02, -2.00451883e+02,
       -2.00291939e+02, -2.00132320e+02, -1.99973027e+02, -1.99814060e+02,
       -2.03439608e+02, -2.06236743e+02, -2.09119754e+02, -2.12083655e+02,
       -2.15123592e+02, -2.18234837e+02, -2.35603860e+02, -2.37883519e+02,
       -2.40182076e+02, -2.42498392e+02, -2.44831346e+02, -2.47179843e+02,
       -1.74122681e+02, -1.73021343e+02, -1.72160377e+02, -1.71549556e+02,
       -1.71198830e+02, -1.71118329e+02, -2.90542867e+02, -2.92106521e+02,
       -2.93669579e+02, -2.95231863e+02, -2.96793200e+02, -2.98353419e+02,
       -2.11463649e+02, -2.11884385e+02, -2.12306509e+02, -2.12730011e+02,
       -2.13154877e+02, -2.13581097e+02, -2.51616393e+02, -2.49429174e+02,
       -2.47252817e+02, -2.45088111e+02, -2.42935863e+02, -2.40796892e+02])
llh_GD_PWL_Renorm_Kp: array([  -289.39888947,   -290.55881484,   -291.93450421,   -293.5087093 ,
         -295.2656718 ,   -297.19104342, -10786.3267379 , -10787.74611457,
       -10788.47974128, -10787.41666453, -10756.39851232, -10693.67025131,
         -556.9332802 ,   -452.0738012 ,   -293.68994887,   -186.4305758 ,
         -423.15596267,  -1717.9205229 ,   -311.44499792,   -312.12982232,
         -313.3622497 ,   -315.06227768,   -317.16174304,   -319.60335369,
         -335.53823027,   -325.23136147,   -319.8050206 ,   -318.04564522,
         -318.87181253,   -321.46950808,   -311.21372608,   -311.5146037 ,
         -312.705074  ,   -314.64654174,   -317.22014688,   -320.3266396 ,
       -10753.11620673, -10756.36148579, -10788.31143174, -10819.79777877,
       -10819.24378398, -10787.17675703,   -338.45927036,   -314.09981464,
         -298.83677856,   -291.34996682,   -289.67133013,   -291.96104363,
         -327.15892544,   -293.53822709,   -270.61602652,   -257.64183008,
         -252.54780914,   -253.06712858, -10686.32817971, -10721.35866454,
       -10753.16684873, -10786.75521372, -10821.04672634, -10820.69721836,
       -10673.26771547, -11160.8962646 , -11328.4477322 , -11461.06899979,
       -11457.91725554, -11134.35832013,   -258.75310423,   -259.07249761,
         -259.71521711,   -260.63961759,   -261.80922234,   -263.19246874,
       -11134.75379121, -11364.51270169, -11649.79939123, -11651.34004312,
       -11655.27316361, -11588.19894217,   -322.71334202,   -289.4290712 ,
         -267.49890457,   -255.6879696 ,   -251.61248173,   -252.82226733,
       -11112.68269687, -11073.18724628, -10975.47348153, -10939.08222198,
       -10845.00490582, -10746.76000787, -11523.95296442, -11521.58588126,
       -11490.07433653, -11339.92261901, -11201.76775649, -11101.22343878,
         -239.02272272,   -239.81251253,   -241.04523576,   -242.6810016 ,
         -244.68307608,   -247.01817931,   -333.75997148,   -331.1382525 ,
         -331.20799208,   -333.36876404,   -337.10532079,   -342.02308577,
       -10077.23072273, -11060.56716582, -11330.06879713, -11649.77731014,
       -11621.44752822, -11592.69803156,   -273.65617801,   -250.92550534,
         -236.19494991,   -228.52433197,   -226.57220371,   -228.98276155,
        -9064.08027347,  -9065.62329499,  -9004.86670106,  -8942.86440371,
        -8903.65495465,  -8805.0827767 ,   -358.07627559,   -340.88597569,
         -330.80516821,   -328.2536275 ,   -332.73293277,   -343.21612391,
         -242.61855937,   -242.99156323,   -243.96596781,   -245.48787092,
         -247.50740368,   -249.97905786,  -9033.4167741 ,  -9098.24017227,
        -9129.09572227,  -9162.61225889,  -9193.29514967,  -9193.29514967,
         -418.71098627,   -362.02408478,   -311.02598946,   -275.42155676,
         -258.75399953,   -258.47489603,  -9128.99732034,  -9036.96445636,
        -8975.85089677,  -8939.57449969,  -8936.1932566 ,  -8872.93420843,
         -296.27229877,   -272.87992734,   -257.17470932,   -249.08417143,
         -247.80628575,   -252.27052107,  -9161.55879152,  -9162.35271824,
        -9193.29514967,  -9193.29514967,  -9193.29514967,  -9164.55419262,
         -257.92608596,   -259.05973607,   -260.65419731,   -262.67509175,
         -265.09007597,   -267.86909972,   -316.18756121,   -312.69411745,
         -311.82570417,   -312.97637923,   -315.62621578,   -319.37461227,
         5817.89053464,   5496.70248574,   4983.08425747,   4289.12767672,
         3450.08103048,   2523.03366984,   6135.35234865,   6145.92996182,
         6155.82138331,   6165.04437953,   6173.61769259,   6181.56098529,
         1970.37226593,   2387.10749911,   2861.46617837,   3381.53203878,
         3929.6226482 ,   4483.6473033 ,   6183.68439126,   6131.94588733,
         6068.86203505,   5998.71284467,   5926.0689675 ,   5855.35715457,
         6189.02935091,   6222.62432288,   6254.72934269,   6285.35626133,
         6314.55770078,   6342.5912503 ,   6296.28338563,   6352.94449213,
         6400.29249899,   6439.73557916,   6472.52744523,   6499.43857778,
         5909.2649154 ,   6126.18328346,   4744.74629805,     66.23373295,
       -11140.94254953, -34702.50942798,   6025.55431374,   5727.33085631,
         5068.22547246,   3998.04987485,   2513.25917994,    690.31153684,
         6357.03647499,   6373.50062924,   6388.82031073,   6403.02300094,
         6416.13678175,   6428.19088885,   6332.18896399,   6359.35482982,
         6382.7133357 ,   6402.94205203,   6420.56834654,   6435.97037157,
         -226.87826371,   -213.6891207 ,   -203.51671039,   -196.8295899 ,
         -194.4394453 ,   -198.32410001,   -246.57529411,   -241.23382636,
         -237.86691687,   -236.17062242,   -235.85518282,   -236.66159859,
         -219.3881071 ,   -206.99208099,   -197.58286799,   -191.5575165 ,
         -189.64148775,   -193.69743584,   -199.42656312,   -199.46398217,
         -199.5016919 ,   -199.53969152,   -199.57798026,   -199.61655734,
         -229.82251663,   -228.21329363,   -226.68024197,   -225.22843826,
         -223.86306532,   -222.58939811,   -255.24964312,   -254.21463601,
         -253.21111478,   -252.24060407,   -251.30465705,   -250.40485514,
         -171.0541946 ,   -170.95880844,   -170.92167022,   -170.94046111,
         -171.01352403,   -171.1397333 ,   -302.04800534,   -301.67903628,
         -301.31504018,   -300.9561925 ,   -300.60267247,   -300.25466317,
         -214.52316926,   -214.43439666,   -214.3468201 ,   -214.26044868,
         -214.17529158,   -214.09135801,   -235.6773192 ,   -236.09864541,
         -236.55255964,   -237.03794447,   -237.5537012 ,   -238.09875045])
max_PWL_Renorm: 6529.6172543951725
llh_GD_QEXP: array([ 1564.46747517,  1596.46953041,  1630.8113066 ,  1550.02457247,
        1566.67386281,  1577.84233308,  1593.17034894,  1575.70061625,
        1631.59751107,  1582.05920327,  1737.99541021,  1716.68894209,
        1762.41416009,  1768.48093064,  1747.24601752,  1710.31209004,
        1745.5513939 ,  1662.53649288,  1743.47608043,  1731.84783867,
        1328.57076867,  1261.59061865,  1272.40056124,  1313.15897604,
        1009.94504991,   843.92605501,   898.52566724,  1276.36447099,
        1280.05085958,  1254.62599551, 21449.12837261, 21219.83130585,
       21138.13030807, 21272.63941243, 21176.18991847, 21723.46507389,
       21446.01364981, 21083.58236728, 21357.11534448, 21619.28366855,
        1024.63557319,  1042.37730096,  1090.33709937,  1056.46470178,
         665.03569155,   700.45106231,   710.39037154,  1091.43723252,
        1066.15602762,   687.7218637 ])
llh_GD_QEXP_Renorm_a: array([  577.27957291,   609.31564129,   605.46869688,   562.39789684,
         558.60799927,   580.60301919,   590.23941479,   586.6785157 ,
         606.82177621,   587.40855323,   629.43954295,   629.12160691,
         678.72465219,   678.10889733,   662.23055707,   626.73965197,
         660.14606738,   677.06073172,   678.61532247,   660.4425193 ,
         471.48574927,   443.2470599 ,   477.36940076,   471.73634784,
         283.40090727,   226.77619472,   275.75046778,   462.77286635,
         480.07106104,   420.47010541, 11917.11608493, 11876.69232738,
       11778.49179318, 11909.88627497, 11800.71135172, 12052.27371943,
       11918.07637338, 11752.47382676, 11882.03420441, 12021.53703889,
         320.07224576,   331.93948766,   362.74056989,   360.75902266,
         134.4329879 ,   179.73511193,   169.40215015,   369.52293317,
         348.90081943,   161.94127946])
lllh_GD_QEXP_Renorm_q: array([ 1842.61983554,  1848.38269639,  1886.72159698,  1840.89402372,
        1864.74833281,  1852.95630869,  1861.81536905,  1847.95502106,
        1886.10295299,  1854.03225397,  2063.74049996,  2038.73285252,
        2037.96343483,  2044.58730472,  2036.89964005,  2033.05277927,
        2039.63447034,  1928.35678744,  2016.33288252,  2025.71948771,
        1544.31290777,  1497.99605061,  1477.10010819,  1525.11647982,
        1370.33031002,  1203.98051938,  1235.88408348,  1493.52419981,
        1485.6186622 ,  1505.92283706, 23875.21820421, 23669.65391286,
       23676.90993999, 23692.49876772, 23696.76162586, 24032.53826661,
       23870.69843713, 23644.76895004, 23811.94548687, 23950.08121707,
        1229.78350389,  1245.23455182,  1269.70859088,  1232.32851738,
         970.24675193,   987.36174371,  1010.02741826,  1261.25052773,
        1255.16018157,   982.30062918])
llh_GD_QEXP_Renorm_aq: array([ 1689.47141555,  1530.87475341,  1364.68888994,  1188.32964995,
         999.12600264,   795.22676248,  1696.59876193,  1540.06354109,
        1376.83457073,  1204.48246768,  1020.3165222 ,   822.06893315,
        1730.08300622,  1568.63943847,  1400.31207702,  1222.44964523,
        1032.05748485,   826.56265815,  1686.93917002,  1527.20093383,
        1359.44767399,  1181.03338351,   989.32287057,   782.70827783,
        1707.77652729,  1544.9429862 ,  1373.90287259,  1191.84251004,
         995.92704793,   784.40845248,  1698.81339798,  1539.29997102,
        1372.26234237,  1195.07419003,  1004.97812289,   799.98837127,
        1707.24037778,  1547.51168154,  1380.51352078,  1203.62580551,
        1014.02281199,   809.51819215,  1694.79523597,  1536.39659774,
        1370.66307086,  1195.03080084,  1006.78348826,   803.89917189,
        1729.61817548,  1568.35671427,  1400.25161675,  1222.66456948,
        1032.60981627,   827.50781282,  1700.20092164,  1541.14956493,
        1374.7674791 ,  1198.46095118,  1009.46503129,   805.69613966,
        1891.30934365,  1712.58082322,  1524.9459147 ,  1325.23256274,
        1110.1963935 ,   877.78433932,  1869.18696891,  1693.31984475,
        1508.61106812,  1312.04539556,  1100.60334987,   872.46213393,
        1871.68700159,  1700.1918396 ,  1521.30554275,  1332.30327476,
        1130.17238488,   912.41739393,  1877.47636199,  1705.13816087,
        1525.37675443,  1335.42895126,  1132.22967783,   913.2312835 ,
        1869.72816826,  1696.97986828,  1516.36907254,  1325.07264809,
        1120.06292223,   899.03598724,  1864.00218171,  1688.57267103,
        1504.24893791,  1308.04051373,  1096.9838549 ,   869.34804539,
        1872.00674413,  1698.75807668,  1517.57952321,  1325.62015498,
        1119.8287317 ,   897.90334079,  1775.00288524,  1616.39142747,
        1450.67742788,  1275.69187231,  1089.21602128,   889.62680399,
        1852.64581736,  1683.72579123,  1507.46313206,  1321.24412585,
        1122.22036624,   908.08233511,  1859.75998261,  1688.17837171,
        1508.71224186,  1318.59015518,  1114.87343192,   895.37744283,
        1413.04675536,  1277.70893704,  1136.57979417,   987.48860342,
         828.0149304 ,   656.12183821,  1370.37692472,  1238.0522574 ,
        1099.26301439,   951.93761237,   794.01329865,   624.1896446 ,
        1354.26522275,  1227.46198183,  1095.20713618,   955.70471183,
         807.03595759,   647.65835813,  1396.1753654 ,  1263.15564534,
        1124.39486635,   977.82260349,   821.16544407,   652.55070072,
        1240.25627896,  1101.97785476,   954.10521531,   796.05299762,
         628.85507975,   455.95161051,  1079.92516657,   948.47015564,
         809.79457283,   665.14866155,   517.10147709,   369.46570583,
        1117.17116151,   991.43104113,   858.20439593,   717.81652993,
         571.77153863,   423.00131533,  1367.76530684,  1237.72806403,
        1101.78862211,   957.99177713,   804.29240266,   639.16902045,
        1361.94381185,  1234.35606265,  1101.36343887,   961.14257313,
         811.71945694,   651.46442719,  1375.7634457 ,  1240.37809239,
        1097.84064081,   945.9430385 ,   782.62705144,   606.92316566,
       22406.74954002, 20892.44503847, 19313.13489035, 17645.20915152,
       15863.86533924, 13951.98815288, 22223.20045571, 20729.86249218,
       19170.81636207, 17523.34071356, 15764.27815376, 13878.84158331,
       22222.9335958 , 20719.80409336, 19148.00708003, 17484.3003763 ,
       15705.69590237, 13799.14040939, 22245.51709277, 20752.41933601,
       19194.5389971 , 17549.20531709, 15793.03741514, 13910.5138511 ,
       22241.95252172, 20738.5174404 , 19167.0265853 , 17504.22926259,
       15726.91733569, 13821.45762468, 22553.33392118, 21031.4670429 ,
       19448.33453022, 17780.38891518, 16001.68258444, 14091.79822224,
       22402.83561927, 20889.15545288, 19310.50862599, 17643.31507246,
       15862.8070777 , 13951.89111564, 22192.79100446, 20691.03759846,
       19119.92908499, 17456.2917577 , 15677.47753662, 13771.19313779,
       22348.81573563, 20839.0037227 , 19263.27898787, 17598.17177725,
       15819.4074284 , 13910.97273555, 22479.07853692, 20964.65409694,
       19388.19518951, 17726.3579372 , 15953.78080396, 14051.15761507,
        1120.23401976,  1006.26854556,   886.31371509,   758.61658615,
         621.64217432,   474.88220846,  1134.80052094,  1020.22775647,
         899.95072563,   772.15306441,   635.110304  ,   487.95600213,
        1158.42789394,  1043.71461711,   924.12935384,   797.87472686,
         662.99260964,   517.94001468,  1125.40281736,  1014.98589977,
         899.73723353,   778.04236774,   648.22126396,   509.05493659,
         859.79610817,   743.22732883,   621.43621152,   496.4100724 ,
         371.17630795,   249.3566454 ,   884.7362654 ,   776.21731131,
         661.88056705,   542.63535533,   420.44061424,   298.27311709,
         903.36906131,   790.3199364 ,   670.96856168,   546.3846083 ,
         418.86529152,   291.85360705,  1151.40898473,  1038.27581117,
         920.48402312,   796.3229205 ,   663.90910086,   521.69760062,
        1144.73519084,  1030.56260474,   911.15138694,   784.70216645,
         649.36792002,   503.91157041,   876.73350385,   765.10575093,
         647.75740203,   525.97867868,   402.15307779,   279.58254729])
max_QEXP_Renorm: 24032.53826660519
llh_GD_RAY: array([-176.83006431, -176.44588558, -177.41611988, -179.51830834,
       -180.04498209, -178.18965053, -175.86000038, -177.24047105,
       -178.84090274, -175.3714155 , -169.2442309 , -166.39181336,
       -167.21188452, -167.68065071, -168.52780234, -170.78400679,
       -174.31811819, -168.55443087, -167.71780563, -169.89257625,
       -199.33154708, -210.12202566, -200.83488913, -194.96807428,
       -196.56400321, -200.03806346, -193.81070851, -194.53863334,
       -193.71530299, -197.1245406 , 6557.19900427, 6553.96414067,
       6413.80805826, 6554.7352073 , 6408.74181951, 6336.42710696,
       6502.82277687, 4620.27487564, 6051.47173354, 6533.43093559,
       -178.92833431, -168.85511932, -168.32319627, -173.14173144,
       -180.53035342, -169.76145808, -172.66500177, -176.29670153,
       -173.70268684, -176.02105666])
llh_GD_RAY_Renorm_gamma: array([ -195.88084956,  -205.36813645,  -215.20867566,  -199.06015384,
        -214.75884329,  -238.46478646,  -200.46335451,  -218.02894522,
        -224.74966961,  -188.69902579,  -232.6836076 ,  -187.35915417,
        -201.27203594,  -182.04703809,  -186.70454053,  -200.76753041,
        -217.334193  ,  -230.43123361,  -206.63097945,  -190.49750881,
        -211.75847273,  -208.34035612,  -200.87396506,  -221.77981391,
        -269.99459199, -8219.8011169 ,  -205.5992425 ,  -221.74212466,
        -222.68111576,  -241.88550935,  6557.23183876,  6555.54265742,
        6550.90380067,  6542.38897223,  6529.92677463,  6535.86709526,
        6536.34863746,  6105.81807448,  6397.76085387,  6543.15129495,
        -222.43040806,  -198.9164738 ,  -198.84476776,  -218.84077958,
        -177.32387271,  -205.52196902,  -207.77679263,  -220.65146072,
        -210.86829731,  -223.17600115])
llh_GD_RAY_Renorm_eta: array([ -188.70100829,  -188.19759881,  -191.1021895 ,  -191.79717915,
        -191.50243707,  -186.85823342,  -187.69381586,  -187.03484027,
        -184.87602038,  -184.74037654,  -174.27067249,  -173.99174522,
        -172.91157211,  -170.65064944,  -177.99230631,  -177.04008361,
        -189.79295291,  -177.98036558,  -169.88980751,  -178.86323372,
        -206.97864325,  -203.3165767 ,  -200.9948597 ,  -204.48737277,
        -200.91831099, -9126.63159155,  -202.3980142 ,  -202.51471171,
        -201.6163059 ,  -204.18062514,  6555.54885655,  6555.07786485,
        6539.8128793 ,  6542.3293307 ,  6514.91657006,  6521.19050306,
        6529.92678942,  5433.48293221,  6327.94373829,  6544.12881694,
        -181.91916499,  -184.35861726,  -183.0065239 ,  -196.02866473,
        -177.10911948,  -189.03789481,  -181.89345113,  -187.33763242,
        -191.65820799,  -195.21198529])
llh_GD_RAY_Renorm_gammaeta: array([ -189.41720135,  -190.21556047,  -191.10585211,  -192.10047093,
        -193.21487685,  -194.46776825,  -189.42115452,  -190.90642678,
        -192.7147988 ,  -194.93683448,  -197.69326582,  -201.12381185,
        -192.85082609,  -194.97851288,  -197.58959528,  -200.80372061,
        -204.74095995,  -209.51010177,  -192.58178547,  -193.43614319,
        -194.36821969,  -195.38686298,  -196.50164404,  -197.72263604,
        -193.24433844,  -195.34876472,  -197.90969294,  -201.03210967,
        -204.81995467,  -209.3673055 ,  -188.73173338,  -191.43239971,
        -195.34704556,  -201.17994037,  -209.79850434,  -221.97336814,
        -188.68620274,  -189.87000064,  -191.27936043,  -192.96425017,
        -194.99470745,  -197.46039349,  -188.53789018,  -190.55221733,
        -193.24580256,  -196.91477687,  -201.98027485,  -208.88867794,
        -185.69797243,  -187.27603959,  -189.81496454,  -193.72445419,
        -199.93257251,  -209.83681175,  -184.92866682,  -185.21828376,
        -185.62504261,  -186.16298546,  -186.84480941,  -187.68423408,
        -176.86390645,  -180.99847143,  -187.07630489,  -195.21895266,
        -205.39773045,  -217.73630618,  -174.94172038,  -176.1352123 ,
        -177.62368977,  -179.45554572,  -181.67176415,  -184.30144943,
        -174.17215481,  -176.02799389,  -178.73351586,  -182.51761847,
        -187.52374342,  -193.78256502,  -171.23828107,  -171.92383364,
        -172.79051038,  -174.00013324,  -175.77888587,  -178.38241515,
        -173.96861061,  -170.52469047,  -169.51463288,  -170.45601618,
        -172.24957597,  -176.18931824,  -178.93894731,  -181.29446461,
        -184.14950989,  -187.5258178 ,  -191.42557711,  -195.84107071,
        -192.8643212 ,  -196.2176594 ,  -199.85165035,  -203.76909641,
        -207.97806681,  -212.49272282,  -181.55775874,  -186.37844637,
        -192.49882457,  -199.89860054,  -208.58778397,  -218.68035494,
        -170.73516781,  -171.86062   ,  -173.56110632,  -176.81182457,
        -182.94398747,  -192.85286559,  -180.07614294,  -181.43182037,
        -182.93633333,  -184.59380679,  -186.40640855,  -188.37458078,
        -207.55115425,  -208.15860244,  -208.80210381,  -209.48275897,
        -210.20165474,  -210.95986815,  -203.82427115,  -204.39480129,
        -205.03238243,  -205.74134578,  -206.52607983,  -207.39097145,
        -200.95128963,  -200.91527607,  -200.88755488,  -200.86885149,
        -200.85988159,  -200.86135248,  -205.86080975,  -207.54216155,
        -209.56652274,  -211.96782845,  -214.77944356,  -218.03662213,
        -201.83937737,  -204.31493105,  -209.08086809,  -216.98929639,
        -228.95988744,  -246.25185474, -9093.99045598, -8961.81460978,
       -8894.78565788, -8794.43394101, -8664.55215747, -8496.13769673,
        -202.22524082,  -201.71002831,  -201.13195359,  -200.859182  ,
        -201.25640418,  -202.68595717,  -203.66139923,  -205.2189006 ,
        -207.2601457 ,  -209.85998512,  -213.09077886,  -217.02450448,
        -202.54937688,  -203.97554616,  -206.00719059,  -208.76904036,
        -212.38553201,  -216.97785191,  -206.3878331 ,  -209.40444676,
        -213.36896558,  -218.41858785,  -224.71349115,  -232.45832765,
        6555.7949513 ,  6556.03913631,  6556.28142381,  6556.5218259 ,
        6556.76035455,  6556.99702161,  6555.14467729,  6555.21135149,
        6555.27788771,  6555.34428617,  6555.41054712,  6555.47667079,
        6541.5741638 ,  6543.27389157,  6544.91358742,  6546.49481674,
        6548.01917841,  6549.488295  ,  6542.3378555 ,  6542.34637876,
        6542.35490051,  6542.36342073,  6542.37193942,  6542.38045659,
        6517.24615433,  6519.51244873,  6521.71636936,  6523.85883601,
        6525.94077214,  6527.96310632,  6523.48847803,  6525.71745181,
        6527.87854903,  6529.97290369,  6532.00166378,  6533.96599674,
        6530.88647821,  6531.83186994,  6532.76308517,  6533.68024569,
        6534.58347461,  6535.47289649,  5562.99201219,  5680.77240394,
        5787.0314832 ,  5882.12876834,  5966.54557585,  6040.87228605,
        6339.21621165,  6349.99760263,  6360.32615692,  6370.23680466,
        6379.76116043,  6388.92751911,  6543.9904417 ,  6543.85164444,
        6543.71242421,  6543.57278007,  6543.4327111 ,  6543.29221637,
        -184.56076665,  -188.23520355,  -193.02365498,  -198.888439  ,
        -205.77056394,  -213.63071953,  -185.80361691,  -187.45878035,
        -189.32938527,  -191.41517645,  -193.71209541,  -196.21440118,
        -184.43961078,  -186.1373536 ,  -188.11614219,  -190.38148201,
        -192.93015776,  -195.75417626,  -198.71693721,  -201.60076076,
        -204.67662081,  -207.94161036,  -211.39284045,  -215.02709779,
        -176.94126799,  -176.84622215,  -176.81978098,  -176.85772041,
        -176.95626151,  -177.11236709,  -190.8896956 ,  -192.91581813,
        -195.11216354,  -197.47437194,  -199.99863303,  -202.68195243,
        -183.78837088,  -186.24732358,  -189.33105493,  -193.04934829,
        -197.37983099,  -202.2953348 ,  -190.48744828,  -194.2075167 ,
        -198.47477967,  -203.26721825,  -208.56975547,  -214.36948043,
        -193.86410582,  -196.25614828,  -198.82949069,  -201.58019215,
        -204.50523199,  -207.60209439,  -198.38725752,  -201.84516453,
        -205.57954213,  -209.58537753,  -213.85747625,  -218.38987956])
max_RAY_Renorm: 6557.231838757854
llh_GD_GSS: array([-178.70207749, -182.72167874, -179.75798965, -178.81836002,
       -182.32565332, -207.36958415, -180.56612651, -201.16594948,
       -179.37120754, -177.83488154, -176.01135468, -172.55523652,
       -164.97609006, -166.99171769, -165.66855314, -165.71206614,
       -173.0235453 , -170.67312736, -165.83615459, -176.81555201,
       -194.04240652, -192.27652517, -198.92219692, -194.82620634,
       -195.00396974, -233.12084358, -200.36141409, -198.36749018,
       -199.7428279 , -207.11056436, 6529.91859758, 6532.48655966,
       5784.78403837, 6449.20447567, 6547.21329353, 6482.98422407,
       6550.88098347, 6517.18668075, 6261.64006929, 6502.98125832,
       -180.97655088, -185.88299792, -190.15820642, -189.86407988,
       -193.70723147, -200.63268607, -186.46644984, -183.60383416,
       -219.65242343, -185.89179504])
llh_GD_GSS_Renorm_kappa: array([-195.4419063 , -243.87071805, -204.94814168, -342.7851917 ,
       -257.04622837, -194.48913177, -208.70264922, -202.29305237,
       -324.16898282, -221.33038377, -176.27829268, -209.11195217,
       -182.72805198, -175.5759645 , -174.81805329, -179.619869  ,
       -178.37118931, -760.78300002, -354.48511396, -325.30802882,
       -242.52157089, -219.18106357, -240.1495958 , -236.6956929 ,
       -220.28249951, -204.89520558, -242.57164114, -208.46559552,
       -205.87673756, -223.62693764, 6568.94357019, 6512.05809824,
       6444.97927799, 6572.40632718, 6526.82392806, 6540.51476812,
       6567.98001505, 6546.86489448, 6567.13082243, 6569.01677955,
       -196.32816429, -267.59708394, -179.68943037, -204.81516705,
       -242.97251236, -179.27578658, -211.66518435, -286.06483271,
       -216.00313971, -239.31949964])
llh_GD_GSS_Renorm_tau: array([ -474.18361774,  -281.86069198,  -371.18172863, -6909.72561616,
        -484.35342891,  -218.66442321,  -262.9576561 ,  -236.80821503,
       -7338.21198246,  -373.44313921, -2756.17384811,  -247.98192472,
        -319.54998376,  -480.21326037,  -378.75180873,  -257.34396264,
        -187.31632591,  -617.57064618, -6237.23073241,  -421.37218766,
        -339.48599525,  -278.78642441,  -433.10369265,  -451.81301302,
        -289.34797636,  -283.50507387,  -356.82803913,  -242.53701024,
        -466.52794785,  -248.62730078,  6571.96268492,  6559.56500567,
        5714.63434002,  6561.88531957,  6563.58160247,  6548.25343735,
        6572.01930227,  6514.58776392,  6560.49634728,  6563.78050525,
        -213.63155267,  -271.33503311,  -349.71812209,  -261.26717778,
        -255.36823377,  -526.5674613 ,  -258.89869706,  -280.53829589,
        -332.98677278,  -208.9742523 ])
llh_GD_GSS_Renorm_kappatau: array([-470.86188235, -404.03535943, -325.82846834, -278.49537105,
       -236.67129019, -206.32049685, -264.59977238, -226.28246694,
       -206.8004558 , -264.69757922, -251.77884046, -244.30799943,
       -359.31676896, -297.71912593, -268.67487361, -242.86771459,
       -222.09970605, -208.56579226,           nan,           nan,
                 nan,           nan,           nan,           nan,
       -629.51369972, -387.03424882, -390.44931248, -341.19725482,
       -296.47021881, -264.47267909, -197.55752104, -196.45617144,
       -196.01697043, -196.04136773, -196.30588055, -196.67829664,
       -278.52147616, -230.18256607, -222.25653405, -215.89318758,
       -211.33312161, -208.83991484, -203.93063324, -205.13644896,
       -206.50488652, -207.52606549, -207.78415703, -207.40668832,
                 nan,           nan,           nan,           nan,
                 nan,           nan, -387.54178362, -308.9082608 ,
       -280.81255337, -255.9810907 , -236.2292802 , -223.77400498,
                 nan,           nan,           nan,           nan,
                 nan,           nan, -259.57175885, -226.8368563 ,
       -219.99406023, -214.59598822, -210.83816277, -208.93309194,
       -313.18051378, -256.06149813, -232.67916895, -212.44471235,
       -196.47192483, -186.05974297, -484.72139757, -409.90810945,
       -323.15383752, -270.69819478, -223.98269759, -189.42205287,
       -364.14540753, -295.28989275, -259.58308623, -227.22635739,
       -200.42121214, -181.85415556, -254.33308809, -220.82517182,
       -207.18420605, -195.75917367, -187.00689943, -181.43715054,
       -205.0419527 , -195.31594693, -196.42011337, -194.47347383,
       -186.89528909, -178.35958689, -653.58830004, -606.26794505,
       -593.78225655, -602.78276982, -622.85224471, -669.33274771,
                 nan,           nan,           nan,           nan,
                 nan,           nan, -425.98658647, -370.05767438,
       -347.9064966 , -330.0275228 , -318.47901084, -315.83135298,
       -325.93763343, -289.1088881 , -272.0079352 , -257.68369995,
       -247.15138232, -241.61765037, -271.04113309, -239.06350754,
       -231.54973313, -225.53868601, -221.28275224, -219.06074101,
       -433.41210626, -386.82300322, -322.23224138, -288.90337803,
       -260.95114571, -242.75060147, -437.4800283 , -389.2008233 ,
       -330.21355467, -293.53076992, -262.05417603, -240.82583643,
       -269.14239158, -251.08350912, -240.19437726, -231.21866426,
       -224.58000559, -220.75530572, -260.64607286, -248.64215055,
       -235.76945146, -222.68330454, -211.31093611, -205.69145449,
       -322.50482188, -293.37567703, -295.64836683, -273.47983896,
       -255.74728224, -244.57082552, -233.90075002, -238.07541781,
       -248.63606082, -247.73107856, -208.31477766, -208.37564671,
       -503.03914276, -384.40697034, -337.55471404, -291.40274764,
       -249.30032092, -217.77513226, -247.07497851, -248.12366267,
       -247.04107539, -275.73890846, -223.31838354, -223.45333287,
       6573.37190639, 6573.24276011, 6572.98611623, 6572.35044916,
       6570.79936469, 6567.45316128, 6500.16626871, 6491.0679074 ,
       6479.38175307, 6463.81375183, 6441.62226088, 6404.70364137,
       5379.19896384, 6031.70108126, 6164.65685604, 6276.32770289,
       6363.07298035, 6420.81547846, 6566.17544427, 6567.95298666,
       6569.69326177, 6571.19544644, 6572.07174711, 6571.76429744,
       6533.13010138, 6527.68442732, 6520.89547475, 6512.35912745,
       6501.55983921, 6487.81969407, 6549.52495933, 6547.42295742,
       6541.31207073, 6527.61032079, 6492.56850931, 6325.40112289,
       6573.23195968, 6572.93454136, 6572.34445719, 6571.25238701,
       6569.3209847 , 6566.08931564, 6474.75631229, 6478.71922281,
       6478.45585822, 6469.19365677, 5919.04768664, 6013.12711898,
       6564.64260855, 6566.54453526, 6569.18316743, 6572.25942266,
       6573.74279915, 6569.24605111, 6544.70967702, 6528.05502644,
       6498.18409654, 6405.53689982, 6228.14215662, 6550.74244962,
       -193.5825013 , -192.90169496, -192.78880184, -193.97574459,
       -201.16524412, -248.09929242, -356.84557149, -263.93788468,
       -261.80532737, -260.92169857, -261.46087685, -263.61510469,
       -386.97586024, -257.84818249, -233.6801957 , -212.04250615,
       -194.47400552, -182.89099711, -308.30217698, -211.59778391,
       -207.77334728, -205.03412118, -203.5220774 , -203.39245758,
       -294.90115038, -239.43692321, -238.21875122, -237.86845415,
       -238.4770012 , -240.14282871,           nan,           nan,
                 nan,           nan,           nan,           nan,
       -262.10679302, -240.31154696, -217.16072559, -212.86461796,
       -210.31973406, -209.81290248, -333.04458815, -276.12183751,
       -275.66571425, -276.29593817, -278.14221984, -281.34662296,
       -333.12027644, -273.83350026, -259.64562553, -239.32086347,
       -223.63562302, -214.88402068, -205.89821998, -217.62793933,
       -224.20534133, -228.65950578, -232.14538745, -235.22113301])
max_GSS_Renorm: nan
