llh_GD_EXP: array([-177.68484516, -180.55708869, -177.40528997, -177.61905699,
       -191.83209211, -191.91050616, -177.58289452, -175.83479839,
       -186.17505475, -177.70854527, -164.38723918, -167.42340191,
       -166.86776663, -185.83188165, -185.47055879, -166.07998169,
       -170.85031915, -166.78790325, -166.7436957 , -167.77086265,
       -195.37222771,  379.02156649, -196.87200239, -192.50345717,
       -193.11693812, -195.07912456, -196.61441984, -193.2824654 ,
       -200.90488656, -192.47701548, 6588.96064455, 6567.84460546,
       6585.49627048, 6555.56863717, 6579.66133105, 6571.87157907,
       6589.02961083, 6584.81384991, 6593.5217001 , 6587.84832242,
       -168.24551581, -168.71822538, -171.21063272, -176.84108177,
       -169.43180747, -176.04563725, -170.0563173 , -170.78279625,
       -176.43880306, -166.83715568])
llh_GD_EXP_Renorm_alpha: array([  -223.87183156,   -224.36087411,   -208.3490574 ,   -235.58820636,
         -231.14397971,   -198.81827513,   -219.98791492,   -183.8514263 ,
         -217.3029871 ,   -183.30519303,   -170.59325801,   -183.75747661,
       -11716.09666672,   -224.98369662,   -202.53738911, -11654.15447701,
         -179.91792002, -11716.09666672, -11716.09666672,   -177.34532419,
         -206.15307713,   -260.24579827,   -239.42656349,  -9035.31654134,
        -9161.48092227,   -209.86408107,   -241.06191257,   -195.90164168,
         -206.74868193,  -8968.20585224,   6564.22028874,   6537.07445197,
         6553.55712751,   6521.04091037,   6560.19572516,   6558.30364511,
         6560.78000703,   6561.03150224,   6563.56139969,   6555.9168312 ,
         -185.20476089,   -185.35291939,   -180.34416355,   -170.61012796,
         -192.43030238,   -204.32839575,   -195.63383084,   -197.19295058,
         -170.79347786,   -181.83980006])
llh_GD_EXP_Renorm_beta: array([  -194.32360649,   -184.45750673,   -182.55548993,   -214.53541106,
         -203.78499273,   -195.32285778,   -183.91091009,   -181.14703923,
         -190.69608701,   -180.99344576,   -171.47590301,   -170.5410311 ,
       -11649.78257757,   -195.72363935,   -191.64185877, -11682.8596282 ,
         -174.59820841, -11353.85633966, -11650.29802843,   -171.6227912 ,
         -197.86819731,   -287.10696986,   -202.12504708,  -9160.2903067 ,
        -9028.83209085,   -196.50036885,   -200.36681253,   -195.41927948,
         -203.69829952,  -9193.28264942,   6566.87879856,   6543.82931585,
         6557.49775152,   6530.63464485,   6561.28334225,   6565.70468134,
         6563.43166181,   6564.88277842,   6565.88014785,   6559.98474166,
         -175.60551096,   -176.45518421,   -170.4628027 ,   -175.98668289,
         -175.11921938,   -170.76460407,   -176.59931642,   -175.72517155,
         -173.0137179 ,   -172.54160175])
llh_GD_EXP_Renorm_alphabeta: array([  -186.46789368,   -182.41816461,   -180.91622754,   -182.08457506,
         -187.49016287,   -200.00616522,   -186.79836798,   -189.9629027 ,
         -194.10556253,   -199.40562275,   -206.06895413,   -214.3183678 ,
         -181.25077714,   -180.9136232 ,   -181.72945185,   -184.12762851,
         -188.75629938,   -196.46383882,   -194.84577246,   -185.49401327,
         -181.5092843 ,   -181.30151646,   -186.54290552,   -202.05418342,
         -206.79249943,   -210.07714031,   -213.65469056,   -217.53974925,
         -221.74471946,   -226.27839389,   -195.78989864,   -196.2674343 ,
         -196.75562683,   -197.25464027,   -197.76464061,   -198.28579568,
         -181.71541221,   -180.90163693,   -181.63891085,   -184.5892713 ,
         -190.86054157,   -201.98300282,   -180.94477685,   -180.90321351,
         -181.03755289,   -181.36919205,   -181.92562352,   -182.74015188,
         -193.12626015,   -195.9428205 ,   -199.18557853,   -202.89752037,
         -207.12402904,   -211.91121564,   -181.12240826,   -181.31044563,
         -181.56189429,   -181.88157876,   -182.27479287,   -182.74727694,
         -171.17577631,   -170.93404435,   -170.74995255,   -170.62326908,
         -170.55428897,   -170.54383546,   -170.73077205,   -171.35840881,
         -172.48222806,   -174.18015248,   -176.54722744,   -179.69537491,
       -11682.8019465 , -11683.54708378, -11716.09666672, -11716.09666672,
       -11716.09666672, -11716.09666672,   -198.90192261,   -202.37432417,
         -206.16364883,   -210.29392835,   -214.79018108,   -219.67810443,
         -192.99790973,   -194.4166194 ,   -195.90039039,   -197.45171956,
         -199.07319596,   -200.76749791, -11683.59364066, -11716.09666672,
       -11716.09666672, -11716.09666672, -11716.09666672, -11716.09666672,
         -175.19484874,   -175.84221997,   -176.54244935,   -177.2977569 ,
         -178.11046334,   -178.98299993, -11517.63398959, -11616.39525418,
       -11650.51479797, -11683.50645047, -11716.09666672, -11716.09666672,
       -11682.95155295, -11683.9977799 , -11716.09666672, -11716.09666672,
       -11716.09666672, -11716.09666672,   -172.1021629 ,   -172.68211761,
         -173.36938132,   -174.17123601,   -175.09550295,   -176.15054934,
         -198.66025706,   -199.56713214,   -200.59630016,   -201.75703013,
         -203.06062461,   -204.5206492 ,   -225.12269994,   -200.31949336,
         -195.30182773,   -202.51428793,   -228.18709897,   -148.01108285,
         -204.8932982 ,   -208.33095356,   -212.58240264,   -217.80444011,
         -224.11452022,   -231.47491668,  -9161.2807824 ,  -9193.28264942,
        -9193.28264942,  -9193.28264942,  -9193.28264942,  -9161.60410271,
        -9094.942825  ,  -9128.51603881,  -9160.94169083,  -9193.28264942,
        -9193.28264942,  -9193.28264942,   -197.43613723,   -198.64068493,
         -200.13595571,   -201.95410319,   -204.13964342,   -206.7516258 ,
         -203.0677048 ,   -206.54221488,   -210.97956878,   -216.60871769,
         -223.62756144,   -232.01700914,   -195.4711929 ,   -195.52878906,
         -195.59205359,   -195.6609759 ,   -195.73554927,   -195.81577083,
         -204.0957843 ,   -204.50545828,   -204.92765214,   -205.36270934,
         -205.81098595,   -206.27285018,  -9193.28264942,  -9193.28264942,
        -9193.28264942,  -9193.28264942,  -9193.28264942,  -9128.28499548,
         6566.55899128,   6566.21928117,   6565.85961716,   6565.47994503,
         6565.08020732,   6564.66034328,   6542.91926392,   6541.99119829,
         6541.04494778,   6540.08033496,   6539.09717603,   6538.09528069,
         6556.97126414,   6556.43271948,   6555.8820622 ,   6555.31923492,
         6554.74417817,   6554.15683032,   6529.34334683,   6528.0262624 ,
         6526.68302825,   6525.31326919,   6523.91659805,   6522.49261558,
         6561.13232991,   6560.9798667 ,   6560.82595084,   6560.67058058,
         6560.51375409,   6560.35546957,   6564.89835537,   6564.00941802,
         6563.03730864,   6561.98140423,   6560.84101447,   6559.61537587,
         6563.08370457,   6562.72551282,   6562.3570582 ,   6561.97831131,
         6561.5892417 ,   6561.18981783,   6564.40716185,   6563.9068568 ,
         6563.38176893,   6562.83179832,   6562.25683924,   6561.65677992,
         6565.5858278 ,   6565.27924738,   6564.96037816,   6564.62919042,
         6564.28565319,   6563.92973417,   6559.45037917,   6558.90054852,
         6558.3351801 ,   6557.75420139,   6557.15753676,   6556.5451074 ,
         -176.64888871,   -177.79754246,   -179.05394358,   -180.42051628,
         -181.89963443,   -183.49362246,   -177.46072446,   -178.5519273 ,
         -179.73053983,   -180.99827735,   -182.35682275,   -183.80782825,
         -170.35875792,   -170.69925288,   -171.52055755,   -172.8590859 ,
         -174.75157044,   -177.23465219,   -174.88897834,   -173.87942064,
         -172.9715139 ,   -172.17843496,   -171.51275456,   -170.98629593,
         -176.74419928,   -178.6359066 ,   -180.80420404,   -183.25864266,
         -186.00847138,   -189.06271538,   -172.09435606,   -174.4276421 ,
         -177.85872307,   -182.47941623,   -188.37640537,   -195.63209799,
         -178.45593864,   -180.58483672,   -182.99541209,   -185.69676756,
         -188.69777716,   -192.0072056 ,   -177.69057616,   -180.00076599,
         -182.66957104,   -185.71032223,   -189.135957  ,   -192.95923389,
         -172.1096693 ,   -171.37387647,   -170.82385557,   -170.47586554,
         -170.34514783,   -170.44627189,   -173.39037962,   -174.39063639,
         -175.54745743,   -176.86587952,   -178.35086118,   -180.00725683])
max_EXP_Renorm: 6566.878798564436
llh_GD_PWL: array([          nan,           nan,           nan,           nan,
                 nan,           nan,           nan,           nan,
                 nan,           nan,           nan, -166.62243902,
                 nan,           nan,           nan,           nan,
                 nan,           nan,           nan,           nan,
                 nan,           nan,           nan,           nan,
                 nan,           nan,           nan,           nan,
                 nan,           nan, 5289.866224  , 5229.02382316,
       5362.03103392, 5350.23734569, 5277.01634213, 5330.11688444,
       5110.8072599 , 5334.9288106 , 5272.53061854, 5332.51360994,
       -169.86385081, -169.02985691, -170.34897702, -169.41636325,
       -181.49181711, -177.90246034, -169.28286696, -168.42696906,
       -172.38875946,           nan])
llh_GD_PWL_Renorm_K: array([            nan,             nan,             nan,             nan,
                   nan,             nan,             nan,             nan,
                   nan,             nan,             nan,  -1041.95924346,
                   nan,             nan,             nan,             nan,
                   nan,             nan,             nan,             nan,
                   nan,             nan,             nan,             nan,
                   nan,             nan,             nan,             nan,
                   nan,             nan,   3951.49294575,  -1754.19595792,
         3999.01755751,   5846.77887547,  -6595.13758153,   5945.91156883,
       -75928.95495303,  -3471.10582185,   6340.57908768,   6086.53794788,
         -741.57072485,   -237.43847309,   -664.71883095,   -181.36173443,
         -193.74039447,   -224.79175766,   -178.37078729,   -211.53542293,
         -185.23774796,             nan])
llh_GD_PWL_Renorm_c: array([          nan,           nan,           nan,           nan,
                 nan,           nan,           nan,           nan,
                 nan,           nan,           nan,           nan,
                 nan,           nan,           nan,           nan,
                 nan,           nan,           nan,           nan,
                 nan,           nan,           nan,           nan,
                 nan,           nan,           nan,           nan,
                 nan,           nan, 6488.82578787, 6448.50735255,
       6474.47460244, 6515.60781028, 6404.25423339, 6494.53564978,
                 nan,           nan, 6338.38373295, 6488.04966959,
                 nan, -186.36456357,           nan, -183.96807963,
       -206.66153964, -208.22282044, -184.10309502, -179.07177719,
       -204.15794943,           nan])
lllh_GD_PWL_Renorm_p: array([          nan,           nan,           nan,           nan,
                 nan,           nan,           nan,           nan,
                 nan,           nan,           nan, -456.47855452,
                 nan,           nan,           nan,           nan,
                 nan,           nan,           nan,           nan,
                 nan,           nan,           nan,           nan,
                 nan,           nan,           nan,           nan,
                 nan,           nan, 6120.49637464, 6018.84650252,
       6152.18562026, 6243.13498604, 6102.63043094, 6210.45361928,
       6127.14860353, 6073.44118139, 6137.07241565, 6224.26093359,
       -181.61160331, -183.39621825, -177.37591237, -172.46680378,
       -175.32650144, -176.85853236, -172.16456697, -184.10219103,
       -178.02803446,           nan])
llh_GD_PWL_Renorm_Kc: array([           nan,            nan,            nan,            nan,
                  nan,            nan,            nan,            nan,
                  nan,            nan,            nan,            nan,
                  nan,            nan,            nan,            nan,
                  nan,            nan,            nan,            nan,
                  nan,            nan,            nan,            nan,
                  nan,            nan,            nan,            nan,
                  nan,            nan,            nan,            nan,
                  nan,            nan,            nan,            nan,
                  nan,            nan,            nan,            nan,
                  nan,            nan,            nan,            nan,
                  nan,            nan,            nan,            nan,
                  nan,            nan,            nan,            nan,
                  nan,            nan,            nan,            nan,
                  nan,            nan,            nan,            nan,
                  nan,            nan,            nan,            nan,
                  nan,            nan,            nan,            nan,
                  nan,            nan,            nan,            nan,
                  nan,            nan,            nan,            nan,
                  nan,            nan,            nan,            nan,
                  nan,            nan,            nan,            nan,
                  nan,            nan,            nan,            nan,
                  nan,            nan,            nan,            nan,
                  nan,            nan,            nan,            nan,
                  nan,            nan,            nan,            nan,
                  nan,            nan,            nan,            nan,
                  nan,            nan,            nan,            nan,
                  nan,            nan,            nan,            nan,
                  nan,            nan,            nan,            nan,
                  nan,            nan,            nan,            nan,
                  nan,            nan,            nan,            nan,
                  nan,            nan,            nan,            nan,
                  nan,            nan,            nan,            nan,
                  nan,            nan,            nan,            nan,
                  nan,            nan,            nan,            nan,
                  nan,            nan,            nan,            nan,
                  nan,            nan,            nan,            nan,
                  nan,            nan,            nan,            nan,
                  nan,            nan,            nan,            nan,
                  nan,            nan,            nan,            nan,
                  nan,            nan,            nan,            nan,
                  nan,            nan,            nan,            nan,
                  nan,            nan,            nan,            nan,
                  nan,            nan,            nan,            nan,
                  nan,            nan,            nan,            nan,
        6168.89959817,  5961.44473995,  5693.48188169,  5361.31572951,
        4961.74033698,  4492.28430281,  4678.87152649,  3970.70210252,
        3094.64063032,  2057.45010365,   877.24471249,  -411.68029244,
        6150.80979969,  5972.68817511,  5730.41142081,  5418.17499123,
        5029.83212572,  4558.9688373 ,  6484.66437351,  6437.4934313 ,
        6368.70132538,  6276.79742705,  6160.24023687,  6017.44267697,
                  nan,            nan,  1033.39427455,  -552.35863558,
       -2390.94815248, -4435.06722019,  6494.67550951,  6458.1136564 ,
        6401.3825428 ,  6323.15890641,  6222.09059542,  6096.8037462 ,
                  nan,            nan,            nan,            nan,
                  nan,            nan,            nan,            nan,
                  nan,  1683.53466237,   243.25827559, -1475.19062802,
        6451.04793553,  6484.4632732 ,  6499.35576597,  6494.12391919,
        6467.09288259,  6416.51620477,  6501.94073379,  6477.69457205,
        6436.85824672,  6378.39554471,  6301.24535809,  6204.32558804,
                  nan,            nan,            nan,  -495.33097063,
        -564.90261021,  -646.79269972,  -195.74114974,  -198.47071785,
        -202.74612008,  -208.67295827,  -216.35819107,  -225.9101443 ,
                  nan,            nan,            nan,  -444.98326509,
        -506.05819729,  -578.87122587,  -182.92237482,  -181.90758518,
        -181.1771825 ,  -180.74408618,  -180.62147309,  -180.82278465,
        -200.45280224,  -195.19532186,  -191.34613915,  -189.0848522 ,
        -188.59862227,  -190.08259391,  -205.75148207,  -201.45718332,
        -199.65270477,  -200.70375745,  -204.98441285,  -212.88055167,
        -182.76966686,  -181.58809684,  -180.57695643,  -179.74286205,
        -179.09254691,  -178.63286369,  -184.09113201,  -186.01146924,
        -188.92038462,  -192.87200854,  -197.921206  ,  -204.12357314,
        -201.22644369,  -198.04691737,  -195.05636882,  -192.26722795,
        -189.69226777,  -187.34461273,            nan,            nan,
                  nan,            nan,            nan,            nan])
llh_GD_PWL_Renorm_Kp: array([            nan,             nan,             nan,             nan,
                   nan,             nan,             nan,             nan,
                   nan,             nan,             nan,             nan,
                   nan,             nan,             nan,             nan,
                   nan,             nan,             nan,             nan,
                   nan,             nan,             nan,             nan,
                   nan,             nan,             nan,             nan,
                   nan,             nan,             nan,             nan,
                   nan,             nan,             nan,             nan,
                   nan,             nan,             nan,             nan,
                   nan,             nan,             nan,             nan,
                   nan,             nan,             nan,             nan,
                   nan,             nan,             nan,             nan,
                   nan,             nan,             nan,             nan,
                   nan,             nan,             nan,             nan,
                   nan,             nan,             nan,             nan,
                   nan,             nan,   -359.7257189 ,   -259.2865741 ,
         -187.55806871,   -193.01969582,   -334.12267753,   -643.21727622,
                   nan,             nan,             nan,             nan,
                   nan,             nan,             nan,             nan,
                   nan,             nan,             nan,             nan,
                   nan,             nan,             nan,             nan,
                   nan,             nan,             nan,             nan,
                   nan,             nan,             nan,             nan,
                   nan,             nan,             nan,             nan,
                   nan,             nan,             nan,             nan,
                   nan,             nan,             nan,             nan,
                   nan,             nan,             nan,             nan,
                   nan,             nan,             nan,             nan,
                   nan,             nan,             nan,             nan,
                   nan,             nan,             nan,             nan,
                   nan,             nan,             nan,             nan,
                   nan,             nan,             nan,             nan,
                   nan,             nan,             nan,             nan,
                   nan,             nan,             nan,             nan,
                   nan,             nan,             nan,             nan,
                   nan,             nan,             nan,             nan,
                   nan,             nan,             nan,             nan,
                   nan,             nan,             nan,             nan,
                   nan,             nan,             nan,             nan,
                   nan,             nan,             nan,             nan,
                   nan,             nan,             nan,             nan,
                   nan,             nan,             nan,             nan,
                   nan,             nan,             nan,             nan,
                   nan,             nan,             nan,             nan,
         6093.77584802,   5949.06230136,   5686.82452225,   5320.57096747,
         4879.26620268,   4406.09161787,   6037.22935932,   5750.64180145,
         5079.56802173,   3961.39808827,   2381.43616734,    412.87948498,
         6263.71115643,   6261.93912901,   6125.98510404,   5838.3563785 ,
         5389.6585326 ,   4783.4378603 ,   6251.98945679,   6227.62063586,
         6174.92928241,   6101.15362511,   6015.41277562,   5927.62992352,
         6157.30762989,   5829.45132645,   4968.16177189,   3400.66499366,
          963.52059207,  -2420.381164  ,   6215.34086962,   6195.84272986,
         6157.56093127,   6107.06162898,   6051.13047035,   5995.87904742,
         5887.15218757,   4455.7169196 ,    956.53646806,  -6045.22730578,
       -18822.44583097, -40722.27313035,   6263.56066015,   6174.30632269,
         5689.5878547 ,   4665.05524586,   2932.26417067,    312.92955293,
         6214.30555911,   6267.14054766,   6300.53596587,   6319.978033  ,
         6330.64416587,   6336.6431195 ,   6233.41338837,   6225.71045158,
         6205.52138439,   6177.49018062,   6146.0348072 ,   6114.85103507,
         -203.97545941,   -245.68479001,   -309.28543317,   -395.57123363,
         -502.11891771,   -621.696497  ,   -189.67058779,   -197.03777602,
         -205.09382218,   -213.43799015,   -221.72926188,   -229.74630525,
         -193.6421947 ,   -227.57574214,   -281.65064499,   -356.78219491,
         -450.93508861,   -557.53377867,   -173.15443829,   -174.02064276,
         -175.06948652,   -176.31073898,   -177.75948805,   -179.43541082,
         -172.69859188,   -172.3303694 ,   -173.86467472,   -176.90704536,
         -181.16396298,   -186.62363254,   -173.34657917,   -174.45148663,
         -179.76711406,   -188.43948147,   -199.3227788 ,   -211.43007025,
         -172.61378153,   -173.19937501,   -173.92588029,   -174.79911864,
         -175.82592935,   -177.01385342,   -187.84150875,   -191.83167293,
         -195.92465989,   -200.00156772,   -203.9811911 ,   -207.82467028,
         -177.9559279 ,   -178.22737282,   -178.8545358 ,   -179.8522758 ,
         -181.23724202,   -183.02677881,             nan,             nan,
                   nan,             nan,             nan,             nan])
max_PWL_Renorm: nan
llh_GD_QEXP: array([ 2.71896252e+02,  2.35042216e+02,  3.62592683e+02,  3.06130714e+02,
        1.75674026e+02,  4.34380753e+02,             nan,  4.44563164e+02,
        2.97241531e+02,             nan,  4.30113765e+02,  2.31183869e+02,
        2.11352244e+01,  1.20467448e+02,  4.77191049e+02,  5.37491370e+02,
        7.05113320e+02,  6.50150514e+02,  2.74677968e+02,  3.82692939e+02,
                   nan,  7.36967536e+01,             nan,             nan,
        1.05830173e+02, -8.00609536e-01,             nan,             nan,
                   nan,             nan,  3.09313776e+04,  2.93199233e+04,
        2.67960046e+04,  2.90502385e+04,  2.91133089e+04,  3.03392959e+04,
        3.09396170e+04,  2.31446503e+04,  3.07620623e+04,  3.02394052e+04,
        1.18804576e+03,  1.18590278e+03,  1.07711222e+03,  1.19287118e+03,
        6.05403359e+02,  1.08627092e+03,  1.22640294e+03,  1.15263616e+03,
        1.10611333e+03,  1.11523619e+03])
llh_GD_QEXP_Renorm_a: array([ 9.37920899e+01,  7.66665225e+01,  9.34437248e+01,  9.37697128e+01,
        9.50295573e+01,  7.60872782e+01,             nan,  8.37729139e+01,
        9.44018531e+01,             nan,  5.86143275e+01,  1.22251912e+02,
        3.96943555e+01, -1.45450286e+02,  1.24551740e+02,  1.09589726e+02,
        9.75099324e+01,  7.58058637e+01,  9.46535452e+01,  1.07463330e+02,
                   nan,  1.95696342e+01,             nan,             nan,
        8.47150326e+00,  1.84572698e+01,             nan,             nan,
                   nan,             nan,  1.39529875e+04,  1.39120879e+04,
        1.35365359e+04,  1.38324146e+04,  1.38172114e+04,  1.38566984e+04,
        1.39554192e+04,  1.27276279e+04,  1.39477041e+04,  1.38642751e+04,
        3.91629797e+02,  3.83723113e+02,  3.52587843e+02,  3.90370289e+02,
        5.78979900e+01,  3.60007708e+02,  4.01935986e+02,  3.85480083e+02,
        3.64774505e+02,  3.78296084e+02])
lllh_GD_QEXP_Renorm_q: array([-230.03896615,   76.93587598,   79.88636296, -230.05744039,
         83.79358731, -236.76133779,   75.15908592, -242.07696175,
       -226.78987711,           nan,  113.22838658, -225.51836971,
         37.82094655,   34.44455534, -249.57023496, -271.67578096,
                 nan,  637.7832048 ,  121.11072836,  105.66595791,
         16.52312309,           nan,   31.70438347,           nan,
         25.07070322,           nan,           nan,   28.50692236,
         25.30032658,           nan,           nan,           nan,
                 nan,           nan,           nan,           nan,
                 nan,           nan,           nan,           nan,
                 nan,           nan,           nan,           nan,
        891.08933813,           nan,           nan,           nan,
                 nan,           nan])
llh_GD_QEXP_Renorm_aq: array([-2.24220891e+02,  7.69496142e+01,  8.14213029e+01,  8.53248964e+01,
        8.86846182e+01,  9.15097066e+01,  7.68975143e+01,  7.68591135e+01,
        7.68206736e+01,  7.67821946e+01,  7.67436764e+01,  7.67051191e+01,
        8.59360568e+01,  9.07168680e+01,  9.42346290e+01,  9.64033321e+01,
        9.70791670e+01,  9.61223260e+01, -2.24243862e+02,  7.69241772e+01,
        8.13941167e+01,  8.52970830e+01,  8.86573137e+01,  9.14841484e+01,
        8.59533881e+01,  8.79283660e+01,  8.97205201e+01,  9.13298645e+01,
        9.27542834e+01,  9.39895494e+01,  7.52500165e+01,  8.65136090e+01,
        9.38335106e+01,  9.70080365e+01,  9.53187860e+01,  8.83059538e+01,
        8.85934107e+01,  9.59144259e+01,  9.63117105e+01,  8.86334023e+01,
        7.29206043e+01,             nan, -2.25355336e+02,  8.29079648e+01,
        9.13359788e+01,  9.61396024e+01,  9.68002755e+01,  9.27298621e+01,
        7.45536920e+01,  7.91704645e+01,  8.32386501e+01,  8.67866956e+01,
        8.98309602e+01,  9.23737786e+01,             nan,             nan,
                   nan,             nan,             nan,             nan,
        1.21171436e+02,  1.24893501e+02,  1.23271763e+02,  1.15518287e+02,
        1.01689979e+02,  8.24292383e+01,  1.01070054e+02,  1.06001137e+02,
        1.10328668e+02,  1.14099058e+02,  1.17342969e+02,  1.20067748e+02,
        3.80893899e+01,  3.83575632e+01,  3.86254658e+01,  3.88930971e+01,
        3.91604562e+01,  3.94275426e+01,  1.14866295e+01, -1.28562581e+01,
       -3.82705230e+01, -6.44756028e+01, -9.12203975e+01, -1.18279586e+02,
       -2.33358948e+02,  1.00184348e+02,  1.09714356e+02,  1.16938513e+02,
        1.22024774e+02,  1.24728847e+02, -2.41581466e+02, -2.20988531e+02,
        1.13379796e+02,  1.21923984e+02,  1.25033991e+02,  1.21167409e+02,
                   nan,             nan,             nan,             nan,
                   nan,  1.81795117e+02,  5.54435149e+02,  4.71758593e+02,
        3.89918262e+02,  3.09121147e+02,  2.29622205e+02,  1.51729254e+02,
        1.18836365e+02,  1.16040941e+02,  1.12732334e+02,  1.08922643e+02,
        1.04627310e+02,  9.98643295e+01,  1.14052845e+02,  1.20179988e+02,
        1.23978747e+02,  1.24985580e+02,  1.22693843e+02,  1.16842694e+02,
        2.55752223e+01,  3.11489594e+01,             nan,             nan,
                   nan,             nan,             nan,             nan,
        3.11334392e+01,  2.92053531e+01,  2.66150219e+01,  2.33982288e+01,
                   nan,             nan,             nan,             nan,
                   nan,             nan,             nan,             nan,
                   nan,             nan,             nan,             nan,
        2.32457174e+01,  2.12433429e+01,  1.90626283e+01,  1.67005777e+01,
        1.41524315e+01,  1.14119385e+01,             nan,             nan,
                   nan,             nan,  2.96794141e+01,  2.50065027e+01,
                   nan,             nan,             nan,             nan,
                   nan,             nan,  3.15994987e+01,             nan,
                   nan,             nan,             nan,             nan,
                   nan,             nan,             nan,             nan,
                   nan,             nan,             nan,             nan,
                   nan,             nan,             nan,             nan,
                   nan,             nan,             nan,             nan,
                   nan,             nan,             nan,             nan,
                   nan,             nan,             nan,             nan,
                   nan,             nan,             nan,             nan,
                   nan,  1.58102411e+04,             nan,             nan,
                   nan,             nan,             nan,             nan,
                   nan,             nan,             nan,             nan,
                   nan,             nan,             nan,             nan,
                   nan,             nan,             nan,             nan,
                   nan,             nan,             nan,             nan,
                   nan,             nan,             nan,             nan,
                   nan,             nan,  1.66545506e+04,  1.47633319e+04,
                   nan,             nan,             nan,             nan,
                   nan,             nan,             nan,             nan,
                   nan,             nan,             nan,             nan,
                   nan,             nan,             nan,             nan,
                   nan,             nan,             nan,             nan,
                   nan,             nan,             nan,             nan,
                   nan,             nan,             nan,             nan,
                   nan,             nan,             nan,             nan,
                   nan,             nan,             nan,             nan,
        7.64277929e+02,  6.34840215e+02,  5.06109154e+02,  3.81651161e+02,
        2.64436557e+02,  1.56294540e+02,             nan,             nan,
                   nan,             nan,             nan,             nan,
                   nan,             nan,             nan,             nan,
                   nan,             nan,             nan,             nan,
                   nan,             nan,             nan,             nan,
                   nan,             nan,             nan,             nan,
                   nan,             nan,             nan,             nan,
                   nan,             nan,             nan,             nan])
max_QEXP_Renorm: nan
llh_GD_RAY: array([-174.03808254, -176.48405309, -177.20510589, -177.54707027,
       -177.62034918, -180.89925194, -174.82840027, -206.51624047,
       -175.44341526, -294.06160788, -167.43090525, -163.8495325 ,
       -166.83805919, -165.26762165, -166.90076656, -165.6825029 ,
       -169.90109544, -166.36020226, -168.3423306 , -165.51999825,
       -198.3012824 , -209.59889381, -189.71972798, -191.61509884,
       -191.25792709, -191.5262734 , -288.30022639, -196.73208257,
       -191.65815462, -193.49241761, 6550.11807357, 6550.61149108,
       6558.14193607, 6526.66472486, 6402.75844199, 6540.1885021 ,
       6504.07442308, 4149.52789716, 6530.92899718, 6558.52280213,
       -169.42558279, -169.49063938, -167.20344906, -166.40680246,
       -164.60554809, -166.66918353, -165.55898837, -166.57540599,
       -167.87705257, -171.46215934])
llh_GD_RAY_Renorm_gamma: array([-191.42349107, -202.34813669, -191.13007517, -196.28248864,
       -205.3363758 , -193.98958883, -200.09429418, -190.7135736 ,
       -189.76594355, -187.05735466, -210.78937892, -177.99078261,
       -197.214003  , -176.2532554 , -196.04477751, -196.07624612,
       -198.96956497, -186.65294728, -199.53805817, -180.00035462,
       -215.09710915, -207.89779124, -200.32585384, -213.48675932,
       -220.39431021, -220.52281611, -202.41115532, -218.46516156,
       -230.10736754, -211.72368315, 6534.78414216, 6534.64524512,
       6544.28471972, 6549.31179051, 6531.37615224, 6524.49185688,
       6537.79314899, 6107.08454857, 6513.90738541, 6551.37255988,
       -205.61875932, -194.81388566, -196.83769617, -193.21730794,
       -181.75285126, -191.1570734 , -188.14515354, -190.99253644,
       -199.06049784, -209.90396355])
llh_GD_RAY_Renorm_eta: array([-184.90563042, -190.14571803, -187.0680239 , -188.6370944 ,
       -192.22333563, -190.3236689 , -187.54540678, -185.2487833 ,
       -185.27052803, -182.1337878 , -177.50852114, -170.93426604,
       -175.79736218, -171.78447997, -175.75135495, -172.9073623 ,
       -181.58004684, -173.78746991, -178.86778986, -172.99554727,
       -206.88164391, -202.77298275, -200.05932582, -202.13934776,
       -201.22965806, -201.85443282, -199.97797096, -208.59769683,
       -199.8177961 , -202.59839041, 6539.77818106, 6541.79346545,
       6545.79383173, 6545.16046731, 6516.3624575 , 6527.24118156,
       6531.37616702, 5434.88465795, 6518.62324831, 6550.25072452,
       -189.70216964, -186.45076015, -182.87213847, -181.49071933,
       -178.39324933, -180.15371832, -181.84873481, -184.10328829,
       -186.71496037, -184.28855355])
llh_GD_RAY_Renorm_gammaeta: array([-185.56442089, -186.30072865, -187.11996915, -188.02962922,
       -189.04000593, -190.16509691, -191.3343033 , -192.66275389,
       -194.15537103, -195.8399672 , -197.74661552, -199.90605493,
       -187.55184647, -188.06417264, -188.60682993, -189.18198286,
       -189.79218023, -190.4403984 , -189.45855748, -190.35202811,
       -191.32664154, -192.39339279, -193.56511126, -194.85624926,
       -193.53057766, -194.98851214, -196.61950181, -198.44693789,
       -200.49419131, -202.78369442, -190.78091706, -191.25804142,
       -191.7563097 , -192.27708989, -192.82184647, -193.39213406,
       -188.68734965, -189.98255402, -191.45980444, -193.15780106,
       -195.12505426, -197.41750737, -185.83490082, -186.47766095,
       -187.18065462, -187.94860191, -188.78768113, -189.70591578,
       -185.77338609, -186.3179422 , -186.90637435, -187.54144013,
       -188.22662227, -188.96630079, -182.43103477, -182.84476363,
       -183.38832352, -184.07219786, -184.90480561, -185.89534901,
       -180.38614799, -183.88305382, -188.01366049, -192.77198959,
       -198.1487982 , -204.1467262 , -171.52021563, -172.21428748,
       -173.03601835, -174.00538343, -175.14213838, -176.46501746,
       -177.70029519, -179.96871059, -182.62498076, -185.67946161,
       -189.13238337, -192.97872737, -172.24191454, -172.75118816,
       -173.31743279, -173.94578418, -174.64130745, -175.40891199,
       -177.57402726, -179.73594169, -182.25808231, -185.15095502,
       -188.41584395, -192.04864722, -174.54217444, -176.65053536,
       -179.30711078, -182.56466788, -186.44725107, -190.95443452,
       -183.51387853, -185.63291228, -187.93675248, -190.4238401 ,
       -193.09234436, -195.94096846, -174.94403693, -176.30161131,
       -177.87983695, -179.69491067, -181.75849437, -184.07719634,
       -180.95615241, -183.33151456, -185.99803316, -188.95492839,
       -192.19891396, -195.72687676, -173.69354339, -174.480247  ,
       -175.36353165, -176.35084509, -177.44898655, -178.66387756,
       -207.79619424, -208.79079327, -209.86925066, -211.03532322,
       -212.29276001, -213.64537056, -203.30178697, -203.89106516,
       -204.54511036, -205.26833543, -206.06521429, -206.94022321,
       -200.01348364, -199.92415152, -199.83153042, -199.78041287,
       -199.81644702, -199.98392063, -203.02113082, -204.10323309,
       -205.41277454, -206.97803572, -208.8272554 , -210.98786896,
       -202.27642844, -203.73225445, -205.68583502, -208.23346088,
       -211.47080899, -215.49095399, -203.02138347, -204.56807899,
       -206.56569267, -209.08792193, -212.2064681 , -215.99212598,
       -199.86567303, -199.78582973, -199.81193658, -200.01576752,
       -200.4668549 , -201.23756189, -209.70359367, -210.90352249,
       -212.20168974, -213.60236288, -215.10997111, -216.72921397,
       -200.24642097, -201.35650038, -203.44537859, -206.9030952 ,
       -212.18259978, -219.73729619, -203.39694132, -204.33786882,
       -205.43657911, -206.70890519, -208.17064136, -209.83721903,
       6539.09189017, 6538.39666874, 6537.69244564, 6536.97915056,
       6536.256714  , 6535.52506721, 6540.82910775, 6539.84618187,
       6538.8444616 , 6537.82372459, 6536.78375226, 6535.72432964,
       6545.58130137, 6545.36775778, 6545.15319746, 6544.93761696,
       6544.7210128 , 6544.50338153, 6545.77845549, 6546.38798665,
       6546.98914595, 6547.58201926, 6548.16669305, 6548.74325432,
       6518.69362355, 6520.96114154, 6523.16592482, 6525.30889146,
       6527.39096426, 6529.41307206, 6526.85479408, 6526.46629238,
       6526.07567035, 6525.68292188, 6525.28804087, 6524.89102123,
       6532.33542694, 6533.28030031, 6534.2109081 , 6535.12737251,
       6536.02981715, 6536.91836708, 5564.39961373, 5682.17428237,
       5788.41771202, 5883.49130442, 5967.87852135, 6042.17224909,
       6517.96521958, 6517.30200375, 6516.63357982, 6515.95992687,
       6515.28102401, 6514.59685045, 6550.4130015 , 6550.57460311,
       6550.73553162, 6550.89578928, 6551.05537837, 6551.21430114,
       -191.52857957, -193.5096999 , -195.64186576, -197.92151822,
       -200.34568077, -202.91204281, -187.43524953, -188.49045068,
       -189.6163889 , -190.81260711, -192.07829485, -193.41242543,
       -184.17692723, -185.70119042, -187.45804977, -189.45298978,
       -191.68497573, -194.14878352, -182.53065197, -183.75797772,
       -185.19393109, -186.85340167, -188.74399381, -190.86660561,
       -178.72974835, -179.10358317, -179.51982026, -179.98484086,
       -180.506234  , -181.09253916, -181.03770618, -182.10319147,
       -183.38532992, -184.91487241, -186.71399686, -188.79423208,
       -182.51100329, -183.24498437, -184.05601379, -184.94859059,
       -185.92621196, -186.99128942, -184.88595208, -185.7339434 ,
       -186.64898645, -187.63215826, -188.6839257 , -189.80421931,
       -188.0957979 , -189.60716835, -191.24816265, -193.01666921,
       -194.9099946 , -196.92540681, -186.55406958, -189.2972179 ,
       -192.52059351, -196.20908104, -200.34425538, -204.91244176])
max_RAY_Renorm: 6551.372559875004
llh_GD_GSS: array([-178.74189037, -175.86852963, -172.75494532, -176.68454349,
       -175.03785305, -173.4694915 , -171.60267207, -173.34598383,
       -176.49333109, -171.37971223, -171.06554469, -163.37351875,
       -164.70100936, -169.56768792, -162.93248401, -164.56298571,
       -163.15582036, -164.55967976, -166.0122602 , -166.12252831,
       -191.66984685, -187.73995455, -190.04449944, -189.88009343,
       -194.21477445, -189.45118351, -190.13814133, -191.59898862,
       -194.61445633, -215.48564684, 6591.59309496, 6589.98708297,
       6553.07241072, 6590.95693043, 6593.12511191, 6592.90556875,
       6596.37802953, 6577.70731085, 6587.03120705, 6590.73307305,
       -176.77793659, -166.69374706, -172.77014008, -167.92005733,
       -165.89459901, -178.45581216, -168.7198697 , -163.8261486 ,
       -171.60351548, -175.34307658])
llh_GD_GSS_Renorm_kappa: array([-206.74583864, -207.60862558, -201.89177666, -217.45757846,
       -202.64058837, -195.22303933, -209.71548757, -198.86682077,
       -213.63866806, -213.11047007, -192.63768103, -184.53669531,
       -194.44355337, -282.41382679, -181.77546996, -188.03226388,
       -178.1658182 , -199.97266542, -203.98995123, -206.19112347,
       -220.79122756, -216.85434851, -244.58469337, -219.49796457,
       -217.51918377, -208.49061557, -210.90707973, -216.50362169,
       -272.43593279, -246.35248459, 6571.68681547, 6571.92531168,
       6562.73766724, 6573.19140816, 6572.61462601, 6573.09845691,
       6570.70754581, 6553.75769747, 6566.89844363, 6573.56900062,
       -235.73997511, -202.17800331, -213.63217759, -202.04580076,
       -197.25227637, -242.56562971, -200.08438324, -180.4746855 ,
       -211.55502441, -227.74594519])
llh_GD_GSS_Renorm_tau: array([-261.49754039, -343.61266439, -325.38755725, -342.9517028 ,
       -345.68677194, -317.67724915, -305.08186542, -277.81765808,
       -341.92938841, -330.41432854, -207.44737792, -326.45546311,
       -367.5196908 , -333.27453523, -297.4956541 , -348.92071264,
       -280.72879397, -374.80655267, -420.38488209, -480.80551205,
       -284.73412645, -294.09246574, -360.80696584, -279.08013987,
       -255.43069039, -299.73988889, -334.28999704, -439.6139655 ,
       -391.70327911, -246.9788553 , 6572.92521842, 6573.05353536,
       6572.02998663, 6573.29966016, 6573.2378012 , 6573.51072789,
       6572.57497913, 6567.38078981, 6572.6596206 , 6573.59448084,
       -236.50768437, -259.51436125, -252.07348483, -253.64534171,
       -249.12569197, -191.36036813, -257.24234857, -235.29265189,
       -240.51790207, -238.1626211 ])
llh_GD_GSS_Renorm_kappatau: array([-250.99277369, -228.9938478 , -222.84585938, -215.53384267,
       -210.19850157, -207.15372682, -326.79572494, -280.69488109,
       -269.48183814, -244.58919149, -224.53669806, -211.37802613,
       -325.75656218, -265.0628529 , -244.27622647, -226.43794708,
       -212.58413418, -203.92755672, -326.19006714, -276.48396219,
       -279.64546777, -254.35549169, -234.01280863, -220.81657467,
       -329.64588509, -274.37409627, -260.95908733, -237.4305915 ,
       -218.57657301, -206.23979811, -308.93668553, -253.47343797,
       -234.47063904, -218.21661075, -205.56957855, -197.52172778,
       -310.28768151, -253.65639544, -238.18136889, -225.30521292,
       -215.72007895, -210.21955138, -275.66009414, -230.83214242,
       -219.70501076, -210.54094773, -203.72160791, -199.67213088,
       -326.26764521, -275.00386298, -271.2915967 , -247.70330464,
       -228.87029774, -216.73223968, -331.47681321, -270.95825992,
       -251.05834151, -234.18461916, -221.38127897, -213.87490532,
       -208.5321222 , -195.23513774, -200.98156281, -197.22739256,
       -194.51694905, -192.95117573, -311.92050875, -259.10162996,
       -235.49608605, -215.00882776, -198.76899141, -188.09600079,
       -339.64341722, -293.83335414, -263.11497465, -235.78806635,
       -213.68108412, -199.00509669, -332.46006568, -306.54093134,
       -294.15548386, -284.73434092, -279.03247835, -277.92227879,
       -284.89845957, -240.1235875 , -221.3048024 , -205.23312156,
       -192.67877593, -184.52276684, -331.40632741, -283.40787359,
       -253.97816868, -227.90070608, -206.8290409 , -192.74492057,
       -271.60639681, -233.48197317, -215.68339042, -200.51371643,
       -188.66298709, -180.91566604, -352.05965655, -300.11008595,
       -268.96909088, -241.24912601, -218.86900965, -204.16147948,
       -403.98007818, -339.83951685, -304.35219594, -265.87276838,
       -233.4123402 , -211.04678765, -455.41470132, -386.13242891,
       -342.4011323 , -292.61140462, -248.56717753, -216.81278872,
       -271.7405603 , -248.99047533, -238.86825404, -230.57693479,
       -224.50264278, -221.07850009, -279.89209279, -245.74576452,
       -235.24427724, -226.66181742, -220.41389706, -216.96861685,
       -337.48955472, -301.64636403, -281.50329958, -264.26764182,
       -251.25319151, -244.04905365, -275.80771158, -241.72685259,
       -233.42927495, -226.74792454, -221.97592748, -219.43868537,
       -237.29511757, -240.16189948, -225.80551709, -221.84992902,
       -219.05550012, -217.5616668 , -277.24584967, -247.40884264,
       -234.26660737, -223.23055841, -214.83586334, -209.69121421,
       -304.18923869, -273.33336572, -253.27846733, -235.84899057,
       -222.10404183, -213.2952678 , -415.26446173, -366.97179641,
       -320.17831049, -281.7928804 , -248.18893984, -224.24832827,
       -362.88347669, -325.50174211, -330.38850983, -305.17799091,
       -284.89098364, -272.63844284, -257.54863178, -255.97969102,
       -253.97909652, -247.43266981, -245.77839918, -246.04115624,
       6571.49172315, 6571.10720928, 6570.71196727, 6570.3037958 ,
       6569.87978726, 6569.43634354, 6570.10315064, 6569.79815772,
       6569.48003062, 6569.1433498 , 6568.78207705, 6568.38942533,
       6569.46873301, 6568.03421882, 6566.23076118, 6563.98955981,
       6561.21853591, 6557.78766484, 6568.25406972, 6568.17921429,
       6568.05448857, 6567.8708186 , 6567.61516996, 6567.2685739 ,
       6572.07607438, 6571.84609116, 6571.62552208, 6571.41194942,
       6571.20247881, 6570.99383476, 6572.68795285, 6572.45744881,
       6572.22714531, 6571.99526339, 6571.75939846, 6571.51658591,
       6570.50812696, 6570.00840053, 6569.48154854, 6568.92373667,
       6568.33023219, 6567.69532491, 6554.77386979, 6552.38235228,
       6549.60261169, 6546.33858365, 6542.46575854, 6537.82124802,
       6564.77435406, 6563.59476578, 6562.19644586, 6560.52816884,
       6558.52425698, 6556.09876778, 6571.77495342, 6571.93832246,
       6572.08508377, 6572.21581132, 6572.3308874 , 6572.43050083,
       -238.17141663, -223.97846865, -192.36539716, -190.84487445,
       -232.42872045, -233.08434856, -285.61115091, -207.72434054,
       -204.34401991, -201.97042866, -200.72678321, -200.7472424 ,
       -255.89950318, -238.98461598, -217.4181968 , -213.91964749,
       -211.96477612, -211.78377719, -257.95457   , -210.30946152,
       -205.99083375, -202.83526241, -201.00451936, -200.67626617,
       -255.80314901, -202.40206775, -199.42982168, -197.32781854,
       -196.19296268, -196.13000903, -190.21596084, -249.17868089,
       -505.24958531, -335.78604314, -277.95195107, -258.48459425,
       -257.68256679, -236.26277545, -206.54514213, -202.27810529,
       -199.60991323, -198.7872363 , -250.8950247 , -231.08889874,
       -182.50655919, -181.19436755, -180.39255401, -180.13923723,
       -236.54809185, -223.31311792, -209.61810285, -211.60633562,
       -210.03303988, -209.95133218, -237.31032822, -221.22684246,
       -193.0623589 , -187.4857805 , -225.1539875 , -225.40603539])
max_GSS_Renorm: 6573.594480844694
