llh_GD_EXP: array([ 5.09693729e-01, -3.46775524e-01,  1.16911463e+00, -5.92418621e-01,
        1.35001588e+00, -1.54087181e-01,  1.19682201e+00, -3.49978560e-01,
        2.36944539e+00,  1.48251324e+00, -3.69105112e+00, -5.89276341e+00,
       -8.33098947e+00, -4.48381320e+00, -7.09559275e+00, -4.82915101e+00,
       -5.69813231e+00, -5.04579626e+00, -4.77963842e+00, -6.83348305e+00,
       -1.98566190e+00, -4.52554754e+00, -3.48496039e+00, -1.27855545e+00,
       -2.77335308e+00, -4.80680582e+00, -3.45584154e+00, -1.20333535e+00,
       -2.68292057e+00, -1.24187844e+00,  2.05316615e+02,  1.97746669e+02,
        2.04257659e+02,  2.05861131e+02,  2.05502559e+02,  2.04013466e+02,
        1.97638327e+02,  2.06635170e+02,  1.96170219e+02,  2.01976945e+02,
        1.33983328e+02,  1.45666314e+02,  1.44384806e+02,  1.40176533e+02,
        1.44194025e+02,  1.44186013e+02,  1.45504539e+02,  1.39964556e+02,
        1.44248389e+02,  1.45016591e+02])
llh_GD_EXP_Renorm_alpha: array([ -0.52055392,  -0.47092875,  -0.45948536,  -1.29028435,
        -0.54804473,  -3.76693036,  -0.60164227,  -3.62839457,
        -5.36616327,  -2.24838922,  -7.90283631,  -8.57970619,
       -13.21519021,  -7.6248525 ,  -7.649888  ,  -7.54859915,
        -7.65404815, -12.00538184,  -7.55861034,  -7.60245821,
        -4.81607448, -25.92315246, -16.50839398, -40.98956239,
        -4.18214695,  -4.93641543,  -4.67059301,  -5.69528842,
        -9.36799503,  -4.56517324, 174.35003923, 192.86822428,
       168.11603031, 199.76321705, 192.21080759, 169.70791225,
       151.62183993, 204.76888036, 122.64176671, 183.91206555,
       106.87208144, 141.50780607, 125.11941533, 102.20212272,
       117.3027316 ,  63.76045715, 144.19004018,  92.97447017,
       136.28424758, 144.18279661])
llh_GD_EXP_Renorm_beta: array([ -0.45338317,  -0.47959734,  -0.45639595,  -0.49415367,
        -0.54485539,  -2.55904204,  -0.47056053,  -1.80738682,
        -2.76547003,  -0.90571523,  -8.54042181,  -7.54872663,
        -8.13656028,  -7.54472615,  -7.85629536,  -7.58006945,
        -7.57379222,  -8.07332228,  -7.63668697,  -7.94794637,
        -4.21122617,  -6.3476977 ,  -8.55854058,  -7.16493896,
        -4.18624089,  -4.25373432,  -4.21505793,  -4.99463768,
        -6.01672562,  -5.16130754, 198.08630929, 203.18453496,
       198.86186047, 203.82365453, 202.24528549, 198.91897404,
       198.07735692, 205.77011446, 195.31353937, 198.49542126,
       125.88510444, 144.10771752, 140.6077863 , 121.58476102,
       139.55119141, 137.51481871, 145.02530672, 138.12041923,
       142.78653333, 145.01539824])
llh_GD_EXP_Renorm_alphabeta: array([ -0.45711024,  -0.46572607,  -0.47918965,  -0.49747154,
        -0.4637634 ,  -0.4550965 ,  -0.45346897,  -0.45877448,
        -0.45406939,  -0.45322496,  -0.45385227,  -0.45594188,
        -0.57128669,  -0.68832026,  -0.84607578,  -1.04604939,
        -0.54548872,  -0.54612432,  -0.54676218,  -0.54740232,
        -2.5174893 ,  -2.64182472,  -2.90571313,  -3.28699266,
        -0.48654225,  -0.50764852,  -0.53386553,  -0.56519266,
        -2.1019384 ,  -2.43020316,  -2.79337689,  -3.192497  ,
        -3.19776804,  -3.67345744,  -4.1932668 ,  -4.75753226,
        -1.09726739,  -1.32542637,  -1.59202812,  -1.89902877,
        -8.38574256,  -8.24483331,  -8.11751528,  -8.00358853,
        -7.60989167,  -7.74033577,  -7.94330674,  -8.22210474,
        -8.72471597,  -9.52965575, -10.55330043, -11.78782676,
        -7.55123018,  -7.56252425,  -7.57857598,  -7.59935885,
        -7.80634948,  -7.76075021,  -7.71947993,  -7.68252748,
        -7.57153241,  -7.56412286,  -7.55783472,  -7.55266207,
        -7.58579764,  -7.59981048,  -7.615846  ,  -7.63391989,
        -8.5411672 ,  -9.1676929 ,  -9.95604815, -10.90441122,
        -7.59087065,  -7.56044527,  -7.54510336,  -7.54457006,
        -7.85418605,  -7.77283504,  -7.70378937,  -7.64699757,
        -4.27147017,  -4.36147607,  -4.48170972,  -4.63290167,
        -8.99335   , -12.63528323, -16.96416409, -21.53824709,
        -6.98275454,  -8.04592268, -10.39901064, -13.3475009 ,
       -40.76584929, -40.98923345, -40.98956191, -40.98956239,
        -4.18038639,  -4.17705563,  -4.17624207,  -4.17794048,
        -4.33262307,  -4.43965472,  -4.57547453,  -4.74080433,
        -4.26456728,  -4.33449677,  -4.42519925,  -4.53708134,
        -5.11643155,  -5.24728241,  -5.38730441,  -5.53660604,
        -6.5446562 ,  -7.14434626,  -7.81573493,  -8.55770106,
        -5.01892   ,  -4.88829364,  -4.76924794,  -4.66160113,
       194.90897077, 190.98189081, 186.25470314, 180.70659395,
       201.88843444, 200.25343844, 198.23351159, 195.78467679,
       195.08882387, 190.18235816, 184.05216929, 176.67776215,
       203.22082627, 202.52189456, 201.71843723, 200.80179033,
       200.88522119, 199.23245499, 197.25490764, 194.92287054,
       195.30074418, 190.6252909 , 184.80687825, 177.82020992,
       192.6906819 , 185.34448625, 175.94393378, 164.6008702 ,
       205.63372645, 205.46734217, 205.26912375, 205.03704285,
       186.62226919, 174.54065721, 159.30089601, 141.64726821,
       196.36267831, 193.85846458, 190.95883529, 187.64649562,
       134.24866192, 139.88522568, 140.58099592, 132.2523735 ,
       143.73436887, 143.29343677, 142.77928105, 142.18605495,
       138.58454305, 136.05783604, 132.98593268, 129.34241739,
       139.97824111, 139.04363182, 129.68713652, 116.64603326,
       136.7199814 , 133.10992898, 128.67092205, 123.39156301,
       128.98290963, 116.47831104, 100.53781597,  82.43670665,
       144.91535402, 144.77854246, 144.61326236, 144.41773821,
       132.780714  , 125.47187821, 116.20742693, 105.23165693,
       141.89455133, 140.81595072, 139.53252024, 138.02707662,
       144.90459618, 144.76756671, 144.60275495, 144.40845018])
max_EXP_Renorm: 205.7701144559348
llh_GD_PWL: array([ 4.16759376e+00,  3.53796641e+00,  4.48131870e+00,  5.16032260e+00,
        3.30395055e+00, -4.44377684e+00,  4.31377335e+00,  4.60441704e+00,
       -3.11966946e+01, -2.10822288e+01, -4.62060674e+00, -3.57829210e+00,
       -4.14424704e+00, -4.80070537e+00, -4.23710354e+00, -3.35424019e+00,
       -4.07213576e+00, -4.10758556e+00, -3.25999874e+00, -4.90896555e+00,
       -1.60748755e+00, -7.67483673e-01, -6.49176585e-01,  1.69892456e-01,
       -7.43251734e-01, -9.88293878e-02, -9.32905139e-01, -7.56175344e-01,
        4.01596052e-03, -7.92027690e-01,  1.98446860e+02,  1.92435741e+02,
        1.17663540e+02,  2.03606405e+02,  2.05711501e+02,  9.44882981e+01,
        1.97337305e+02,  1.97417602e+02,  1.96586875e+02,  1.92696335e+02,
        1.35427437e+02,  1.46841202e+02,  1.45753472e+02,  1.45918379e+02,
        1.46783390e+02,  1.45936453e+02,  8.57155471e+01,  1.46533524e+02,
        1.34829637e+02,  1.44236144e+02])
llh_GD_PWL_Renorm_K: array([ -130.09418657,   -34.59029172,   -38.48393749,           -inf,
         -15.04538896,  -597.61589607,    -8.96252267,   -36.717229  ,
        -550.58318868,  -444.64903672,   -10.02537363,   -11.47528461,
         -11.14072917,   -11.96102851,   -29.01179787,    -8.83028727,
         -16.53790703,    -9.46024537,   -21.74938465,  -121.76706428,
        -177.98175161,   -10.32972551,    -8.72486649,    -6.82304107,
         -17.93046661,   -14.99275053,  -871.98713214,   -19.6746565 ,
        -239.8439068 ,   -23.96495057,   190.70553475,   202.5091765 ,
        -679.50997435,   201.58802966,   195.66699057,  -569.66523212,
       -3150.36076092,  -643.10903306,   198.33842315,   181.20466729,
        -808.10274324,   122.10506125,   135.07353164,   135.17850725,
         112.83546923,    96.11861045, -1087.33892264,   139.24082183,
          13.4683039 ,   141.14349571])
llh_GD_PWL_Renorm_c: array([ -6.24471563,  -7.06917491,  -6.1142969 ,         -inf,
        -5.87086947, -23.63887741,  -7.45894321, -16.94048332,
       -12.98330306, -12.48402075, -15.32748523, -17.93402187,
       -14.62548977, -13.52770999, -13.32084145, -16.4972958 ,
       -11.51394527, -12.86502919, -16.43567394, -18.89758382,
       -16.99394745,  -7.4767044 , -10.14399784, -15.08880045,
       -11.57225636,  -7.91794543, -21.05822898,  -6.97053243,
       -18.02746148, -12.8290413 , 181.85815311, 165.59892136,
       190.60965846, 197.63341995, 206.34395927, 171.81610087,
       179.5983837 , 205.29900609, 203.11863887, 179.94827386,
       120.31340217, 143.89386806, 142.36213208, 136.21693217,
       143.43113305, 141.09834867,  89.61666307, 145.31703228,
        71.59164895, 136.11097192])
lllh_GD_PWL_Renorm_p: array([ -7.29053161, -11.14483945, -13.18278453,         -inf,
        -9.08189459,  -0.89530036, -11.76364861, -24.80946089,
        -6.29644562,  -6.94185713, -14.31648999, -16.93059177,
       -12.79673005, -11.90009105, -10.24225107, -17.03498114,
        -9.61951674, -11.55173266, -19.6368879 , -10.39275072,
       -11.83168997,  -6.07660059,  -9.15783061, -14.93904874,
       -12.63540508,  -8.85194524,  -9.0188835 ,  -5.08600842,
       -15.96207441, -10.63513235, 177.97710786,  75.64978645,
       203.75325909, 196.428846  , 202.58880426, 195.61252692,
       150.00001301, 155.38143411, 181.03000184, 113.2981965 ,
       114.64736129, 144.53564145, 141.42754491, 136.16865531,
       143.90827561, 142.90738782, 125.56261788, 145.31476843,
        15.79299646, 134.10560074])
llh_GD_PWL_Renorm_Kc: array([ -7.29053161, -11.14483945, -13.18278453,         -inf,
        -9.08189459,  -0.89530036, -11.76364861, -24.80946089,
        -6.29644562,  -6.94185713, -14.31648999, -16.93059177,
       -12.79673005, -11.90009105, -10.24225107, -17.03498114,
        -9.61951674, -11.55173266, -19.6368879 , -10.39275072,
       -11.83168997,  -6.07660059,  -9.15783061, -14.93904874,
       -12.63540508,  -8.85194524,  -9.0188835 ,  -5.08600842,
       -15.96207441, -10.63513235, 177.97710786,  75.64978645,
       203.75325909, 196.428846  , 202.58880426, 195.61252692,
       150.00001301, 155.38143411, 181.03000184, 113.2981965 ,
       114.64736129, 144.53564145, 141.42754491, 136.16865531,
       143.90827561, 142.90738782, 125.56261788, 145.31476843,
        15.79299646, 134.10560074, 137.1597046 , 138.25879229,
       139.29021567, 140.25231516])
llh_GD_PWL_Renorm_Kp: array([-1.00640524e+00, -1.34341926e+00, -1.52293398e+01, -5.33583320e+01,
       -4.38147992e+00, -3.58331332e-01, -1.85580123e+00, -1.22726472e+01,
       -5.43721237e+00, -4.55056249e-01, -1.64176788e+00, -1.31601749e+01,
                  -inf,            -inf,            -inf,            -inf,
       -3.84305215e+00, -5.81436418e-01, -6.21157421e-01, -5.23171947e+00,
       -6.15074286e+00, -3.37164668e+01, -1.06116942e+02, -2.66496876e+02,
       -5.98824494e+00, -1.71292368e+00, -1.46132135e-01, -2.40559686e+00,
       -1.49577428e+01, -5.16155696e+00, -1.48194648e-01, -7.52396543e+00,
       -2.27538269e+01, -5.96731182e+01, -1.33618597e+02, -2.76363838e+02,
       -2.26835377e+01, -5.65319678e+01, -1.20746089e+02, -2.36938128e+02,
       -1.24269225e+01, -1.09354329e+01, -9.95566666e+00, -9.60188985e+00,
       -1.49455483e+01, -1.33073553e+01, -1.21192456e+01, -1.14754249e+01,
       -1.19871864e+01, -1.13787229e+01, -1.10035785e+01, -1.09028935e+01,
       -1.17629009e+01, -1.16903740e+01, -1.16908358e+01, -1.17756092e+01,
       -8.12372316e+00, -7.97539999e+00, -1.07329830e+01, -1.74299177e+01,
       -1.39644953e+01, -1.14310743e+01, -9.66081789e+00, -8.78893994e+00,
       -7.99000562e+00, -7.57712208e+00, -8.72268754e+00, -1.16861927e+01,
       -1.00569802e+01, -9.02666544e+00, -8.54428030e+00, -8.67278923e+00,
       -1.37574654e+01, -9.05830863e+00, -7.42181493e+00, -1.10826830e+01,
       -8.40256349e+00, -1.20951018e+01, -2.61959010e+01, -5.84139712e+01,
       -5.85492956e+00, -6.72490010e+00, -2.30447600e+01, -7.05236421e+01,
       -4.76280671e+00, -4.41648201e+00, -5.19960184e+00, -7.18960591e+00,
       -9.02786816e+00, -8.91976233e+00, -8.83335779e+00, -8.76846545e+00,
       -1.22170621e+01, -9.95080982e+00, -8.26046938e+00, -7.21231125e+00,
       -7.98500795e+00, -4.98068721e+00, -4.84857568e+00, -8.87526194e+00,
       -5.69523162e+00, -4.20858360e+00, -5.04098283e+00, -8.64417084e+00,
       -5.50363497e+00, -2.41083292e+01, -1.00114384e+02, -3.16813269e+02,
       -4.17814482e+00, -4.91581648e+00, -7.65067278e+00, -1.25913943e+01,
       -7.33274779e+00, -5.50887719e+00, -2.27970852e+01, -8.41788600e+01,
       -6.95567585e+00, -5.05725855e+00, -6.11571992e+00, -1.16579543e+01,
        1.81095103e+02,  1.83932224e+02,  1.86481900e+02,  1.88740222e+02,
        9.49459394e+01,  1.16585514e+02,  1.39775839e+02,  1.63359136e+02,
        1.77648800e+02,  1.12682207e+02, -1.64866097e+01, -2.54078114e+02,
        1.97663323e+02,  1.98793198e+02,  1.99821542e+02,  2.00751857e+02,
        2.05936306e+02,  2.07338496e+02,  2.06448213e+02,  2.02821488e+02,
        1.62292674e+02,  9.50531552e+01, -2.50915355e+01, -2.29270558e+02,
        2.00373753e+02,  1.85903205e+02, -2.77714345e+01, -7.94205191e+02,
        1.95258340e+02,  2.04193712e+02,  1.36750755e+02, -9.35792472e+01,
        1.92747848e+02,  2.01641947e+02,  2.06662763e+02,  2.06459189e+02,
        1.46529260e+02,  1.78046798e+02,  2.01117188e+02,  2.06404561e+02,
        1.41025189e+02,  1.36277847e+02,  5.79619758e+01, -1.83287441e+02,
        1.45918704e+02,  1.44564636e+02,  1.40201622e+02,  1.32693035e+02,
        1.44022015e+02,  1.45211928e+02,  1.44667500e+02,  1.41842389e+02,
        1.35985453e+02,  1.35794821e+02,  1.35596778e+02,  1.35391335e+02,
        1.45908378e+02,  1.44221787e+02,  1.38321312e+02,  1.27866128e+02,
        1.45761501e+02,  1.43782665e+02,  1.35724067e+02,  1.20273115e+02,
        7.33998949e+01, -3.25894919e+01, -2.23387094e+02, -5.48161483e+02,
        1.45928554e+02,  1.45608764e+02,  1.44359107e+02,  1.42213862e+02,
        5.00264496e+01,  9.66829722e+01,  1.38231757e+02,  1.34877743e+02,
        1.35939530e+02,  1.37559100e+02,  1.38964567e+02,  1.40158116e+02])
max_PWL_Renorm: 207.3384961955814
llh_GD_QEXP: array([-2.98251774e+01, -1.67164901e+01,  6.14666828e+01,  1.50681460e+00,
        7.29463681e+00, -4.46107917e+01, -5.85450031e-01, -2.73130318e+01,
        9.62184722e+00, -1.34545662e+00,  7.25391319e+00, -2.67326726e+00,
       -3.31802007e+01, -7.45087828e+00, -3.23498796e+00, -1.76368648e+01,
       -6.79516495e+00, -1.77906495e+01,  4.29788388e+00,  7.06915543e+00,
        2.94492766e+01, -5.86923145e+00, -1.03103198e+00, -8.30669437e+01,
        7.49606571e-02, -9.56869338e+00,  5.62800576e+00, -1.41983636e+01,
       -4.50390007e+00, -3.89117671e+01,  5.36772213e+01, -1.65737627e+02,
       -1.63761825e+02, -7.81847264e+01, -6.73964261e+01, -1.20494145e+02,
       -2.06800518e+01, -6.09252706e+00, -2.23858699e+02,  2.52776883e+01,
       -1.72010255e+02,  2.71239579e+02, -5.93210328e+01,  4.77166598e+01,
        3.00363721e+00, -1.31980797e+02, -9.73982209e+01,  3.26356231e+02,
       -5.14454160e+01, -1.48017068e+02])
llh_GD_QEXP_Renorm_a: array([ -39.95535961,  -39.95535961,    2.62570575,  -39.95535961,
        -39.95535961,  -39.95535961,  -39.95535961,  -39.95535961,
        -39.95535961,  -39.95535961,  -37.9826524 ,  -37.9826524 ,
        -37.9826524 ,  -61.09008091,  -37.9826524 ,  -37.9826524 ,
        -37.9826524 ,  -37.9826524 ,  -37.9826524 ,  -37.9826524 ,
         -4.15933861,  -38.44410784,  -38.44410784,  -38.44410784,
        -38.44410784,  -38.44410784,  -38.44410784,  -38.44410784,
        -38.44410784,  -38.44410784,   14.83414904,   14.83414904,
         14.83414904,   14.83414904,   14.83414904,   14.83414904,
         14.83414904,  -95.76509714,   14.83414904,  -93.73837488,
       -103.32713285,  138.36805381,   -8.69863754,   -8.69863754,
         -8.69863754,   -8.69863754,   -8.69863754,  137.52614159,
         -8.69863754,   -8.69863754])
lllh_GD_QEXP_Renorm_q: array([-39.95535961, -39.95535961,  75.90461393, -39.95535961,
       -39.95535961, -39.95535961, -39.95535961, -39.95535961,
       -39.95535961, -39.95535961, -37.9826524 , -37.9826524 ,
       -37.9826524 , -40.01254771, -37.9826524 , -37.9826524 ,
       -37.9826524 , -37.9826524 , -37.9826524 , -37.9826524 ,
        34.27685834, -38.44410784, -38.44410784, -38.44410784,
       -38.44410784, -38.44410784, -38.44410784, -38.44410784,
       -38.44410784, -38.44410784,  12.52534547,  14.83414904,
        14.83414904,   8.88923507,  14.83414904,  14.83414904,
        14.83414904,  14.83414904,  14.83414904,   6.52682039,
        -8.69863754, 299.84049328,  -8.69863754,  -8.69863754,
       -17.30930551,  -8.69863754,  -8.69863754, 364.7481082 ,
        -8.69863754,  -8.69863754])
llh_GD_QEXP_Renorm_aq: array([-39.95535961, -39.95535961, -39.95535961, -39.95535961,
       -39.95535961, -39.95535961, -39.95535961, -39.95535961,
        60.21886754,  44.62783618,  29.52102566,  15.36848166,
       -39.95535961, -39.95535961, -39.95535961, -39.95535961,
       -39.95535961, -39.95535961, -39.95535961, -39.95535961,
       -39.95535961, -39.95535961, -39.95535961, -39.95535961,
       -39.95535961, -39.95535961, -39.95535961, -39.95535961,
       -39.95535961, -39.95535961, -39.95535961, -39.95535961,
       -39.95535961, -39.95535961, -39.95535961, -39.95535961,
       -39.95535961, -39.95535961, -39.95535961, -39.95535961,
       -37.9826524 , -37.9826524 , -37.9826524 , -37.9826524 ,
       -37.9826524 , -37.9826524 , -37.9826524 , -37.9826524 ,
       -37.9826524 , -37.9826524 , -37.9826524 , -37.9826524 ,
       -39.56921824, -38.33473965, -37.9826524 , -37.9826524 ,
       -37.9826524 , -37.9826524 , -37.9826524 , -37.9826524 ,
       -37.9826524 , -37.9826524 , -37.9826524 , -37.9826524 ,
       -37.9826524 , -37.9826524 , -37.9826524 , -37.9826524 ,
       -37.9826524 , -37.9826524 , -37.9826524 , -37.9826524 ,
       -37.9826524 , -37.9826524 , -37.9826524 , -37.9826524 ,
       -37.9826524 , -37.9826524 , -37.9826524 , -37.9826524 ,
        25.59225921,  17.35441648,   9.6206996 ,   2.43702788,
       -38.44410784, -38.44410784, -38.44410784, -38.44410784,
       -38.44410784, -38.44410784, -38.44410784, -38.44410784,
       -38.44410784, -38.44410784, -38.44410784, -38.44410784,
       -38.44410784, -38.44410784, -38.44410784, -38.44410784,
       -38.44410784, -38.44410784, -38.44410784, -38.44410784,
       -38.44410784, -38.44410784, -38.44410784, -38.44410784,
       -38.44410784, -38.44410784, -38.44410784, -38.44410784,
       -38.44410784, -38.44410784, -38.44410784, -38.44410784,
       -38.44410784, -38.44410784, -38.44410784, -38.44410784,
        14.83414904,  14.83414904,  14.83414904,  14.83414904,
        14.83414904,  14.83414904,  14.83414904,  14.83414904,
        14.83414904,  14.83414904,  14.83414904,  14.83414904,
        13.53639909,  14.83414904,  14.83414904,  14.83414904,
        14.83414904,  14.83414904,  14.83414904,  14.83414904,
        14.83414904,  14.83414904,  14.83414904,  14.83414904,
        14.83414904,  14.83414904,  14.83414904,  14.83414904,
        14.83414904,  14.83414904,  14.83414904,  14.83414904,
        14.83414904,  14.83414904,  14.83414904,  14.83414904,
        10.21317323,  14.83414904,  14.83414904,  14.83414904,
        -8.69863754,  -8.69863754,  -8.69863754,  -8.69863754,
       264.77033985, 230.60604915, 197.83930669, 166.95308825,
        -8.69863754,  -8.69863754,  -8.69863754,  -8.69863754,
        -8.69863754,  -8.69863754,  -8.69863754,  -8.69863754,
       -16.09370103, -12.67633665,  -8.69863754,  -8.69863754,
        -8.69863754,  -8.69863754,  -8.69863754,  -8.69863754,
        -8.69863754,  -8.69863754,  -8.69863754,  -8.69863754,
       315.76828866, 267.40390699, 220.76511242, 177.09553238,
        -8.69863754,  -8.69863754,  -8.69863754,  -8.69863754,
        -8.69863754,  -8.69863754,  -8.69863754,  -8.69863754])
max_QEXP_Renorm: 364.7481081971154
llh_GD_RAY: array([ 1.20883586e+00, -4.90922370e-01,  4.00917089e+00,  1.92177368e+00,
        1.66345550e+00, -2.69824047e+00, -1.92343291e+00,  3.91538096e+00,
        3.53338171e+00,  1.64670632e+00, -3.73300101e+00, -5.14658606e+00,
       -2.96761692e+00, -3.19266962e+00, -8.79206921e+00, -8.46404097e+00,
       -3.33002077e+00, -8.07907993e+00, -3.63662264e+00, -4.64809426e+00,
       -1.78682749e+01,  1.59958447e-01, -1.48743869e+00, -9.59361922e-01,
       -7.78065036e-01, -4.76091774e+00, -2.28492475e+00, -4.95940851e+00,
       -3.57412582e-01, -1.78298144e+00,  1.99193244e+02,  2.03213894e+02,
        1.84912735e+02,  2.01008633e+02,  2.04902126e+02,  2.01579774e+02,
        2.04800255e+02,  2.01871229e+02,  1.99939078e+02,  1.97646943e+02,
        1.45876871e+02,  1.38587093e+02,  1.45363627e+02,  1.39370357e+02,
        1.39387188e+02,  1.40612962e+02,  1.44581287e+02,  1.45617093e+02,
        1.43027935e+02,  1.43418244e+02])
llh_GD_RAY_Renorm_gamma: array([-4.28644505e+01, -4.28644505e+01, -4.28644505e+01, -3.12930636e+00,
       -2.47465002e+00, -3.32321848e+00,  6.39186858e-01, -1.65845689e+00,
        1.92778455e-01,  6.22428625e-01, -6.48521072e+00, -6.07486495e+00,
       -6.43228518e+00, -6.29330724e+00, -7.55884166e+00, -6.31014783e+00,
       -6.53086842e+00, -6.06713165e+00, -6.13008832e+00, -6.04983152e+00,
       -3.03215403e+01, -3.40155596e+00, -3.42404730e+00, -3.16353562e+00,
       -3.19049808e+00, -3.35115398e+00, -3.42359868e+00, -3.62072119e+00,
       -3.02035334e+00, -2.79704271e+00,  1.99988820e+02,  1.99959683e+02,
        1.60113393e+02,  1.98313451e+02,  2.01283349e+02,  1.99680641e+02,
        2.02587352e+02,  1.87444604e+02,  1.97071745e+02,  1.94457770e+02,
        1.44080067e+02,  1.35262771e+02,  1.44334049e+02,  1.31546050e+02,
        1.29129265e+02,  1.38172286e+02,  1.43840662e+02,  1.41378354e+02,
        1.39985267e+02,  1.44087782e+02])
llh_GD_RAY_Renorm_eta: array([-14.90788407, -11.58796349,  -9.49711242,  -3.2835159 ,
        -2.04695439,  -2.46433155,   0.76348434,  -5.27827934,
        -1.32731546,   0.59395155,  -6.49989803,  -6.05163852,
       -10.45581521, -32.03554748,  -6.89117196,  -6.11745596,
        -6.73328159,  -6.03100124,  -6.22092976,  -6.07123231,
        -8.79505936,  -9.56342061,  -6.62539875,  -3.36488117,
        -3.66803772,  -3.12719946,  -3.42072201,  -3.282367  ,
        -3.27653928,  -2.78694964, 202.40077948, 202.24816553,
       184.7842168 , 200.29392271, 203.14277569, 202.27686517,
       203.58448263, 194.64787864, 200.6434746 , 199.27481416,
       144.50774254, 139.87073352, 144.71308033, 139.21276784,
       137.84313553, 141.64933407, 144.52870027, 142.71211358,
       142.59426015, 144.62350982])
llh_GD_RAY_Renorm_gammaeta: array([-4.28644505e+01, -4.28644505e+01, -4.28644505e+01, -4.28644505e+01,
       -4.28644505e+01, -4.28644505e+01, -3.16010778e+00, -3.16010778e+00,
       -2.38811272e+00, -2.38811272e+00, -3.14969869e+00, -3.14969869e+00,
        6.65391045e-01,  6.65391045e-01, -2.33325986e+00, -2.33325986e+00,
       -6.37436265e-02, -6.37436265e-02,  6.16790810e-01,  6.16790810e-01,
       -6.48811984e+00, -6.48811984e+00, -6.06975229e+00, -6.06975229e+00,
       -6.81326098e+00, -6.81326098e+00, -7.54910632e+00, -7.54910632e+00,
       -7.40694037e+00, -7.40694037e+00, -6.25775103e+00, -6.25775103e+00,
       -6.56744585e+00, -6.56744585e+00, -6.05733725e+00, -6.05733725e+00,
       -6.14523061e+00, -6.14523061e+00, -6.05366567e+00, -6.05366567e+00,
       -2.59440013e+01, -2.59440013e+01, -3.97909607e+00, -3.97909607e+00,
       -3.80599942e+00, -3.80599942e+00, -3.20248177e+00, -3.20248177e+00,
       -3.27881839e+00, -3.27881839e+00, -3.30468169e+00, -3.30468169e+00,
       -3.42302307e+00, -3.42302307e+00, -3.54910031e+00, -3.54910031e+00,
       -3.06913603e+00, -3.06913603e+00, -2.79501382e+00, -2.79501382e+00,
        2.00543553e+02,  2.00543553e+02,  2.00482031e+02,  2.00482031e+02,
        1.66185511e+02,  1.66185511e+02,  1.98751481e+02,  1.98751481e+02,
        2.01699490e+02,  2.01699490e+02,  2.00283042e+02,  2.00283042e+02,
        2.02799950e+02,  2.02799950e+02,  1.89149716e+02,  1.89149716e+02,
        1.97919870e+02,  1.97919870e+02,  1.95620918e+02,  1.95620918e+02,
        1.44173646e+02,  1.44173646e+02,  1.36370775e+02,  1.36370775e+02,
        1.44416371e+02,  1.44416371e+02,  1.33495080e+02,  1.33495080e+02,
        1.31318369e+02,  1.31318369e+02,  1.39018541e+02,  1.39018541e+02,
        1.43998875e+02,  1.43998875e+02,  1.41680305e+02,  1.41680305e+02,
        1.40620228e+02,  1.40620228e+02,  1.44207812e+02,  1.44207812e+02])
max_RAY_Renorm: 203.58448263479545
llh_GD_GSS: array([ 1.06068510e+01,  4.26736415e+01, -1.85492518e+01,  5.84026794e+01,
       -1.90653981e+01,  4.75996831e+00,  3.33033524e+01,  6.82012867e+01,
       -1.09694005e+00,  1.19670971e+01, -1.21292497e+01, -1.76681450e+00,
        5.38272514e+00,  4.90333396e+00,  1.35836128e+02, -1.89270932e+01,
        1.19545257e+00, -8.74113976e+00,  1.63212848e-01,  9.49528428e+00,
       -2.11012565e+00,  1.64807489e+01,  4.49924205e+01,  6.97935750e+01,
        2.15957839e+01,  1.99075639e+01,  2.43567996e+01,  8.71284301e+00,
       -5.64107066e+00,  4.76858590e+01,  3.01557872e+02,  2.31532313e+02,
        2.93230512e+02,  2.87067329e+02,  2.21656978e+02,  1.10751765e+02,
        3.07425043e+02,  3.04465070e+02,  2.25007179e+02,  2.77397597e+02,
        1.99605535e+02,  6.44949305e+02,  8.39726745e+01,  1.81998505e+02,
       -6.02465987e+01,  1.76548501e+02,  1.58153079e+02,  1.08883826e+02,
        1.45757869e+02,  1.98930793e+02])
llh_GD_GSS_Renorm_kappa: array([  3.90808291,  37.85596513,  -5.00216216,  54.6905737 ,
       -29.73173772,  13.64219132,  28.63894127,  67.45008856,
        -5.19313178,   8.41775701, -16.15496531,  -1.72983399,
         3.1596216 ,   3.49523266, 151.11731271, -44.91827494,
         1.30547892, -37.01722401,   0.76310965,  18.86043419,
        -4.38373332,  14.1557818 ,  70.46836403,  71.49054259,
        18.32830905,  17.05686035,  20.7687822 ,   7.9966224 ,
         6.7163787 ,  43.10718409, 291.46151321, 215.43601321,
       287.79179148, 266.89683035, 277.82701532, 141.10612174,
       290.92249452, 289.76144909, 257.41270778, 266.42860824,
       181.16270086, 728.77840925,  80.87883993, 165.26772362,
       -46.96172084, 167.04601917, 149.44448133, 156.7686117 ,
       141.94255737, 180.80633666])
llh_GD_GSS_Renorm_tau: array([-4.15769590e+00,  5.15552904e+01, -1.76423559e+01,  3.16634941e+01,
       -4.15769590e+00,  5.35363858e+02,  1.05060492e+02,  2.20176380e+01,
                   inf,  2.38890214e+03, -2.87199585e+01,  1.68666826e+03,
        4.95658611e+02,  4.06074401e+02, -1.43570239e+01, -3.79203337e+00,
       -3.79203337e+00, -3.79203337e+00,  1.12315956e+03,  3.58194590e+01,
       -1.21948997e+01,  2.27482969e+02, -1.27682013e+01,  1.10187821e+01,
        1.24134691e+02,  3.80592059e+02,  9.62924065e+01,  7.04546401e+02,
        5.43125423e+02,  1.93300431e+01,  9.15886919e+02,  1.91061112e+02,
        9.98800985e+02,             inf,  5.44645109e+03, -1.11530970e+01,
        9.81648946e+02,  9.99084472e+02,  2.65806436e+03,  2.43096836e+03,
        1.12255049e+02,  9.39203171e+01,  8.36676859e+01,  1.23855819e+02,
       -9.35800803e+00,             inf,  5.41736994e+01,  7.05301412e+01,
        1.06267908e+02,  1.59130901e+02])
llh_GD_GSS_Renorm_kappatau: array([ 1.51959497e+01, -4.15769590e+00, -4.15769590e+00, -4.15769590e+00,
        4.37993866e+01,  5.19652192e+01,  5.19026919e+01,  5.19825802e+01,
        9.36176894e-01, -1.03061992e+01, -9.60167049e+00, -1.36883795e+01,
        5.46887787e+01,  3.02661173e+01,  2.75631705e+01,  2.27632283e+01,
       -2.77360056e+01, -4.15769590e+00, -4.15769590e+00, -4.15769590e+00,
        2.05118364e+01,  6.55789832e+02,  7.40877522e+02,  8.71109859e+02,
        3.61287260e+01,  1.20709511e+02,  1.31776466e+02,  1.49317862e+02,
        5.63538752e+01,  2.35228719e+01,  2.09627432e+01,  1.46979093e+01,
        3.21524784e-01,             inf,             inf,             inf,
        1.63091097e+01,  2.85759911e+03,  3.19899813e+03,  3.73255791e+03,
       -1.31405357e+01, -2.27305835e+01, -2.16360219e+01, -2.46201409e+01,
        3.29041398e+00,  2.03606523e+03,  2.28802050e+03,  2.67849981e+03,
        1.03649939e+01,  6.01492049e+02,  6.77806727e+02,  7.96225402e+02,
        1.02655427e+01,  4.93759461e+02,  5.56920605e+02,  6.54884210e+02,
        4.02080878e+01, -6.30102210e+00, -8.06552853e+00, -1.93877196e+01,
       -3.08213141e+01, -3.79203337e+00, -3.79203337e+00, -3.79203337e+00,
        7.88953334e+00, -3.79203337e+00, -3.79203337e+00, -3.79203337e+00,
       -2.84562054e+01, -3.79203337e+00, -3.79203337e+00, -3.79203337e+00,
        6.03093827e+00,  1.34631268e+03,  1.50875448e+03,  1.76225532e+03,
        1.63911324e+01,  5.60037025e+01,  6.55851958e+01,  7.56259904e+01,
        4.09662392e+00, -1.68160681e+01, -2.08634891e+01, -2.70836996e+01,
        2.06606329e+01,  2.75013511e+02,  3.09650822e+02,  3.63963682e+02,
        2.30500978e+01,  2.31328112e+00,  5.77759332e+00,  1.23561527e+00,
        5.06845820e+01,  1.12308935e+01,  7.35827240e+00, -1.20125701e+00,
        2.44981989e+01,  1.47618338e+02,  1.64758925e+02,  1.91946778e+02,
        2.50375972e+01,  4.62485843e+02,  5.21425481e+02,  6.13099706e+02,
        2.63138257e+01,  1.12045951e+02,  1.23688003e+02,  1.42425636e+02,
        1.58887439e+01,  8.55960580e+02,  9.64703365e+02,  1.13260509e+03,
        1.65760761e+00,  6.86541594e+02,  7.85723173e+02,  9.34094425e+02,
        4.35680114e+01,  1.70602247e+01,  1.40568174e+01,  9.01861043e+00,
        3.15982833e+02,  1.09694305e+03,  1.22762757e+03,  1.43210667e+03,
        2.43814854e+02,  1.70652282e+02,  1.55344246e+02,  1.33193183e+02,
        3.11339119e+02,  1.20065321e+03,  1.34611628e+03,  1.57300175e+03,
        2.93727798e+02,             inf,             inf,             inf,
        2.79847931e+02,  6.61048452e+03,  7.44148165e+03,  8.72172529e+03,
        1.63582928e+02, -1.11530970e+01, -1.11530970e+01, -1.11530970e+01,
        3.11879792e+02,  1.16681794e+03,  1.30352499e+03,  1.51977095e+03,
        3.12802775e+02,  1.19137566e+03,  1.33228823e+03,  1.55429333e+03,
        2.75680636e+02,  3.23686381e+03,  3.64892395e+03,  4.28243144e+03,
        2.93261486e+02,  2.92494742e+03,  3.28289562e+03,  3.84038554e+03,
        2.07388808e+02,  8.74868912e+01,  6.90325279e+01,  4.29041131e+01,
        2.58038800e+02,  1.42991375e+02,  1.43826155e+02,  1.01217033e+02,
        1.03903771e+02,  8.17728971e+01,  7.66464641e+01,  6.72194687e+01,
        1.92667481e+02,  1.03324270e+02,  8.73033694e+01,  6.39455993e+01,
       -7.37652864e+00, -9.35800803e+00, -9.35800803e+00, -9.35800803e+00,
        1.94562481e+02,             inf,             inf,             inf,
        1.74249015e+02,  5.27861669e+01,  5.36289511e+01,  5.75265506e+01,
        1.66953209e+02,  8.90694630e+01,  8.44113029e+01,  5.91554464e+01,
        1.73459094e+02,  9.62703244e+01,  8.24132304e+01,  5.81414457e+01,
        2.04979918e+02,  1.42544822e+02,  1.30371225e+02,  1.13059667e+02])
max_GSS_Renorm: inf
