llh_GD_EXP: array([-177.33966753,   96.81990687, -177.33201837, 3253.07248748,
       -177.5238175 , -175.61223534, -177.33129333, -175.53684043,
       1600.34780637, -176.93804399, -163.91526603, -164.44727086,
       -157.16401529, -159.94366353, -164.20721492, -157.16332062,
       -164.86540487, -159.54832866, -157.1732418 , -163.86743227,
       -190.23616149, -192.39890994, 1480.53254984, -192.4032189 ,
        823.89881932, -192.39890446, -192.39890937, -190.39765042,
       -192.40166014, 1346.62805304, 6595.05999331, 6596.84028067,
       6596.8356392 , 6596.83208572, 6596.83197011, 6596.83925794,
       6596.84013445, 6596.28622364, 6596.81064965, 6596.83912327,
       -165.19321513, -165.19321447, -165.19486798, -165.19332095,
                -inf, -165.76876529, -165.19372647, -165.71895483,
       -165.19321211, -165.19329672])
llh_GD_EXP_Renorm_alpha: array([-10363.56636286,   -133.19001028, -10257.71187942,   -599.70725784,
         -215.40808587,   -180.90820143, -10258.46014326,   -180.9440059 ,
         -483.41527307,   -193.42408836,   -171.31695073,   -173.33233139,
       -10044.91948314, -10849.21934215,   -172.18800024, -10044.64415503,
         -170.565584  , -10745.76006771, -10009.26699443,   -171.27827035,
         -198.95483291,  -9093.76538358,   -418.22807258,  -9093.5272352 ,
         -152.62243626,  -9093.76819796,  -9093.76616941,   -195.25754876,
        -9093.60970672,   -366.08865301,   6568.94641138,   6568.66328925,
         6568.59611665,   6568.69461112,   6568.56080814,   6568.65829822,
         6568.64799277,   6569.06839448,   6568.89342205,   6568.62394458,
         -172.30922086,   -172.31462491,   -172.39587436,   -172.27546352,
                   nan,   -173.69194684,   -172.32510126,   -170.51566271,
         -172.31617749,   -172.28669369])
llh_GD_EXP_Renorm_beta: array([-10818.11730422,   -249.09808429, -10818.08909746,   -596.93453702,
         -184.34864412,   -182.93629381, -10818.21269546,   -182.61269091,
         -582.61732545,   -181.7261973 ,   -176.4457692 ,   -199.58610613,
       -11619.23747112, -11655.24997774,   -189.55084432, -11619.28773493,
         -182.23856953, -11716.09666672, -11618.95238139,   -178.07391576,
         -213.22807203,  -9161.45560486,   -410.89460826,  -9161.49588243,
         -180.76442504,  -9161.42830325,  -9161.45839826,   -197.63311994,
        -9161.91905148,   -342.99282049,   6569.27902574,   6569.24876099,
         6569.22155548,   6569.26219949,   6569.21468484,   6569.24730047,
         6569.24379373,   6569.31789649,   6569.30859318,   6569.23500648,
         -170.37653602,   -170.37699338,   -170.39115014,   -170.37214298,
                   nan,   -170.3445699 ,   -170.37213676,   -170.7339123 ,
         -170.37688348,   -170.37476294])
llh_GD_EXP_Renorm_alphabeta: array([-10820.34463644, -10851.12545575, -10851.12545575, -10851.12545575,
       -10818.27462038, -10722.78081803,   -261.90047755,   -274.0096769 ,
         -281.70202797,   -275.47682546,   -229.27322343,   -100.76103712,
       -10820.24592734, -10851.12545575, -10851.12545575, -10851.12545575,
       -10818.07241118, -10659.14939985,   -598.49241338,   -599.56673211,
         -599.70472728,   -599.7072515 ,   -599.70725783,   -599.70725784,
         -181.95948635,   -180.93914121,   -181.37645459,   -183.83369529,
         -189.31241304,   -199.21092483,   -182.4346176 ,   -182.00570885,
         -181.64703276,   -181.35730141,   -181.13650565,   -180.98593696,
       -10851.12545575, -10851.12545575, -10851.12545575, -10851.12545575,
       -10818.01407556, -10657.91826267,   -182.10051361,   -181.67968384,
         -181.34800323,   -181.10539977,   -180.95397006,   -180.89800498,
         -576.00563317,   -566.76005621,   -554.67385479,   -540.07300063,
         -523.35502483,   -504.56449929,   -181.05784637,   -180.91481237,
         -181.38290248,   -182.61805597,   -184.84173277,   -188.33231062,
         -175.36786396,   -174.41788884,   -173.58704448,   -172.8675877 ,
         -172.25288094,   -171.73743592,   -193.23445602,   -187.96890787,
         -183.64054435,   -180.11860303,   -177.2893846 ,   -175.05477206,
       -11522.98909098, -11387.67354183, -11253.03416609, -10993.73830963,
       -10846.38794182, -10487.43433727, -11587.51678699, -11522.24965835,
       -11420.36924619, -11351.50767185, -11218.44639572, -10958.08783937,
         -185.41811667,   -181.96090692,   -179.09453865,   -176.74432457,
         -174.84503113,   -173.34120282, -11523.40847068, -11387.78065953,
       -11253.08636758, -10993.84283388, -10846.36693847, -10487.05877198,
         -178.63942732,   -175.84838305,   -173.7392351 ,   -172.21183544,
         -171.19491285,   -170.64850042, -11716.09666672, -11618.78905487,
       -11488.91447602, -11384.73007069, -11219.71017838, -10918.64263274,
       -11521.11532677, -11386.43839245, -11251.76613029, -10988.8189638 ,
       -10786.7955965 , -10451.14195614,   -176.57461631,   -175.27628621,
         -174.16185588,   -173.21636679,   -172.4271014 ,   -171.78370193,
         -210.302426  ,   -207.71624348,   -205.44026134,   -203.44804141,
         -201.71619547,   -200.22433766,  -9193.28264942,  -9193.28264942,
        -9193.28264942,  -9193.28264942,  -9193.28264942,  -9161.24212095,
         -411.95695046,   -413.01442502,   -414.06701133,   -415.11468906,
         -416.15743824,   -417.19523918,  -9193.28264942,  -9193.28264942,
        -9193.28264942,  -9193.28264942,  -9193.28264942,  -9160.94515772,
         -176.66917159,   -172.59634555,   -168.54751266,   -164.52421309,
         -160.5279568 ,   -156.56021908,  -9193.28264942,  -9193.28264942,
        -9193.28264942,  -9193.28264942,  -9193.28264942,  -9161.25421075,
        -9193.28264942,  -9193.28264942,  -9193.28264942,  -9193.28264942,
        -9193.28264942,  -9161.24233648,   -197.05291699,   -196.55843726,
         -196.14618544,   -195.81289904,   -195.55553559,   -195.37127697,
        -9193.28264942,  -9193.28264942,  -9193.28264942,  -9193.28264942,
        -9193.28264942,  -9160.96515666,   -346.36416337,   -349.71244091,
         -353.03709257,   -356.33757003,   -359.61333703,   -362.86386908,
         6569.25206007,   6569.21824802,   6569.17758765,   6569.13007665,
         6569.07571234,   6569.01449171,   6569.20139321,   6569.14194678,
         6569.07041578,   6568.98679319,   6568.8910709 ,   6568.78323969,
         6569.16761739,   6569.10188816,   6569.02436145,   6568.93502988,
         6568.83388505,   6568.72091747,   6569.21832548,   6569.16205967,
         6569.09339631,   6569.01232845,   6568.91884799,   6568.81294568,
         6569.15797813,   6569.08904997,   6569.00789352,   6568.91450078,
         6568.80886264,   6568.69096888,   6569.19947449,   6569.13955455,
         6569.0675347 ,   6568.98340787,   6568.88716588,   6568.77879945,
         6569.19497928,   6569.13407676,   6569.06108012,   6568.97598221,
         6568.87877477,   6568.76944844,   6569.30825709,   6569.28995317,
         6569.26298328,   6569.22734537,   6569.18303683,   6569.13005445,
         6569.28609369,   6569.25133205,   6569.20430456,   6569.14500638,
         6569.07343152,   6568.98957283,   6569.18388265,   6569.12071413,
         6569.04549468,   6568.95821697,   6568.85887257,   6568.74745198,
         -170.46615384,   -170.61514899,   -170.82518685,   -171.09793556,
         -171.43506901,   -171.83826815,   -170.46710612,   -170.61666296,
         -170.82733154,   -171.1007823 ,   -171.43869142,   -171.84274221,
         -170.49268613,   -170.6531143 ,   -170.87406532,   -171.15717332,
         -171.50407837,   -171.91642752,   -170.45748976,   -170.60222983,
         -170.80803442,   -171.07657723,   -171.40953759,   -171.80860189,
                   nan,             nan,             nan,             nan,
                   nan,             nan,   -170.40404397,   -170.59379632,
         -170.9193859 ,   -171.3863812 ,   -172.00038113,   -172.76701819,
         -170.45909697,   -170.6071569 ,   -170.8180593 ,   -171.09354967,
         -171.43537955,   -171.84530795,   -170.57481672,   -170.45631124,
         -170.37964522,   -170.34604458,   -170.35671767,   -170.41286073,
         -170.46697356,   -170.61658864,   -170.82739984,   -171.10108108,
         -171.43931205,   -171.8437796 ,   -170.46238988,   -170.60908752,
         -170.81651056,   -171.08631629,   -171.42016764,   -171.8197345 ])
max_EXP_Renorm: nan
llh_GD_PWL: array([          nan,           nan,           nan,           nan,
                 nan,           nan,           nan,           nan,
                 nan,           nan,           nan,          -inf,
                 nan,           nan,           nan,           nan,
                 nan,           nan,           nan,           nan,
                 nan,           nan,           nan,           nan,
                 nan,           nan,           nan,           nan,
                 nan,           nan,          -inf,          -inf,
       5427.11128473, 5552.03389422, 6148.38343061, 6269.44629577,
       5456.32524023,          -inf, 6264.1164373 , 6283.65753423,
       -168.24899659, -168.48662865, -169.41919864, -168.78771273,
       -169.16996905, -168.8060734 , -168.26164536, -168.25681004,
       -168.15323988,           nan])
llh_GD_PWL_Renorm_K: array([          nan,           nan,           nan,           nan,
                 nan,           nan,           nan,           nan,
                 nan,           nan,           nan,           nan,
                 nan,           nan,           nan,           nan,
                 nan,           nan,           nan,           nan,
                 nan,           nan,           nan,           nan,
                 nan,           nan,           nan,           nan,
                 nan,           nan,           nan,           nan,
       6396.25364801, 3861.85983999, 2360.57176903,  865.87779768,
       6138.86540144,           nan,  805.31067461,  877.43292503,
       -205.70269826, -205.44018963, -575.32572701, -222.0071413 ,
       -461.09929636, -331.73603088, -197.00037291, -201.8774986 ,
       -182.58300762,           nan])
llh_GD_PWL_Renorm_c: array([          nan,           nan,           nan,           nan,
                 nan,           nan,           nan,           nan,
                 nan,           nan,           nan,           nan,
                 nan,           nan,           nan,           nan,
                 nan,           nan,           nan,           nan,
                 nan,           nan,           nan,           nan,
                 nan,           nan,           nan,           nan,
                 nan,           nan,           nan,           nan,
       6290.4482588 , 4532.29216272, 3081.34682703, 1044.97918678,
       6197.04090209,           nan,  952.90529503, 1057.99785688,
       -178.35630558, -179.01484346, -205.7352405 , -206.51555946,
       -196.39321246, -190.62017963, -177.89903706, -178.38510882,
       -176.78224265,           nan])
lllh_GD_PWL_Renorm_p: array([             nan,              nan,              nan,
                    nan,              nan,              nan,
                    nan,              nan,              nan,
                    nan,              nan,              nan,
                    nan,              nan,              nan,
                    nan,              nan,              nan,
                    nan,              nan,              nan,
                    nan,              nan,              nan,
                    nan,              nan,              nan,
                    nan,              nan,              nan,
                    nan,              nan,  5.41160685e+003,
        4.19300803e+003,  5.82286460e+003, -3.81979010e+191,
        5.99061718e+003,              nan, -9.61682006e+279,
        8.14138240e+002, -1.83871023e+002, -1.81346013e+002,
       -1.89875822e+002, -2.25754398e+002, -1.96462905e+002,
       -1.96159543e+002, -1.80359025e+002, -1.83156974e+002,
       -1.75050286e+002,              nan])
llh_GD_PWL_Renorm_Kc: array([          nan,           nan,           nan,           nan,
                 nan,           nan,           nan,           nan,
                 nan,           nan,           nan,           nan,
                 nan,           nan,           nan,           nan,
                 nan,           nan,           nan,           nan,
                 nan,           nan,           nan,           nan,
                 nan,           nan,           nan,           nan,
                 nan,           nan,           nan,           nan,
                 nan,           nan,           nan,           nan,
                 nan,           nan,           nan,           nan,
                 nan,           nan,           nan,           nan,
                 nan,           nan,           nan,           nan,
                 nan,           nan,           nan,           nan,
                 nan,           nan,           nan,           nan,
                 nan,           nan,           nan,           nan,
                 nan,           nan,           nan,           nan,
                 nan,           nan,           nan,           nan,
                 nan,           nan,           nan,           nan,
                 nan,           nan,           nan,           nan,
                 nan,           nan,           nan,           nan,
                 nan,           nan,           nan,           nan,
                 nan,           nan,           nan,           nan,
                 nan,           nan,           nan,           nan,
                 nan,           nan,           nan,           nan,
                 nan,           nan,           nan,           nan,
                 nan,           nan,           nan,           nan,
                 nan,           nan,           nan,           nan,
                 nan,           nan,           nan,           nan,
                 nan,           nan,           nan,           nan,
                 nan,           nan,           nan,           nan,
                 nan,           nan,           nan,           nan,
                 nan,           nan,           nan,           nan,
                 nan,           nan,           nan,           nan,
                 nan,           nan,           nan,           nan,
                 nan,           nan,           nan,           nan,
                 nan,           nan,           nan,           nan,
                 nan,           nan,           nan,           nan,
                 nan,           nan,           nan,           nan,
                 nan,           nan,           nan,           nan,
                 nan,           nan,           nan,           nan,
                 nan,           nan,           nan,           nan,
                 nan,           nan,           nan,           nan,
                 nan,           nan,           nan,           nan,
                 nan,           nan,           nan,           nan,
                 nan,           nan,           nan,           nan,
                 nan,           nan,           nan,           nan,
                 nan,           nan,           nan,           nan,
                 nan,           nan,           nan,           nan,
       6304.14293191, 6321.49603793, 6338.07444025, 6353.85902424,
       6368.83034022, 6382.96859579, 4912.45468909, 4738.53135202,
       4563.07794788, 4386.9341898 , 4210.87846045, 4035.631576  ,
       4212.6036066 , 3873.42150678, 3541.77522612, 3221.66699329,
       2916.42231323, 2628.71307834, 2682.12697073, 2224.79577965,
       1830.82924637, 1502.12752947, 1236.07234245, 1026.66072602,
       6196.41182595, 6187.05683219, 6177.60601332, 6168.06042048,
       6158.42109758, 6148.68908135,           nan,           nan,
                 nan,           nan,           nan,           nan,
       2521.07211163, 2076.28915752, 1698.69971908, 1388.50344362,
       1141.40464447,  949.99900919, 2651.0445388 , 2207.79075606,
       1825.11775485, 1504.63513564, 1243.86961714, 1037.27187183,
       -182.6032168 , -184.30354037, -186.80938599, -190.16106675,
       -194.39945827, -199.56600118, -182.53815759, -183.81317279,
       -186.03243205, -189.24968855, -193.51957211, -198.89760153,
                 nan, -330.57958142, -363.62223572, -403.80228747,
       -452.22598707, -509.33469482, -205.94370868, -208.48781035,
       -211.08906775, -213.74450521, -216.45121425, -219.20635226,
       -264.72010932, -283.28543767, -307.07646636, -336.48624301,
       -371.81904323, -413.30627086, -223.60453631, -233.48007648,
       -246.36310537, -262.44852812, -281.92293364, -304.96350088,
       -180.36550998, -181.309289  , -182.93832531, -185.28685599,
       -188.38968601, -192.28220019, -182.06073088, -183.53315735,
       -185.69385293, -188.57536845, -192.21072958, -196.63344281,
       -177.03009048, -176.99125643, -177.31755584, -178.02423558,
       -179.12680517, -180.64104385,           nan,           nan,
                 nan,           nan,           nan,           nan])
llh_GD_PWL_Renorm_Kp: array([             nan,              nan,              nan,
                    nan,              nan,              nan,
                    nan,              nan,              nan,
                    nan,              nan,              nan,
                    nan,              nan,              nan,
                    nan,              nan,              nan,
                    nan,              nan,              nan,
                    nan,              nan,              nan,
                    nan,              nan,              nan,
                    nan,              nan,              nan,
                    nan,              nan,              nan,
                    nan,              nan,              nan,
                    nan,              nan,              nan,
                    nan,              nan,              nan,
                    nan,              nan,              nan,
                    nan,              nan,              nan,
                    nan,              nan,              nan,
                    nan,              nan,              nan,
                    nan,              nan,              nan,
                    nan,              nan,              nan,
                    nan,              nan,              nan,
                    nan,              nan,              nan,
                    nan,              nan,              nan,
                    nan,              nan,              nan,
                    nan,              nan,              nan,
                    nan,              nan,              nan,
                    nan,              nan,              nan,
                    nan,              nan,              nan,
                    nan,              nan,              nan,
                    nan,              nan,              nan,
                    nan,              nan,              nan,
                    nan,              nan,              nan,
                    nan,              nan,              nan,
                    nan,              nan,              nan,
                    nan,              nan,              nan,
                    nan,              nan,              nan,
                    nan,              nan,              nan,
                    nan,              nan,              nan,
                    nan,              nan,              nan,
                    nan,              nan,              nan,
                    nan,              nan,              nan,
                    nan,              nan,              nan,
                    nan,              nan,              nan,
                    nan,              nan,              nan,
                    nan,              nan,              nan,
                    nan,              nan,              nan,
                    nan,              nan,              nan,
                    nan,              nan,              nan,
                    nan,              nan,              nan,
                    nan,              nan,              nan,
                    nan,              nan,              nan,
                    nan,              nan,              nan,
                    nan,              nan,              nan,
                    nan,              nan,              nan,
                    nan,              nan,              nan,
                    nan,              nan,              nan,
                    nan,              nan,              nan,
                    nan,              nan,              nan,
                    nan,              nan,              nan,
                    nan,              nan,              nan,
                    nan,              nan,              nan,
                    nan,              nan,              nan,
                    nan,              nan,              nan,
                    nan,              nan,              nan,
        5.47307699e+003,  5.53362001e+003,  5.59319227e+003,
        5.65175344e+003,  5.70926746e+003,  5.76570378e+003,
        3.86743857e+003,  3.53470751e+003,  3.26543390e+003,
        2.99876025e+003,  2.73644594e+003,  2.48240856e+003,
        4.90483879e+003,  3.82439282e+003,  3.00395485e+003,
        2.40553602e+003,  2.11715350e+003,  1.81911244e+003,
       -4.71601017e+145, -1.21253162e+101, -1.21549538e+058,
       -1.01291230e+017,  1.88777419e+003,  9.92618821e+002,
        5.96933405e+003,  5.94848788e+003,  5.92790142e+003,
        5.90746366e+003,  5.88710029e+003,  5.86675908e+003,
                    nan,              nan,              nan,
                    nan,              nan,              nan,
       -3.23159047e+208, -9.79737695e+138, -9.93295144e+071,
       -4.25249783e+008,  1.32120241e+003,  8.14153746e+002,
        8.22816882e+002,  8.33911954e+002,  8.45142109e+002,
        8.55431697e+002,  8.64348931e+002,  8.71686301e+002,
       -1.86907629e+002, -1.90082056e+002, -1.93304434e+002,
       -1.96506956e+002, -1.99647250e+002, -2.02709429e+002,
       -1.84506673e+002, -1.87930588e+002, -1.91483050e+002,
       -1.95058588e+002, -1.98588644e+002, -2.02045272e+002,
       -2.13751727e+002, -2.50632164e+002, -3.00615459e+002,
       -3.62336941e+002, -4.32502048e+002, -5.05755997e+002,
       -2.25125383e+002, -2.24524938e+002, -2.23954596e+002,
       -2.23415956e+002, -2.22910674e+002, -2.22440474e+002,
       -2.18428871e+002, -2.48564381e+002, -2.85950521e+002,
       -3.28784505e+002, -3.74407417e+002, -4.19586636e+002,
       -2.10858580e+002, -2.28821533e+002, -2.49173282e+002,
       -2.70808123e+002, -2.92506061e+002, -3.13109935e+002,
       -1.82567468e+002, -1.84900261e+002, -1.87298133e+002,
       -1.89719716e+002, -1.92142993e+002, -1.94565079e+002,
       -1.85750120e+002, -1.88442080e+002, -1.91171675e+002,
       -1.93895178e+002, -1.96587970e+002, -1.99244635e+002,
       -1.75900420e+002, -1.76831215e+002, -1.77834895e+002,
       -1.78908543e+002, -1.80053692e+002, -1.81275710e+002,
                    nan,              nan,              nan,
                    nan,              nan,              nan])
max_PWL_Renorm: nan
llh_GD_QEXP: array([ nan,  nan,  nan,  nan,  nan,  nan,  nan,  nan,  nan,  nan,  nan,
        nan,  nan,  nan,  nan,  nan,  nan,  nan,  nan,  nan,  nan, -inf,
        nan,  nan,  nan,  nan,  nan,  nan,  nan,  nan,  nan,  nan,  nan,
        nan,  nan,  nan,  nan,  nan,  nan,  nan,  nan,  nan,  nan,  nan,
        nan,  nan,  nan,  nan,  nan,  nan])
llh_GD_QEXP_Renorm_a: array([nan, nan, nan, nan, nan, nan, nan, nan, nan, nan, nan, nan, nan,
       nan, nan, nan, nan, nan, nan, nan, nan, nan, nan, nan, nan, nan,
       nan, nan, nan, nan, nan, nan, nan, nan, nan, nan, nan, nan, nan,
       nan, nan, nan, nan, nan, nan, nan, nan, nan, nan, nan])
lllh_GD_QEXP_Renorm_q: array([        nan,         nan,         nan,         nan,         nan,
               nan, 75.15908592,         nan,         nan,         nan,
               nan,         nan,         nan,         nan,         nan,
               nan,         nan,         nan,         nan,         nan,
       16.52312309,         nan, 31.70438347,         nan,         nan,
               nan,         nan, 28.50692236, 25.30032658,         nan,
               nan,         nan,         nan,         nan,         nan,
               nan,         nan,         nan,         nan,         nan,
               nan,         nan,         nan,         nan,         nan,
               nan,         nan,         nan,         nan,         nan])
llh_GD_QEXP_Renorm_aq: array([        nan,         nan,         nan,         nan,         nan,
               nan,         nan,         nan,         nan,         nan,
               nan,         nan,         nan,         nan,         nan,
               nan,         nan,         nan,         nan,         nan,
               nan,         nan,         nan,         nan,         nan,
               nan,         nan,         nan,         nan,         nan,
               nan,         nan,         nan,         nan,         nan,
               nan, 88.59341065, 95.9144259 , 96.31171053, 88.63340232,
       72.92060433,         nan,         nan,         nan,         nan,
               nan,         nan,         nan,         nan,         nan,
               nan,         nan,         nan,         nan,         nan,
               nan,         nan,         nan,         nan,         nan,
               nan,         nan,         nan,         nan,         nan,
               nan,         nan,         nan,         nan,         nan,
               nan,         nan,         nan,         nan,         nan,
               nan,         nan,         nan,         nan,         nan,
               nan,         nan,         nan,         nan,         nan,
               nan,         nan,         nan,         nan,         nan,
               nan,         nan,         nan,         nan,         nan,
               nan,         nan,         nan,         nan,         nan,
               nan,         nan,         nan,         nan,         nan,
               nan,         nan,         nan,         nan,         nan,
               nan,         nan,         nan,         nan,         nan,
               nan,         nan,         nan,         nan,         nan,
       25.57522229, 31.14895936,         nan,         nan,         nan,
               nan,         nan,         nan,         nan,         nan,
               nan,         nan,         nan,         nan,         nan,
               nan,         nan,         nan,         nan,         nan,
               nan,         nan,         nan,         nan,         nan,
               nan,         nan,         nan,         nan,         nan,
               nan,         nan,         nan,         nan,         nan,
               nan,         nan,         nan,         nan,         nan,
               nan,         nan, 31.59949874,         nan,         nan,
               nan,         nan,         nan,         nan,         nan,
               nan,         nan,         nan,         nan,         nan,
               nan,         nan,         nan,         nan,         nan,
               nan,         nan,         nan,         nan,         nan,
               nan,         nan,         nan,         nan,         nan,
               nan,         nan,         nan,         nan,         nan,
               nan,         nan,         nan,         nan,         nan,
               nan,         nan,         nan,         nan,         nan,
               nan,         nan,         nan,         nan,         nan,
               nan,         nan,         nan,         nan,         nan,
               nan,         nan,         nan,         nan,         nan,
               nan,         nan,         nan,         nan,         nan,
               nan,         nan,         nan,         nan,         nan,
               nan,         nan,         nan,         nan,         nan,
               nan,         nan,         nan,         nan,         nan,
               nan,         nan,         nan,         nan,         nan,
               nan,         nan,         nan,         nan,         nan,
               nan,         nan,         nan,         nan,         nan,
               nan,         nan,         nan,         nan,         nan,
               nan,         nan,         nan,         nan,         nan,
               nan,         nan,         nan,         nan,         nan,
               nan,         nan,         nan,         nan,         nan,
               nan,         nan,         nan,         nan,         nan,
               nan,         nan,         nan,         nan,         nan,
               nan,         nan,         nan,         nan,         nan,
               nan,         nan,         nan,         nan,         nan,
               nan,         nan,         nan,         nan,         nan])
max_QEXP_Renorm: nan
llh_GD_RAY: array([-172.95851333, -173.42214266, -172.97581833, -172.95821092,
       -173.89617958, -173.26848396, -172.9774499 ,           nan,
       -173.08425581,           nan,          -inf, -161.72104093,
       -162.38633154, -162.04494263, -166.44285298, -163.63976186,
       -166.40993532, -162.44725389, -162.08464338, -162.06458512,
       -189.44660955,           nan, -189.4322034 , -189.46010105,
       -189.50280834, -190.37295113,           nan, -189.43239822,
                -inf, -189.44019692,           nan,           nan,
       6587.09900584,           nan,           nan, 6594.24610669,
                -inf,           nan,          -inf,          -inf,
       -164.48718711, -164.45907832, -164.47241066, -164.46097861,
       -164.46918936, -164.46029633, -164.46067856, -164.45991838,
       -168.97260368,          -inf])
llh_GD_RAY_Renorm_gamma: array([-186.11511959, -193.42505508, -186.73337225, -185.71461115,
       -195.04780818, -188.1859959 , -185.11782415,           nan,
       -185.96137694,           nan,           nan, -167.28732556,
       -171.05889434, -169.00403083, -220.68994628, -178.01155333,
       -230.26624861, -167.26230686, -169.2249566 , -167.32899982,
       -202.06612617,           nan, -202.69275289, -203.54988918,
       -201.66096662, -213.38331963,           nan, -202.56292225,
                 nan, -202.43920737,           nan,           nan,
       6564.00061802,           nan,           nan, 6574.01043113,
                 nan,           nan,           nan,           nan,
       -181.67486834, -182.36941243, -182.99793644, -182.49632777,
       -181.89989382, -182.19052709, -182.19458795, -182.23052048,
       -204.76192169,           nan])
llh_GD_RAY_Renorm_eta: array([-182.09041662, -183.0981136 , -182.1148291 , -182.00139837,
       -182.98987816, -181.97529756, -181.96889196,           nan,
       -181.89831296,           nan,           nan, -168.28716924,
       -168.79346396, -167.46986273, -172.59435953, -169.26405339,
       -169.27070366, -170.55036045, -167.9249325 , -168.76905796,
       -199.84280919,           nan, -199.82625055, -199.78085762,
       -199.97439152, -199.77916765,           nan, -199.83300596,
                 nan, -199.8656799 ,           nan,           nan,
       6565.43848161,           nan,           nan, 6574.34407426,
                 nan,           nan,           nan,           nan,
       -178.30840668, -178.66366546, -178.92736856, -178.68525783,
       -178.49509588, -178.59064047, -178.57332656, -178.59688838,
       -187.53837126,           nan])
llh_GD_RAY_Renorm_gammaeta: array([-182.33907471, -182.68140582, -183.1280729 , -183.68796397,
       -184.3680116 , -185.1744896 , -183.83231462, -184.76825586,
       -185.92033483, -187.31016658, -188.97508969, -190.97906307,
       -182.39446338, -182.7830808 , -183.29326012, -183.93507045,
       -184.71644173, -185.64544902, -182.21168002, -182.51223983,
       -182.91440897, -183.42829596, -184.06185432, -184.82161037,
       -183.77540095, -184.80617822, -186.10186998, -187.69336557,
       -189.63718413, -192.03428491, -182.25730461, -182.7038281 ,
       -183.34087718, -184.18908549, -185.26443768, -186.58599963,
       -182.14734965, -182.40226882, -182.74295547, -183.17823394,
       -183.71538271, -184.36015289,           nan,           nan,
                 nan,           nan,           nan,           nan,
       -182.07673783, -182.36431885, -182.77750978, -183.33221405,
       -184.04102591, -184.91384654,           nan,           nan,
                 nan,           nan,           nan,           nan,
                 nan,           nan,           nan,           nan,
                 nan,           nan, -167.95282298, -167.68767614,
       -167.49042454, -167.35748865, -167.28357215, -167.26237745,
       -169.02380455, -169.27412353, -169.54959298, -169.85691142,
       -170.20428075, -170.60131584, -167.61551931, -167.79008132,
       -167.98949357, -168.21084438, -168.45275219, -168.71596324,
       -175.19615346, -179.01717728, -184.28905112, -191.08848462,
       -199.39210694, -209.21210896, -169.7871646 , -170.43778812,
       -171.27532572, -172.3716423 , -173.80640536, -175.66116048,
       -170.72399267, -173.38135501, -178.24525678, -186.17010488,
       -197.40363333, -211.94010007, -169.6818413 , -168.92355382,
       -168.29973152, -167.8248449 , -167.50126826, -167.31966223,
       -168.07659482, -168.23908073, -168.41205008, -168.59574282,
       -168.79111023, -168.9999393 , -168.25483819, -167.85014684,
       -167.55638271, -167.3685509 , -167.27665274, -167.26789693,
       -199.78549382, -199.79459394, -199.9055436 , -200.1526034 ,
       -200.56999477, -201.19410781,           nan,           nan,
                 nan,           nan,           nan,           nan,
       -199.77989066, -199.81745345, -199.97950326, -200.30546865,
       -200.83563047, -201.61423765, -199.80780589, -199.94460031,
       -200.22580103, -200.68632723, -201.36386089, -202.30151903,
       -199.87174108, -199.7925901 , -199.79243744, -199.92588696,
       -200.24558438, -200.80456997, -199.90501324, -200.36472446,
       -201.29298704, -202.84642702, -205.22266583, -208.65534235,
                 nan,           nan,           nan,           nan,
                 nan,           nan, -199.78126233, -199.80928187,
       -199.95747591, -200.26503194, -200.771729  , -201.5209489 ,
                 nan,           nan,           nan,           nan,
                 nan,           nan, -199.79231376, -199.78973312,
       -199.90401733, -200.17960986, -200.66092539, -201.39574597,
                 nan,           nan,           nan,           nan,
                 nan,           nan,           nan,           nan,
                 nan,           nan,           nan,           nan,
       6565.23912527, 6565.03776493, 6564.83439283, 6564.6290008 ,
       6564.42158033, 6564.21212249,           nan,           nan,
                 nan,           nan,           nan,           nan,
                 nan,           nan,           nan,           nan,
                 nan,           nan, 6574.30284208, 6574.25942931,
       6574.21385835, 6574.16615134, 6574.11633014, 6574.06441631,
                 nan,           nan,           nan,           nan,
                 nan,           nan,           nan,           nan,
                 nan,           nan,           nan,           nan,
                 nan,           nan,           nan,           nan,
                 nan,           nan,           nan,           nan,
                 nan,           nan,           nan,           nan,
       -178.64330021, -179.01613558, -179.43199774, -179.89741237,
       -180.4202609 , -181.00952483, -179.03154157, -179.44108998,
       -179.89852315, -180.41130983, -180.98794026, -181.63754645,
       -179.32778455, -179.77492009, -180.27607353, -180.83966941,
       -181.47490198, -182.19125277, -179.06114763, -179.48035348,
       -179.94947281, -180.47641641, -181.07014031, -181.74022275,
       -178.83727864, -179.21699997, -179.63946646, -180.11110751,
       -180.63943811, -181.23278498, -178.94917338, -179.3479636 ,
       -179.7928802 , -180.29106327, -180.85072607, -181.48081089,
       -178.93296866, -179.33329564, -179.78026694, -180.28115837,
       -180.8443611 , -181.47902669, -178.95798793, -179.35986798,
       -179.80851952, -180.31122611, -180.87635624, -181.51300575,
       -189.40238588, -191.47300299, -193.74607343, -196.21614787,
       -198.87805264, -201.72767385,           nan,           nan,
                 nan,           nan,           nan,           nan])
max_RAY_Renorm: nan
llh_GD_GSS: array([          nan, -173.49535233,           nan, -174.05102182,
       -173.41543958,           nan, -170.9461493 ,           nan,
       -173.42115807, -170.84654274, -161.56499863, -162.79335669,
       -161.66575295,           nan,           nan,           nan,
       -161.62870639, -161.60993737, -161.72876742, -162.21573765,
       -187.45057625, -187.01047362,           nan,           nan,
                 nan,           nan,          -inf, -187.21633825,
       -187.02925087,          -inf, 6598.00666099, 6597.82888413,
       6598.15669734, 6597.49437094, 6597.91357765,          -inf,
       6598.15325213, 6597.89007668, 6598.01504225, 6597.83011245,
       -163.70100167, -163.75496872, -163.63084916, -163.76948927,
       -163.73314839, -169.7878188 , -163.66656328, -163.63304851,
       -163.62895888, -163.68276898])
llh_GD_GSS_Renorm_kappa: array([          nan, -191.26393352,           nan, -187.77932475,
       -192.25708475,           nan, -225.32639454,           nan,
       -192.87262004, -227.89305766, -174.68170919, -173.12468013,
       -177.72449494,           nan,           nan,           nan,
       -173.21081685, -176.37923439, -178.75554762, -174.48399675,
       -209.85131172, -209.04176289,           nan,           nan,
                 nan,           nan,           nan, -206.96697449,
       -209.01427663,           nan, 6573.07319334, 6572.70655501,
       6573.01833573, 6572.50300727, 6573.09478187,           nan,
       6572.63162471, 6573.11200705, 6572.74952373, 6573.06924755,
       -180.53749416, -185.15190436, -182.32690146, -184.76111155,
       -184.94622163, -180.62210957, -184.24116033, -180.61650092,
       -180.5536423 , -179.90532416])
llh_GD_GSS_Renorm_tau: array([          nan, -297.25383259,           nan, -335.73284244,
       -300.4388187 ,           nan, -323.15587373,           nan,
       -298.09146736, -330.14660004, -259.80089743, -216.71232902,
       -281.62765625,           nan,           nan,           nan,
       -248.47790338, -272.51147752, -272.83788794, -225.91946889,
       -317.38226543, -287.49688044,           nan,           nan,
                 nan,           nan,           nan, -298.75955685,
       -284.83348273,           nan, 6573.31491627, 6573.18540902,
       6573.16351465, 6573.32211577, 6573.37144827,           nan,
       6573.03048573, 6573.37857476, 6573.20953377, 6573.37949621,
       -236.31727902, -242.22423201, -238.33230762, -241.64076657,
       -241.48773854, -257.8259343 , -240.6625851 , -234.86594022,
       -235.30741287, -237.73307246])
llh_GD_GSS_Renorm_kappatau: array([          nan,           nan,           nan,           nan,
                 nan,           nan, -295.74578221, -242.24680296,
       -225.54603213, -211.36729986, -200.3911507 , -193.39403311,
                 nan,           nan,           nan,           nan,
                 nan,           nan, -342.49764091, -263.75421169,
       -240.02878432, -219.28723585, -202.70399497, -191.65900433,
       -296.78949201, -242.6878134 , -226.11315887, -212.05664286,
       -201.19514497, -194.3009156 ,           nan,           nan,
                 nan,           nan,           nan,           nan,
       -333.00104516, -268.22712898, -252.23276128, -239.06849339,
       -229.54455148, -224.60006912,           nan,           nan,
                 nan,           nan,           nan,           nan,
       -293.92608073, -240.30669483, -224.61633547, -211.36147235,
       -201.16458946, -194.73308082, -335.72622229, -271.80174784,
       -255.34776483, -241.79814768, -232.01184747, -226.98820059,
       -281.02415949, -215.99234813, -202.54722139, -191.23677152,
       -182.49258464, -176.79540097, -226.63171524, -189.54668884,
       -184.02458084, -179.51232917, -176.11532195, -173.946052  ,
       -294.90087623, -225.83833428, -210.24523336, -197.04506478,
       -186.79394517, -180.1181555 ,           nan,           nan,
                 nan,           nan,           nan,           nan,
                 nan,           nan,           nan,           nan,
                 nan,           nan,           nan,           nan,
                 nan,           nan,           nan,           nan,
       -270.02845218, -208.90142481, -197.23937979, -187.48066019,
       -179.96578476, -175.0706393 , -290.05631194, -221.65459312,
       -206.95386344, -194.54210778, -184.92189763, -178.65664305,
       -287.19001328, -220.44761736, -206.80249459, -195.33275195,
       -186.48937103, -180.77588792, -240.95738987, -196.00529831,
       -188.79005625, -182.86180403, -178.38252664, -175.52700373,
       -300.7481826 , -258.08891282, -241.86803064, -228.09931816,
       -217.55311265, -211.12346748, -280.5472803 , -237.97218558,
       -227.72839375, -219.31261513, -213.10224722, -209.5202863 ,
                 nan,           nan,           nan,           nan,
                 nan,           nan,           nan,           nan,
                 nan,           nan,           nan,           nan,
                 nan,           nan,           nan,           nan,
                 nan,           nan,           nan,           nan,
                 nan,           nan,           nan,           nan,
                 nan,           nan,           nan,           nan,
                 nan,           nan, -282.54261096, -242.86513542,
       -230.5262465 , -220.24097125, -212.50141541, -207.8654452 ,
       -278.49384198, -236.27290066, -226.56669347, -218.61900536,
       -212.77764109, -209.43112672,           nan,           nan,
                 nan,           nan,           nan,           nan,
       6573.61523182, 6573.36254932, 6573.1146253 , 6572.87492214,
       6572.64534105, 6572.42649932, 6572.88032086, 6572.63539221,
       6572.40659147, 6572.19386487, 6571.99609876, 6571.81137019,
       6574.1124423 , 6573.79886767, 6573.47486916, 6573.15980509,
       6572.86644955, 6572.60252756, 6572.28310433, 6571.96794174,
       6571.64498322, 6571.31249453, 6570.96805181, 6570.60857286,
       6573.43386113, 6573.18870775, 6572.94701344, 6572.710489  ,
       6572.47972459, 6572.25436834,           nan,           nan,
                 nan,           nan,           nan,           nan,
       6573.52770945, 6573.2183893 , 6572.92346912, 6572.65114906,
       6572.40586904, 6572.18923657, 6573.45289433, 6573.20794217,
       6572.96530878, 6572.72673524, 6572.49286401, 6572.26340705,
       6573.25682807, 6572.97726561, 6572.70379943, 6572.43879398,
       6572.18326144, 6571.93710338, 6573.23421071, 6573.00119865,
       6572.77658997, 6572.56094817, 6572.353831  , 6572.15397614,
       -250.2280528 , -231.86190741, -182.48932453, -181.21495305,
       -180.43997643, -180.20120372, -259.57680081, -234.18258541,
       -187.4364336 , -185.7957767 , -184.82823749, -184.59269084,
       -253.3353576 , -233.23604478, -184.65002795, -183.12032735,
       -182.18995585, -181.90807788, -258.55215891, -235.46473436,
       -186.88589971, -185.35362058, -184.45271759, -184.23636073,
       -259.26860362, -235.47705476, -186.98657881, -185.48233397,
       -184.60527404, -184.40794291, -262.61470542, -210.79783483,
       -192.50141141, -184.7523815 , -182.54463566, -181.72949023,
       -256.98909334, -235.83947698, -186.15913646, -184.74359899,
       -183.91967972, -183.73525974, -251.42182337, -230.37497767,
       -182.76088521, -181.38872187, -180.54655408, -180.27487241,
       -251.03069465, -230.56515923, -182.70054898, -181.32907837,
       -180.48678714, -180.21406876, -253.0889009 , -232.63713586,
       -182.10737101, -180.73756022, -179.88737803, -179.59612115])
max_GSS_Renorm: nan
