llh_GD_EXP: array([ -499.39404703,  -492.34125953,  -484.74514027,  -511.66133706,
        -503.98733953,  -494.28428936,  -499.91548838,  -502.16177372,
        -488.53523369,  -558.50295084,  -481.84187955,  -474.23308817,
        -595.34662783,  -480.25165033,  -477.47687556,  -475.16495608,
        -496.84399283,  -522.65829771,  -475.53119349,  -513.41280361,
        -522.4793746 ,  -512.79842243,  -507.19912032,  -488.90590993,
        -509.67052075,  -516.38856499,  -518.22248823,  -500.82233363,
        -506.46677532,  -504.69536187, 12561.29565694,  8877.95123342,
       12656.57743975, 11505.32479518, 12210.17690968,  4152.19312533,
        9319.23193433, 12591.55872513, 12609.34496523, 12676.54373782,
        -434.7799201 ,  -436.2132331 ,  -426.82654697,  -426.36485512,
        -433.6068519 ,  -473.98379711,  -423.22083851,  -463.05838798,
        -433.13532061,  -451.10507034])
llh_GD_EXP_Renorm_alpha: array([ -578.78798658,  -537.77799088,  -514.42737451,  -505.7653347 ,
        -515.47347449,  -575.17014711,  -639.69948975,  -523.74420366,
        -569.53765552,  -570.54523598,  -489.18373018,  -487.21410173,
        -489.55596315,  -519.39952274,  -492.24090063,  -495.89195457,
        -486.76592309,  -591.96702977,  -535.15052916,  -546.81794952,
        -570.05844849,  -654.63482532,  -595.14740833,           -inf,
        -840.47536341,  -845.07474631,  -687.02881275,  -573.37332741,
        -777.94290577,  -509.58840634, 12585.34411971, 10408.80266894,
       12624.90774422, 11559.0697543 , 12261.49004986,  7102.14795884,
       10758.72313189, 12589.89002181, 12602.83224742, 12608.81319294,
        -470.11802117,  -525.30548664,  -460.01151776,  -668.54991795,
        -706.72225534,  -446.27755033,  -461.20380507,            nan,
        -596.58455858,  -438.15701648])
llh_GD_EXP_Renorm_beta: array([ -515.508263  ,  -512.40408646,  -505.67087031,  -505.65132008,
        -520.10396512,  -514.96421412,  -521.24941204,  -516.6473144 ,
        -506.80644338,  -566.06020982,  -488.69304578,  -487.58879287,
        -524.05803669,  -496.35474339,  -496.37857184,  -513.69774401,
        -488.589219  ,  -545.57037346,  -487.41098238,  -529.32927424,
        -541.25548684,  -508.22622748,  -518.601219  ,           -inf,
        -508.68922417,  -516.43034372,  -536.94102592,  -515.31473668,
        -507.94325599,  -509.09711532, 12565.04477155,  8347.81068657,
       12623.59505903, 11354.56948291, 12235.71174556,  9263.80911948,
        9010.13801979, 12572.53244586, 12590.97743411, 12608.54137663,
        -449.02311331,  -445.10589943,  -441.69539011,  -461.91664164,
        -504.27337322,  -468.98097719,  -439.86746445,            nan,
        -484.21409647,  -464.82750419])
llh_GD_EXP_Renorm_alphabeta: array([ -519.70117683,  -525.05865343,  -531.80746663,  -540.21302545,
        -550.58774641,  -563.30065787,  -514.48921106,  -516.98609366,
        -519.94943612,  -523.4396614 ,  -527.52363329,  -532.27555009,
        -505.57133709,  -505.7999783 ,  -506.40279018,  -507.45171946,
        -509.04729436,  -511.31945229,  -505.60175948,  -505.57330064,
        -505.56635435,  -505.581426  ,  -505.61912095,  -505.68014999,
        -519.36400822,  -518.65159746,  -517.96587147,  -517.30599421,
        -516.67115497,  -516.06056841,  -518.95608881,  -524.05803535,
        -530.48495046,  -538.48770033,  -548.36086834,  -560.4517241 ,
        -528.35665476,  -537.66861581,  -549.69630185,  -565.06337987,
        -584.53236275,  -609.0339209 ,  -517.50942598,  -518.41891248,
        -519.37763393,  -520.38750991,  -521.45052182,  -522.56871546,
        -508.78608686,  -512.08992541,  -517.17722208,  -524.63110562,
        -535.18254481,  -549.75672301,  -566.68496122,  -567.3149703 ,
        -567.9502755 ,  -568.59091554,  -569.23692942,  -569.88835638,
        -488.76067298,  -488.8291173 ,  -488.89838255,  -488.96847257,
        -489.03939123,  -489.11114244,  -486.65272046,  -486.00038567,
        -485.63425158,  -485.55997882,  -485.78743104,  -486.33170508,
        -516.24615712,  -509.64498664,  -504.06037773,  -499.34447284,
        -495.39382832,  -492.14325763,  -498.59613163,  -501.13195184,
        -503.99164305,  -507.20849505,  -510.81998266,  -514.86807526,
        -491.69514461,  -488.35099504,  -486.30340615,  -485.55355924,
        -486.16232669,  -488.29035952,  -510.46678805,  -507.49458745,
        -504.7605026 ,  -502.24678613,  -499.93852142,  -497.82348897,
        -488.27869927,  -487.98489344,  -487.70777689,  -487.44733092,
        -487.203543  ,  -486.9764069 ,  -550.87793123,  -556.578406  ,
        -562.6983983 ,  -569.2661958 ,  -576.31188774,  -583.86748318,
        -489.61691775,  -492.86331242,  -497.35895551,  -503.38881963,
        -511.33645566,  -521.70745094,  -531.53831456,  -533.83794634,
        -536.23156489,  -538.72268148,  -541.31492698,  -544.01205569,
        -544.50326749,  -548.0069433 ,  -551.7849768 ,  -555.85716255,
        -560.24471666,  -564.97036785,  -510.35015995,  -515.06605849,
        -523.51755683,  -537.65997785,  -560.59973474,  -597.15732357,
        -523.31083214,  -529.39041094,  -537.1695719 ,  -547.05932672,
        -559.57084956,  -575.33885026,           -inf,           -inf,
                 -inf,           -inf,           -inf,           -inf,
        -512.50252472,  -520.8784415 ,  -536.69289792,  -565.05337104,
        -614.63168203,  -699.49371613,  -509.24312908,  -508.26475103,
        -513.79745778,  -530.26012255,  -569.53137136,  -657.61967433,
        -546.72526736,  -559.09324024,  -574.66770235,  -594.21753179,
        -618.68145395,  -649.18313783,  -510.06740881,  -508.0047825 ,
        -508.8920356 ,  -513.23134458,  -522.6933288 ,  -540.70130053,
        -509.56002255,  -515.02552899,  -526.47956989,  -548.13878479,
        -587.493429  ,  -657.36361214,  -509.16156037,  -509.22789458,
        -509.29613195,  -509.36628688,  -509.43837411,  -509.51240877,
       12568.20489388, 12571.27695466, 12574.2617851 , 12577.16017869,
       12579.97289177, 12582.70064416,  8651.58349422,  8955.03461743,
        9256.09743823,  9553.18227292,  9845.108048  , 10130.78420576,
       12623.79664881, 12623.99354837, 12624.18575923, 12624.37328284,
       12624.55612062, 12624.73427397, 11385.13904884, 11415.26420432,
       11444.93997079, 11474.16194482, 11502.92630175, 11531.22979543,
       12239.47190991, 12243.20599766, 12246.91414508, 12250.59648824,
       12254.25316303, 12257.88430509,  8951.80280252,  8637.25549112,
        8322.47785599,  8009.99800264,  7701.95164604,  7399.45043653,
        9273.49045268,  9533.72529404,  9790.05480897, 10041.76165254,
       10287.98682608, 10527.52936555, 12575.22431691, 12577.84454824,
       12580.39370513, 12582.87232769, 12585.28093127, 12587.62000692,
       12592.81598463, 12594.60582167, 12596.34718314, 12598.04029582,
       12599.68537561, 12601.28262782, 12608.58032288, 12608.61923069,
       12608.65810004, 12608.69693095, 12608.7357234 , 12608.7744774 ,
        -444.34802481,  -440.61903578,  -438.41044301,  -438.61532472,
        -442.52655282,  -452.06947199,  -440.83929909,  -438.37185121,
        -438.89900349,  -444.22761452,  -457.16993727,  -482.06213171,
        -439.5930144 ,  -438.34671564,  -438.27388009,  -439.78051916,
        -443.39716589,  -449.83023928,  -474.18148532,  -490.50905901,
        -511.83965499,  -539.24904308,  -573.85801784,  -616.66044343,
        -521.54931005,  -542.09498871,  -566.30909722,  -594.55081262,
        -627.12865972,  -664.37165736,  -465.03210651,  -461.43137698,
        -458.06960792,  -454.88239485,  -451.84562046,  -448.96709323,
        -438.57328883,  -438.14069166,  -438.83613071,  -440.9943862 ,
        -445.04589691,  -451.5463777 ,            nan,            nan,
                  nan,            nan,            nan,            nan,
        -494.43712604,  -506.28411654,  -519.94340169,  -535.6120185 ,
        -553.4876315 ,  -573.7568178 ,  -459.34512364,  -454.34742654,
        -449.72253448,  -445.53771671,  -441.97907863,  -439.35875997])
max_EXP_Renorm: nan
llh_GD_PWL: array([ -622.61027345,  -522.07968479,  -500.60966492,  -517.83797478,
        -505.26287026,  -491.63115315,  -499.10080488,  -694.75899686,
        -487.10709672,  -515.64880006,  -486.2463299 ,  -491.52041167,
        -493.84860393, -1032.65960315,  -507.37690356,  -759.56604561,
        -484.44587683,  -484.13121931,  -475.77930912,  -486.619774  ,
        -515.14187393,  -569.89395266,  -520.41944525,  -507.19504805,
        -504.1424984 ,  -515.40995083,  -518.34454818,  -511.98822669,
       -2962.05312657,  -736.35145916, 11788.51844517, 11646.65562438,
       11136.77876502, 11168.99569878, 12402.72042043,  8647.37452438,
       10887.80732191, 10447.89570272,  9410.75280441, 12516.19356523,
        -427.91088947,  -429.79031406,  -431.784619  ,  -446.11863716,
        -436.72544603,  -443.69598947,  -439.63080961,  -456.98336978,
        -483.37524821,  -432.7555779 ])
llh_GD_PWL_Renorm_K: array([ -1837.0950581 ,   -704.63438617,   -888.97159222,   -775.81762632,
         -757.88767311,  -7790.53058255,   -626.6491545 ,  -1643.34758891,
         -700.89232299,   -719.8444495 ,   -916.15498507,   -585.01933142,
        -6802.15321598,  -3512.28088994,  -1454.29037218,  -1256.05676304,
         -754.11043627,   -636.87049563,            -inf,   -600.77662907,
         -875.72758015,   -739.30641798,   -789.31649717,   -664.91068117,
        -1102.30726962,  -1206.65810352,   -626.14740681,   -698.52600893,
       -21380.90564857,   -865.88088441,  11600.80627476,  10993.52845834,
        12544.54765186,  11584.48065475,  12536.60395481, -12439.92391331,
        12457.78664435,  12478.25491863,  10784.00178662,  11699.7359403 ,
        -1228.22424007,   -563.80793323,   -831.83287264,   -560.94375909,
         -598.05231427,   -568.42799945,   -560.36592294,  -1048.27400502,
        -1130.78795994,   -809.51833489])
llh_GD_PWL_Renorm_c: array([-1054.0223516 , -1038.9384434 , -1365.30418008, -1049.87097825,
       -1262.40400851,  -855.43144995,  -848.48360155, -1105.69533496,
       -1471.54973123, -1100.73912552, -1329.49803938,  -731.22070162,
        -854.59200268, -1196.15505615,  -831.02028101, -1059.76928575,
       -1213.56473074,  -871.7649825 ,           -inf,  -698.91945954,
       -1174.22148564,  -897.00547168, -1118.01067139, -1039.53008248,
        -697.44346212,  -793.0793023 ,  -779.99762099,  -723.12924284,
       -3674.70360563,  -857.3081709 , 11622.40150602, 11170.86052144,
       12225.39068614, 12500.93576909, 12573.30679897, 10407.01539917,
       12547.19005398, 12550.99120867, 12176.9382043 , 12184.1150386 ,
        -531.10355437,  -630.24252402,  -638.2770577 ,  -970.19504033,
        -874.18840941,  -739.47946593,  -738.87390467,  -671.25249258,
        -611.08640283,  -635.87132971])
lllh_GD_PWL_Renorm_p: array([ -582.67324942,  -628.9321063 ,  -820.67975944,  -636.59814983,
        -791.09615787,  -660.72030324,  -565.61444458,  -582.4231718 ,
       -1149.0515319 ,  -664.6525577 ,  -809.09087464,  -511.02039876,
        -557.27478563,  -824.11585181,  -518.98931514,  -559.47126075,
        -721.78234209,  -552.879652  ,           -inf,  -500.15217077,
        -725.67581026,  -572.87800168,  -689.38215466,  -649.51912197,
        -523.01741738,  -542.61495052,  -548.52596777,  -522.29810734,
       -2553.13421633,  -587.77829655, 11601.29151059, 10984.20080687,
       11844.10387963, 11446.72522137, 12601.14209622, 11159.8939711 ,
       12161.23840271, 12424.74249008, 11706.85669376, 12246.44073473,
        -435.85726722,  -474.29084251,  -455.04670442,  -755.22836984,
        -595.58052048,  -483.5969536 ,  -484.31767212,  -485.49610406,
        -441.29905804,  -445.36539742])
llh_GD_PWL_Renorm_Kc: array([ -582.67324942,  -628.9321063 ,  -820.67975944,  -636.59814983,
        -791.09615787,  -660.72030324,  -565.61444458,  -582.4231718 ,
       -1149.0515319 ,  -664.6525577 ,  -809.09087464,  -511.02039876,
        -557.27478563,  -824.11585181,  -518.98931514,  -559.47126075,
        -721.78234209,  -552.879652  ,           -inf,  -500.15217077,
        -725.67581026,  -572.87800168,  -689.38215466,  -649.51912197,
        -523.01741738,  -542.61495052,  -548.52596777,  -522.29810734,
       -2553.13421633,  -587.77829655, 11601.29151059, 10984.20080687,
       11844.10387963, 11446.72522137, 12601.14209622, 11159.8939711 ,
       12161.23840271, 12424.74249008, 11706.85669376, 12246.44073473,
        -435.85726722,  -474.29084251,  -455.04670442,  -755.22836984,
        -595.58052048,  -483.5969536 ,  -484.31767212,  -485.49610406,
        -441.29905804,  -445.36539742,  -684.83800954,  -677.72175092,
        -680.08927811,  -693.10900335,  -718.06411431,  -756.35820058])
llh_GD_PWL_Renorm_Kp: array([  -565.26165048,   -593.99149563,   -679.05374223,   -830.42847923,
        -1055.89816834,  -1360.19001636,   -593.99997936,   -571.54548719,
         -561.5023003 ,   -563.96470269,   -580.47785406,   -617.70463181,
         -771.62929718,   -736.38542164,   -716.18332131,   -712.99586384,
         -730.77734427,   -778.97335047,   -619.48904064,   -609.61380961,
         -607.66150252,   -615.09477473,   -635.22808676,   -676.66214824,
         -707.62143511,   -642.73326104,   -598.36288714,   -575.85439628,
         -576.90617342,   -609.39199171,   -531.53854496,   -561.56405411,
         -857.04623135,  -1576.22076239,  -2918.72239141,  -5037.78914789,
         -561.54037865,   -561.73878895,   -566.04891422,   -574.46657853,
         -587.14782517,   -604.39659052,   -582.1102065 ,   -613.57396331,
         -682.20907648,   -793.44576398,   -952.67890136,  -1168.1296446 ,
         -895.43948962,   -692.08272929,   -560.29637688,   -515.51492725,
         -550.30400268,   -625.23532235,   -623.16720533,   -594.61201814,
         -579.18361851,   -577.3487561 ,   -591.20538563,   -628.30415901,
         -794.54386594,   -790.25393894,   -795.87157295,   -811.10673061,
         -835.90449251,   -870.62731273,   -510.99090637,   -514.63053145,
         -521.55041848,   -531.634707  ,   -545.11103027,   -562.58079639,
         -516.06490966,   -634.48329722,   -995.7669161 ,  -1711.21576427,
        -2904.71709318,  -4648.87428589,  -1014.36480735,  -1265.64355478,
        -1583.65377373,  -1971.3434988 ,  -2426.81511254,  -2941.66714658,
         -518.36755835,   -565.95649512,   -666.59595922,   -820.03390384,
        -1017.01700773,  -1236.44916057,   -572.19190075,   -599.37879123,
         -642.25856402,   -702.15366534,   -780.99122503,   -883.80468668,
         -690.90506189,   -672.67738363,   -666.47072105,   -671.70142642,
         -687.97879015,   -715.27621924,   -518.0788437 ,   -504.55689476,
         -509.66460551,   -528.88138991,   -557.23326922,   -592.10996342,
                  -inf,            -inf,            -inf,            -inf,
                  -inf,            -inf,   -502.92886088,   -511.67807516,
         -524.64417528,   -540.38531449,   -558.11541759,   -577.92166372,
         -709.85657433,   -702.01273658,   -703.20315168,   -715.21151724,
         -741.33127521,   -788.51268189,   -566.87749041,   -566.06723854,
         -570.85151517,   -582.20524336,   -602.63360338,   -639.61146109,
         -655.04255187,   -629.89797147,   -614.79517108,   -611.19344025,
         -622.52594723,   -659.13178914,   -612.9254853 ,   -588.82999493,
         -576.84495417,   -576.72450084,   -589.14639699,   -616.65851301,
         -520.26652703,   -558.11918633,   -636.08797562,   -746.67809731,
         -874.38362092,   -998.74144345,   -526.78523291,   -552.21392843,
         -623.3647898 ,   -739.3571821 ,   -890.08027624,  -1054.22970633,
         -547.93826431,   -550.81520725,   -557.15832367,   -567.19034143,
         -581.41338686,   -600.65890531,   -524.36584093,   -539.26565595,
         -564.15955851,   -595.33198728,   -629.12955277,   -663.34144118,
        -3491.85324678,  -4770.65518142,  -6493.98315434,  -8797.11190747,
       -11856.69041915, -15914.40875076,   -601.36204787,   -617.87163547,
         -637.64756051,   -661.42201876,   -690.94136714,   -731.43039518,
        11601.24012442,  11601.18280615,  11601.11952841,  11601.05026384,
        11600.974985  ,  11600.89366447,  10986.17299143,  10987.94685066,
        10989.51375327,  10990.86475411,  10991.99060663,  10992.88177679,
        11972.29314523,  12091.85152695,  12204.25563468,  12308.85056705,
        12403.02178508,  12482.91207241,  11457.37524927,  11450.04577818,
        11442.49168337,  11448.99437382,  11477.04603043,  11525.36206662,
        12594.36910015,  12586.65669317,  12578.03602499,  12568.53706523,
        12558.18865424,  12547.01855148,  10238.48054396,   8731.25533503,
         6515.12450868,   3462.8478686 ,   -540.10590733,  -5582.74025828,
        12211.73108154,  12260.23526108,  12306.33803424,  12349.58394352,
        12389.51355459,  12425.70093618,  12434.16319363,  12443.12479753,
        12451.55897242,  12459.38762699,  12466.52051606,  12472.85179894,
        11626.71099284,  11524.64803629,  11404.63568423,  11272.03306085,
        11133.76684525,  10998.05389848,  12126.09899294,  11987.94752913,
        11811.92584812,  11634.76463579,  11466.11552088,  11294.60931469,
         -455.93744086,   -511.24545885,   -605.58600454,   -738.0189932 ,
         -899.57087155,  -1071.40471969,   -479.21898985,   -485.97797565,
         -494.8973367 ,   -506.41753025,   -521.13340248,   -539.86791129,
         -440.82928198,   -448.41712269,   -480.9331903 ,   -539.54849844,
         -621.67760283,   -720.04426047,   -641.17978126,   -545.63315488,
         -476.81895947,   -442.79032037,   -446.88512398,   -483.64557209,
         -541.83623567,   -499.26997332,   -469.94996472,   -455.63228022,
         -457.97913847,   -482.24160669,   -471.10221994,   -464.00295903,
         -462.65827797,   -467.95870403,   -482.12144851,   -510.56217524,
         -472.22419866,   -465.54259673,   -464.60320636,   -470.25462211,
         -484.46701017,   -511.44404988,   -450.04185156,   -443.85901714,
         -475.54987334,   -553.1332875 ,   -680.26777894,   -850.05974399,
         -454.23788424,   -494.28507339,   -565.48419647,   -669.86888525,
         -805.22659266,   -962.74141544,   -443.78316307,   -459.41705109,
         -493.8358877 ,   -547.25935917,   -617.84193067,   -702.28060972])
max_PWL_Renorm: 12601.142096216783
llh_GD_QEXP: array([   49.10053247,  -313.00728064,  -247.84805803,  -366.38848987,
          59.98064549, -1068.12544   ,  -537.90171799,  1088.05367799,
        -358.47869513,   -23.909432  ,   172.06101921,   196.97444333,
       -2026.95928765,  -283.58504596, -1038.19360405,    96.49502671,
        -113.32897195,  2230.77205646,  -506.89424822,   195.91192005,
       -1908.76755429,  1685.94714241,  -770.42249737,  1292.36252961,
        -145.23694038,  -189.86149281,  -363.56916192,  -823.60346181,
        1497.93107209,  -818.99213343,  2393.81003827, -6973.61751352,
         210.16602582,  -637.59735624, -2247.59530063,   621.00859334,
       -4828.18046791,  1186.97935483,   996.60749305, -2816.11191907,
        -414.03282347,   -31.24602608,   422.43978451,  -106.33454617,
        -389.53129585,  -126.87722286,  -246.70960346,  -329.12878031,
          83.48440857,    58.60541037])
llh_GD_QEXP_Renorm_a: array([ -4161.74074148,  -4161.74074148,  -4161.74074148,  -4161.74074148,
        -4161.74074148,  -4161.74074148,  -4161.74074148,  -1871.30049347,
        -4161.74074148,  -4161.74074148,  -4383.80942971,  -4383.80942971,
        -4383.80942971,  -4383.80942971,  -4383.80942971,  -4383.80942971,
        -4383.80942971,  -1349.40707432,  -4383.80942971,  -4383.80942971,
        -3442.98129338,  -1162.49673183,  -3442.98129338,  -1173.28051308,
        -1853.7307809 ,  -2226.80599753,  -3442.98129338,  -3442.98129338,
        -1167.53579199,  -3442.98129338, -23575.88244646, -23575.88244646,
       -23575.88244646, -23575.88244646, -28725.1962302 , -23575.88244646,
       -23575.88244646, -23575.88244646, -23575.88244646, -23575.88244646,
        -2219.61665306,  -2219.61665306,  -1173.64548408,  -2219.61665306,
        -2219.61665306,  -2219.61665306,  -2219.61665306,  -2219.61665306,
        -1378.46166589,  -1099.27159429])
lllh_GD_QEXP_Renorm_q: array([ -4161.74074148,  -4161.74074148,  -4161.74074148,  -4161.74074148,
        -4161.74074148,  -4161.74074148,  -4161.74074148,   2877.79136369,
        -4161.74074148,  -4161.74074148,  -4383.80942971,  -4383.80942971,
        -4383.80942971,  -4383.80942971,  -4383.80942971,  -4383.80942971,
        -4383.80942971,   3183.8421168 ,  -4383.80942971,  -4383.80942971,
        -3442.98129338,   2423.59780209,  -3442.98129338,   1973.92633387,
         1262.32598217,    467.67908617,  -3442.98129338,  -3442.98129338,
         2167.78853818,  -3442.98129338, -23575.88244646, -23575.88244646,
       -23575.88244646, -23575.88244646, -23575.88244646, -23575.88244646,
       -23575.88244646, -23575.88244646, -23575.88244646, -23575.88244646,
        -2219.61665306,  -2219.61665306,   1140.93629309,  -2219.61665306,
        -2219.61665306,  -2219.61665306,  -2219.61665306,  -2219.61665306,
         1203.84218205,    732.67523639])
llh_GD_QEXP_Renorm_aq: array([ -4161.74074148,  -4161.74074148,  -4161.74074148,  -4161.74074148,
        -4161.74074148,  -4161.74074148,  -4161.74074148,  -4161.74074148,
        -4161.74074148,  -4161.74074148,  -4161.74074148,  -4161.74074148,
        -4161.74074148,  -4161.74074148,  -4161.74074148,  -4161.74074148,
        -4161.74074148,  -4161.74074148,  -4161.74074148,  -4161.74074148,
        -4161.74074148,  -4161.74074148,  -4161.74074148,  -4161.74074148,
        -4161.74074148,  -4161.74074148,  -4161.74074148,  -4161.74074148,
        -4161.74074148,  -4161.74074148,  -4161.74074148,  -4161.74074148,
        -4161.74074148,  -4161.74074148,  -4161.74074148,  -4161.74074148,
        -4161.74074148,  -4161.74074148,  -4161.74074148,  -4161.74074148,
        -4161.74074148,  -4161.74074148,   2369.65830825,   1839.17485632,
         1267.52432856,    625.52277961,   -119.97683574,   -975.55052524,
        -4161.74074148,  -4161.74074148,  -4161.74074148,  -4161.74074148,
        -4161.74074148,  -4161.74074148,  -4161.74074148,  -4161.74074148,
        -4161.74074148,  -4161.74074148,  -4161.74074148,  -4161.74074148,
        -4383.80942971,  -4383.80942971,  -4383.80942971,  -4383.80942971,
        -4383.80942971,  -4383.80942971,  -4383.80942971,  -4383.80942971,
        -4383.80942971,  -4383.80942971,  -4383.80942971,  -4383.80942971,
        -4383.80942971,  -4383.80942971,  -4383.80942971,  -4383.80942971,
        -4383.80942971,  -4383.80942971,  -4383.80942971,  -4383.80942971,
        -4383.80942971,  -4383.80942971,  -4383.80942971,  -4383.80942971,
        -4383.80942971,  -4383.80942971,  -4383.80942971,  -4383.80942971,
        -4383.80942971,  -4383.80942971,  -4383.80942971,  -4383.80942971,
        -4383.80942971,  -4383.80942971,  -4383.80942971,  -4383.80942971,
        -4383.80942971,  -4383.80942971,  -4383.80942971,  -4383.80942971,
        -4383.80942971,  -4383.80942971,   2649.835914  ,   2106.47589203,
         1544.75708893,    948.14586832,    289.06879899,   -469.25724595,
        -4383.80942971,  -4383.80942971,  -4383.80942971,  -4383.80942971,
        -4383.80942971,  -4383.80942971,  -4383.80942971,  -4383.80942971,
        -4383.80942971,  -4383.80942971,  -4383.80942971,  -4383.80942971,
        -3442.98129338,  -3442.98129338,  -3442.98129338,  -3442.98129338,
        -3442.98129338,  -3442.98129338,   1998.99920782,   1568.14097355,
         1124.39835103,    654.94822087,    137.13692324,   -461.30923443,
        -3442.98129338,  -3442.98129338,  -3442.98129338,  -3442.98129338,
        -3442.98129338,  -3442.98129338,   1608.14554964,   1233.571733  ,
          843.09331694,    424.84336048,    -38.9135719 ,   -568.73676439,
          911.66807502,    524.33103203,     92.25009762,   -384.57797598,
         -890.40784342,  -1392.53023772,    -58.77493267,   -530.74913763,
         -942.85049929,  -1306.61467571,  -1636.22883907,  -1941.5482683 ,
        -3442.98129338,  -3442.98129338,  -3442.98129338,  -3442.98129338,
        -3442.98129338,  -3442.98129338,  -3442.98129338,  -3442.98129338,
        -3442.98129338,  -3442.98129338,  -3442.98129338,  -3442.98129338,
         1777.04859895,   1378.66275287,    965.65056854,    525.57597208,
           38.41549959,   -521.33150439,  -3442.98129338,  -3442.98129338,
        -3442.98129338,  -3442.98129338,  -3442.98129338,  -3442.98129338,
       -23575.88244646, -23575.88244646, -23575.88244646, -23575.88244646,
       -23575.88244646, -23575.88244646, -23575.88244646, -23575.88244646,
       -23575.88244646, -23575.88244646, -23575.88244646, -23575.88244646,
       -23575.88244646, -23575.88244646, -23575.88244646, -23575.88244646,
       -23575.88244646, -23575.88244646, -23575.88244646, -23575.88244646,
       -23575.88244646, -23575.88244646, -23575.88244646, -23575.88244646,
       -23575.88244646, -23575.88244646, -23575.88244646, -23575.88244646,
       -23575.88244646, -23575.88244646, -23575.88244646, -23575.88244646,
       -23575.88244646, -23575.88244646, -23575.88244646, -23575.88244646,
       -23575.88244646, -23575.88244646, -23575.88244646, -23575.88244646,
       -23575.88244646, -23575.88244646, -23575.88244646, -23575.88244646,
       -23575.88244646, -23575.88244646, -23575.88244646, -23575.88244646,
       -23575.88244646, -23575.88244646, -23575.88244646, -23575.88244646,
       -23575.88244646, -23575.88244646, -23575.88244646, -23575.88244646,
       -23575.88244646, -23575.88244646, -23575.88244646, -23575.88244646,
        -2219.61665306,  -2219.61665306,  -2219.61665306,  -2219.61665306,
        -2219.61665306,  -2219.61665306,  -2219.61665306,  -2219.61665306,
        -2219.61665306,  -2219.61665306,  -2219.61665306,  -2219.61665306,
          895.72833592,    636.91299338,    353.79609934,     31.34183234,
         -343.16541046,   -760.67759511,  -2219.61665306,  -2219.61665306,
        -2219.61665306,  -2219.61665306,  -2219.61665306,  -2219.61665306,
        -2219.61665306,  -2219.61665306,  -2219.61665306,  -2219.61665306,
        -2219.61665306,  -2219.61665306,  -2219.61665306,  -2219.61665306,
        -2219.61665306,  -2219.61665306,  -2219.61665306,  -2219.61665306,
        -2219.61665306,  -2219.61665306,  -2219.61665306,  -2219.61665306,
        -2219.61665306,  -2219.61665306,  -2219.61665306,  -2219.61665306,
        -2219.61665306,  -2219.61665306,  -2219.61665306,  -2219.61665306,
          921.84110922,    605.66808376,    237.25551794,   -188.58558666,
         -637.25978855,  -1045.15173419,    534.17557661,    321.58925482,
           88.36298627,   -172.3854185 ,   -464.06596744,   -780.07346476])
max_QEXP_Renorm: 3183.8421168009404
llh_GD_RAY: array([ -536.73487462,  -477.79772142,  -478.63202638,  -481.63142055,
        -478.65418595,  -480.92749972,  -483.56385686,  -481.86646597,
        -477.43184268,  -476.50812178,  -473.95506455,  -461.27826693,
        -510.61482915,  -477.95985387,  -503.04695307,  -510.02732072,
        -466.42553287,  -479.96537283,  -492.34008913,  -486.83945878,
        -491.28150623,  -507.71924571,  -505.82714292,  -498.1609557 ,
        -522.91988645,  -493.59952619,  -507.13468354,  -499.41717444,
        -491.19126655,  -504.31982657, 12607.53188348, 11876.34559602,
       12582.84117324, 12533.13429812, 12611.50058111, 12496.76196622,
       12400.48621654, 12590.36108808, 12607.54831533, 12608.95785028,
        -424.78855917,  -429.0394977 ,  -444.02861188,  -417.70911636,
        -425.25655914,  -419.83866533,  -420.69021285,  -465.06170364,
        -419.40003408,  -419.19050846])
llh_GD_RAY_Renorm_gamma: array([ -585.88347877,  -626.19948001,  -594.08417046,  -678.5708631 ,
        -639.01902892,  -508.65806291,  -511.14144007,  -561.60004745,
        -524.52693824,  -505.63855803,  -496.56056609,  -523.73210368,
        -523.7724792 ,  -556.69350902,  -504.64976732,  -505.4662437 ,
        -499.22841111,  -508.27919742,  -502.14464701,  -495.553787  ,
        -534.97179408,  -685.77830089,  -530.36718514,  -538.84511664,
        -631.98403405,  -599.58399636,  -516.29096722,  -717.28907454,
        -537.73625703,  -531.69108556, 12533.02991976, 11962.54709781,
       12524.92068171, 12527.78524762, 12533.33906464, 12507.55949082,
       12495.75864092, 12531.34668954, 12530.24970058, 12532.22370688,
        -810.39393544,  -627.33399972,  -506.96414017,  -496.20872988,
        -719.25459388,  -663.3935293 ,  -654.38165658,  -584.14162367,
        -566.23594267,  -601.0525119 ])
llh_GD_RAY_Renorm_eta: array([ -588.21816044,  -511.40114161,  -504.58759604,  -537.9194975 ,
        -521.61257435,  -517.20256306,  -520.71876539,  -526.31863318,
        -510.20595127,  -505.25021298,  -497.31865495,  -497.10886934,
        -528.16062162,  -520.06908302,  -508.08091957,  -500.98424413,
        -496.2991735 ,  -495.83833853,  -499.51531958,  -495.54032714,
        -519.90854166,  -549.04673155,  -523.39217409,  -517.66945849,
        -585.57472369,  -518.88396512,  -516.78816855,  -557.90739317,
        -519.91790356,  -516.88002319, 12533.30983122, 12019.79061353,
       12523.74733496, 12524.39635135, 12533.511171  , 12496.76961966,
       12503.57580016, 12532.10986331, 12528.88581462, 12530.44183148,
        -534.98357086,  -454.62981913,  -460.51984595,  -454.77662255,
        -541.4566246 ,  -493.58170061,  -495.90353687,  -575.18344465,
        -485.58532688,  -468.2188719 ])
llh_GD_RAY_Renorm_gammaeta: array([ -586.21399974,  -586.21399974,  -596.90737449,  -596.90737449,
        -565.37827264,  -565.37827264,  -646.37188865,  -646.37188865,
        -611.48828923,  -611.48828923,  -509.81458931,  -509.81458931,
        -505.43271925,  -505.43271925,  -555.31160671,  -555.31160671,
        -521.7775615 ,  -521.7775615 ,  -505.11320359,  -505.11320359,
        -496.47842633,  -496.47842633,  -516.19934673,  -516.19934673,
        -524.3718741 ,  -524.3718741 ,  -549.92147085,  -549.92147085,
        -505.08960255,  -505.08960255,  -504.69282531,  -504.69282531,
        -498.57444086,  -498.57444086,  -502.23901611,  -502.23901611,
        -501.70149682,  -501.70149682,  -495.54369719,  -495.54369719,
        -531.6856452 ,  -531.6856452 ,  -656.21952447,  -656.21952447,
        -529.15792807,  -529.15792807,  -524.84207222,  -524.84207222,
        -624.29722439,  -624.29722439,  -573.99763031,  -573.99763031,
        -516.32872202,  -516.32872202,  -683.83378706,  -683.83378706,
        -533.73713249,  -533.73713249,  -523.14434576,  -523.14434576,
       12533.07636853, 12533.07636853, 11971.00451522, 11971.00451522,
       12524.75822259, 12524.75822259, 12527.35440607, 12527.35440607,
       12533.42625758, 12533.42625758, 12506.14321745, 12506.14321745,
       12496.93551376, 12496.93551376, 12531.46637367, 12531.46637367,
       12530.07068534, 12530.07068534, 12532.01788958, 12532.01788958,
        -756.14476435,  -756.14476435,  -567.73202618,  -567.73202618,
        -482.29078762,  -482.29078762,  -485.42030571,  -485.42030571,
        -685.49356214,  -685.49356214,  -625.10901075,  -625.10901075,
        -619.41553263,  -619.41553263,  -582.83326388,  -582.83326388,
        -548.90435955,  -548.90435955,  -565.97562423,  -565.97562423])
max_RAY_Renorm: 12533.511171001908
llh_GD_GSS: array([-9.19848185e+01, -9.66786482e+02, -5.05899940e+02, -2.63553026e+02,
       -2.33201175e+01,  1.35305537e+03, -7.02998856e+02, -5.34652666e+02,
       -5.83289318e+02,             inf, -4.51639050e+02,             inf,
                   inf, -2.97730127e+02, -2.03372945e+02, -6.65277133e+02,
       -4.29246127e+02, -4.88849698e+02, -4.48116653e+02, -5.32507857e+02,
       -5.06737792e+01,  1.59001454e+02, -8.15984582e+02, -7.20655736e+02,
       -5.06708266e+02,             inf, -6.32508682e+02, -5.15200160e+02,
       -6.31966317e+02,  2.34017498e+02,             inf,  1.78166347e+04,
        2.66599225e+04,  1.61301684e+04,  1.68243968e+04,  6.48468479e+03,
        9.28525939e+03,  1.33954180e+03,  1.34698098e+04,  1.85239699e+04,
       -4.60448853e+02, -4.58272211e+02, -5.13295186e+02, -3.31097760e+02,
       -2.95094287e+02, -4.95738938e+02, -4.74506495e+02, -4.97941819e+02,
       -4.54387937e+02, -3.94241421e+02])
llh_GD_GSS_Renorm_kappa: array([   75.83822531, -2778.94227369, -1219.41602878,   -95.72019092,
        -113.24365055,  1328.81363848, -3021.82570277, -2635.95308652,
       -1595.37467401,            inf, -1459.07962527,            inf,
                  inf,  -393.57680981,  -209.007447  , -2591.17371047,
        -454.64773598,  -741.15525125, -1492.6794289 ,  -684.34937205,
        -107.93351373,   522.68843452, -1277.13073436, -1883.30348622,
       -1099.94298442,            inf, -1431.29161101,  -750.92478851,
        -884.73347372,   128.51577749,            inf, 16729.79028747,
       25326.92039756, 15175.82043178, 15813.9872148 , 10303.12316025,
        9720.71563596,  9932.86285163, 12798.83840692, 17600.48199034,
        -975.54926694, -1354.97904016, -1313.67490958,  -417.97552124,
        -113.40429884, -1094.31963733, -1953.32667853, -1024.10040205,
       -1433.39591465,  -471.0164872 ])
llh_GD_GSS_Renorm_tau: array([            inf, -7.31228014e+00, -2.51662702e+03,             inf,
                   inf,             inf, -7.31228014e+00, -7.31228014e+00,
       -7.31228014e+00,  7.90022248e+01,            -inf,  3.99983399e+02,
       -2.33395754e+03, -1.20922749e+03,             inf, -7.29242654e+00,
                   inf, -3.40349859e+03,            -inf, -2.18146560e+03,
                   inf,             inf, -7.41111955e+00, -7.41111955e+00,
       -2.69080421e+03,  9.18016760e+01, -7.41111955e+00, -2.03959739e+03,
       -2.67673373e+03,             inf,  5.56180480e+03,             inf,
        1.65283335e+04,             inf,             inf, -9.72280667e+00,
       -9.72280667e+00, -1.67487395e+04,  6.52959264e+03,             inf,
       -1.80497416e+03, -7.72216837e+00, -1.66136683e+03,             inf,
                   inf, -1.66635809e+03, -7.72216837e+00, -1.81307864e+03,
       -1.86564399e+03, -1.29639284e+03])
llh_GD_GSS_Renorm_kappatau: array([ 3.68488263e+02,             inf,             inf,             inf,
                   inf,             inf, -2.17902676e+03, -7.31228014e+00,
       -7.31228014e+00, -7.31228014e+00, -7.31228014e+00, -7.31228014e+00,
       -1.22987361e+03, -2.15146782e+03, -1.99748245e+03, -1.88180638e+03,
       -1.82927851e+03, -1.88341385e+03,  1.45472110e+02,             inf,
                   inf,             inf,             inf,             inf,
        1.87521628e+02,             inf,             inf,             inf,
                   inf,             inf,  1.61741361e+03,             inf,
                   inf,             inf,             inf,             inf,
       -2.38023277e+03, -7.31228014e+00, -7.31228014e+00, -7.31228014e+00,
       -7.31228014e+00, -7.31228014e+00, -2.10315836e+03, -7.31228014e+00,
       -7.31228014e+00, -7.31228014e+00, -7.31228014e+00, -7.31228014e+00,
       -1.23455772e+03, -7.31228014e+00, -7.31228014e+00, -7.31228014e+00,
       -7.31228014e+00, -7.31228014e+00,             inf,  1.01588322e+02,
        8.51623588e+01,  4.48318923e+01, -2.54205539e+01, -1.36351581e+02,
       -7.29242654e+00,             nan,             nan,             nan,
                   nan,             nan,             inf,  4.34723334e+02,
        4.25704004e+02,  3.94149397e+02,  3.34695093e+02,  2.38039861e+02,
                   inf, -2.28878576e+03, -2.38187995e+03, -2.60054845e+03,
       -3.00274448e+03, -3.67852843e+03, -4.58667217e+01, -1.19892015e+03,
       -1.22817142e+03, -1.28838203e+03, -1.38943705e+03, -1.55175225e+03,
        1.03980159e+02,             inf,             inf,             inf,
                   inf,             inf, -2.03628722e+03, -7.29242654e+00,
       -7.29242654e+00, -7.29242654e+00, -7.29242654e+00, -7.29242654e+00,
       -1.97915109e+02,             inf,             inf,             inf,
                   inf,             inf, -4.76590761e+02, -3.44165169e+03,
       -3.49463346e+03, -3.57898463e+03, -3.70468608e+03, -3.88954360e+03,
       -7.29242654e+00,             nan,             nan,             nan,
                   nan,             nan, -3.98866496e+02, -2.13902173e+03,
       -2.16016316e+03, -2.22088905e+03, -2.33408582e+03, -2.52222092e+03,
        9.17880650e+01,             inf,             inf,             inf,
                   inf,             inf,  6.50470115e+02,             inf,
                   inf,             inf,             inf,             inf,
       -9.51302402e+02, -7.41111955e+00, -7.41111955e+00, -7.41111955e+00,
       -7.41111955e+00, -7.41111955e+00, -1.51771663e+03, -7.41111955e+00,
       -7.41111955e+00, -7.41111955e+00, -7.41111955e+00, -7.41111955e+00,
       -1.24562889e+03, -2.39591913e+03, -2.26106386e+03, -2.15451392e+03,
       -2.10371997e+03, -2.15853454e+03,             inf,  1.62088906e+02,
        1.73215075e+02,  1.62926771e+02,  1.25412418e+02,  5.13383990e+01,
       -1.14246463e+03, -7.41111955e+00, -7.41111955e+00, -7.41111955e+00,
       -7.41111955e+00, -7.41111955e+00, -4.94073239e+02, -2.02466362e+03,
       -2.04906764e+03, -2.10344757e+03, -2.19784678e+03, -2.35018099e+03,
       -7.62468132e+02, -2.59717427e+03, -2.58587929e+03, -2.60622424e+03,
       -2.67347061e+03, -2.81320322e+03,  3.65435939e+02,             inf,
                   inf,             inf,             inf,             inf,
                   inf,  4.82915004e+03,  3.65447183e+03,  1.71135881e+03,
       -1.24587313e+03, -5.56291075e+03,  1.91310277e+04,             inf,
                   inf,             inf,             inf,             inf,
        2.75420559e+04,  1.63364317e+04,  1.61007778e+04,  1.57503905e+04,
        1.52592385e+04,  1.45719200e+04,  1.69874066e+04,             inf,
                   inf,             inf,             inf,             inf,
        1.76257912e+04,             inf,             inf,             inf,
                   inf,             inf,  1.05015039e+04, -9.72280667e+00,
       -9.72280667e+00, -9.72280667e+00, -9.72280667e+00, -9.72280667e+00,
        1.14328049e+04, -9.72280667e+00, -9.72280667e+00, -9.72280667e+00,
       -9.72280667e+00, -9.72280667e+00, -2.55538366e+03, -9.29791892e+03,
       -5.15884341e+03, -1.09584524e+03,  2.48113442e+03,  4.68941649e+03,
        1.49183248e+04,  6.02469741e+03,  5.59686873e+03,  5.02515298e+03,
        4.27830376e+03,  3.29449738e+03,  1.99739358e+04,             inf,
                   inf,             inf,             inf,             inf,
       -6.94598062e+02, -1.80549966e+03, -1.82042995e+03, -1.84982750e+03,
       -1.89894108e+03, -1.97593415e+03, -7.72216837e+00, -7.72216837e+00,
       -7.72216837e+00, -7.72216837e+00, -7.72216837e+00, -7.72216837e+00,
       -9.97022359e+02, -1.66116014e+03, -1.67155497e+03, -1.69163929e+03,
       -1.72449407e+03, -1.77564177e+03, -2.26997432e+02,             inf,
                   inf,             inf,             inf,             inf,
       -6.65476736e+01,             inf,             inf,             inf,
                   inf,             inf, -8.34256483e+02, -1.69886699e+03,
       -1.72308698e+03, -1.75406052e+03, -1.79357452e+03, -1.84549822e+03,
       -1.60825266e+03, -7.72216837e+00, -7.72216837e+00, -7.72216837e+00,
       -7.72216837e+00, -7.72216837e+00, -7.32013608e+02, -1.82621863e+03,
       -1.84527261e+03, -1.87595442e+03, -1.92188954e+03, -1.98887141e+03,
       -1.21557130e+03, -1.72315162e+03, -1.65560498e+03, -1.59959933e+03,
       -1.56888411e+03, -1.58993364e+03, -3.18323111e+02, -1.22403991e+03,
       -1.21133175e+03, -1.22479762e+03, -1.27776694e+03, -1.39389991e+03])
max_GSS_Renorm: nan
