llh_GD_EXP: array([-180.52635421, -183.38914172, -179.80637637, -179.81258706,
       -179.6467054 , -195.13186946, -179.99886774, -178.45394103,
       -189.18548113, -179.99856108, -167.29991547, -167.66814197,
       -168.18481079, -188.47627942, -168.09603311, -167.30623592,
       -173.16228518, -168.2031465 , -168.21620652, -165.77326372,
       -198.56676093, -196.01237087, -200.82300222, -195.3049275 ,
       -197.91801282, -198.05447602, -200.94000513, -207.13330228,
       -204.18423084, -195.31358716, 6587.47378854, 6566.40106358,
       6584.03333268, 6554.14823692, 6578.1576725 , 6570.32651162,
       6587.57316837, 6583.32399625, 6592.05678664, 6586.37815931,
       -168.47074355, -168.90076635, -171.43365361, -177.05286073,
       -169.66150838, -176.25466993, -170.28945048, -171.01822816,
       -176.63087099, -167.07140128])
llh_GD_EXP_Renorm_alpha: array([  -231.94892053,   -229.32006423,   -210.00311535, -10688.92348075,
       -10593.40094125,   -202.28522629, -10785.98230465,   -186.56461286,
         -221.15475868,   -186.14250952,   -174.44274345,   -180.84094112,
       -11716.10131446,   -228.46006611,   -179.46340127, -11653.92002132,
         -182.69347259, -11716.10131446, -11716.10131446,   -172.55603701,
         -209.4829775 ,  -9128.44434561,   -249.98443644,  -9128.32852295,
         -226.8676758 ,   -209.4638443 ,   -251.00875166,   -205.2757816 ,
         -210.06010752,  -9128.36469573,   6562.85774902,   6535.74526431,
         6552.20726395,   6519.75212916,   6558.84238615,   6556.9457232 ,
         6559.42229575,   6559.67411031,   6562.20063292,   6554.56557346,
         -185.47603218,   -185.62842332,   -180.60867667,   -170.80970066,
         -192.72832703,   -204.65864651,   -195.93324622,   -197.51615127,
         -171.00687283,   -182.05939155])
llh_GD_EXP_Renorm_beta: array([  -184.69553639,   -186.90433008,   -186.27696357, -10685.23407102,
       -10786.73260004,   -198.29494432, -10655.26942818,   -184.32593135,
         -192.84417639,   -184.19976211,   -172.55691362,   -177.75967848,
       -11652.19771128,   -198.51094265,   -172.61893179, -11683.34664228,
         -176.96458425, -11583.45353089, -11682.80805875,   -175.52491736,
         -200.89729532,  -9030.44211247,   -202.81790412,  -9193.29514967,
         -200.09585268,   -199.44488294,   -200.94635953,   -205.32091137,
         -206.69814166,  -9160.70088496,   6565.50149948,   6542.44721291,
         6556.11818779,   6529.27855366,   6559.90334176,   6564.32946225,
         6562.0534299 ,   6563.50577465,   6564.50171021,   6558.60577626,
         -175.80265281,   -176.59177334,   -170.66694687,   -176.1747971 ,
         -175.32886196,   -170.97272104,   -176.80139659,   -175.92454385,
         -173.22486237,   -172.84785026])
llh_GD_EXP_Renorm_alphabeta: array([  -183.99672807,   -184.46077424,   -186.55978097,   -191.06391935,
         -199.02879235,   -211.94412751,   -189.13413388,   -192.24957621,
         -196.43807707,   -201.92744764,   -208.99902643,   -217.9957158 ,
         -184.65207794,   -183.99513374,   -184.4409583 ,   -186.42385385,
         -190.64616779,   -198.062896  , -10752.0557541 , -10786.64412445,
       -10819.15650031, -10851.13324348, -10851.13324348, -10819.10139829,
       -10818.51542149, -10851.13324348, -10851.13324348, -10851.13324348,
       -10851.13324348, -10817.85140475,   -198.8223823 ,   -199.36356517,
         -199.91876075,   -200.48824251,   -201.07228968,   -201.6711873 ,
       -10751.68519926, -10785.66891779, -10818.55322839, -10851.13324348,
       -10851.13324348, -10851.13324348,   -184.07929008,   -183.98491651,
         -184.05802579,   -184.3207209 ,   -184.80176061,   -185.53615011,
         -195.28858872,   -198.16613266,   -201.52957661,   -205.43879738,
         -209.96132362,   -215.17243497,   -184.34235326,   -184.52519836,
         -184.7509373 ,   -185.02241143,   -185.34265533,   -185.71488879,
         -172.61243923,   -172.7346512 ,   -172.92572141,   -173.18842395,
         -173.52611995,   -173.94273694,   -174.93964851,   -173.26646472,
         -172.57839087,   -172.83812927,   -174.13850436,   -176.69719218,
       -11683.21870174, -11685.23880225, -11716.10131446, -11716.10131446,
       -11716.10131446, -11716.10131446,   -201.7491174 ,   -205.28981932,
         -209.15798729,   -213.38025423,   -217.98480216,   -223.00117639,
         -172.5676659 ,   -172.80819354,   -173.36008657,   -174.25460344,
         -175.53386359,   -177.24978933, -11685.95738384, -11716.10131446,
       -11716.10131446, -11716.10131446, -11716.10131446, -11716.10131446,
         -177.60672824,   -178.30340332,   -179.05702161,   -179.8701118 ,
         -180.74532893,   -181.68546675, -11618.93697097, -11651.46603375,
       -11683.41230868, -11716.10131446, -11716.10131446, -11716.10131446,
       -11683.40163873, -11716.10131446, -11716.10131446, -11716.10131446,
       -11716.10131446, -11716.10131446,   -174.68812135,   -174.00049954,
         -173.45289176,   -173.0382846 ,   -172.75188816,   -172.59119706,
         -201.66820563,   -202.56843279,   -203.60845983,   -204.80148531,
         -206.16396382,   -207.71620852,  -9096.09598576,  -9130.37043113,
        -9161.44242799,  -9193.29514967,  -9193.29514967,  -9193.29514967,
         -205.33125651,   -208.67051606,   -213.08347495,   -218.92425871,
         -226.65202465,   -236.80816594,  -9193.29514967,  -9193.29514967,
        -9193.29514967,  -9193.29514967,  -9193.29514967,  -9193.29514967,
         -198.76673698,   -198.87273725,   -200.29834816,   -203.15354046,
         -207.83954815,   -215.22573541,   -200.11442482,   -200.99767158,
         -202.11043851,   -203.47570843,   -205.12529686,   -207.10228093,
         -203.1258727 ,   -206.21919753,   -210.50108927,   -216.41276396,
         -224.58641681,   -235.81845391,   -205.31445201,   -205.30799674,
         -205.30154555,   -205.29509845,   -205.28865542,   -205.28221647,
         -207.12827913,   -207.57415664,   -208.03632937,   -208.51538162,
         -209.01192741,   -209.52661104,  -9163.02862054,  -9193.29514967,
        -9193.29514967,  -9193.29514967,  -9193.29514967,  -9193.29514967,
         6565.18311114,   6564.84504722,   6564.4872582 ,   6564.10969142,
         6563.71229098,   6563.29499771,   6541.54392277,   6540.62288001,
         6539.68391613,   6538.72685659,   6537.7515206 ,   6536.75772104,
         6555.59540961,   6555.06075047,   6554.51415594,   6553.95556957,
         6553.38493289,   6552.80218529,   6527.99591149,   6526.68779357,
         6525.35384186,   6523.99368676,   6522.60694697,   6521.19322942,
         6559.75592802,   6559.60713325,   6559.45695582,   6559.30539408,
         6559.15244636,   6558.99811095,   6563.52445014,   6562.63720226,
         6561.66716472,   6560.61372056,   6559.47618483,   6558.25379878,
         6561.70792943,   6561.35235155,   6560.98666857,   6560.61085179,
         6560.22487145,   6559.82869675,   6563.03220846,   6562.53420122,
         6562.01166037,   6561.46448782,   6560.89257965,   6560.29582591,
         6564.2093438 ,   6563.90490577,   6563.58836857,   6563.2597034 ,
         6562.91888021,   6562.56586762,   6558.07475125,   6557.52846307,
         6556.96684325,   6556.3898204 ,   6555.79732008,   6555.18926472,
         -176.85230999,   -178.00860337,   -179.2740512 ,   -180.65112356,
         -182.14223932,   -183.7497673 ,   -177.60848765,   -178.71361037,
         -179.90897708,   -181.19638973,   -182.57761604,   -184.05439139,
         -170.56375416,   -170.90714714,   -171.73375781,   -173.08032838,
         -174.98388188,   -177.48131275,   -175.07826202,   -174.06996341,
         -173.16343843,   -172.371904  ,   -171.70797744,   -171.18353433,
         -176.96052015,   -178.86073641,   -181.0394647 ,   -183.5063454 ,
         -186.2707175 ,   -189.34170075,   -172.30864715,   -174.65127266,
         -178.09524697,   -182.7326868 ,   -188.65056805,   -195.9317004 ,
         -178.6651522 ,   -180.80326508,   -183.22524031,   -185.94028389,
         -188.95737593,   -192.28539499,   -177.89797783,   -180.219131  ,
         -182.90200329,   -185.96009302,   -189.40650868,   -193.25419291,
         -172.3170857 ,   -171.57850912,   -171.02690111,   -170.67876439,
         -170.54957418,   -170.65412466,   -173.69956705,   -174.69809566,
         -175.84825647,   -177.15482091,   -178.62248499,   -180.25584665])
max_EXP_Renorm: 6565.501499482891
llh_GD_PWL: array([-180.11435196, -180.10437422, -179.81448854, -180.39432805,
       -180.05486876, -179.0540074 , -180.73981515, -180.09290546,
       -179.89713483, -180.56738039, -169.21525245, -168.29218011,
       -169.42176895, -168.31184235, -168.89889913, -168.42484551,
       -168.3780696 , -168.16309924, -168.40809017, -168.26580331,
       -196.54250277, -183.40608819, -197.13303214, -196.77395721,
       -196.97066934, -196.29647364, -193.88174715, -196.59661644,
       -196.15625835, -197.20564855, 5288.92363324, 5228.1083799 ,
       5361.03698984, 5349.2619515 , 5276.09121167, 5329.17980188,
       5109.94765517, 5334.0368082 , 5271.74177868, 5331.56063475,
       -170.13690977, -169.17092105, -170.59935658, -169.65236062,
       -181.71054983, -178.13323548, -169.51028328, -168.69591922,
       -172.64038601, -188.16051474])
llh_GD_PWL_Renorm_K: array([  -212.93732912,   -209.51578674,  -6295.75913728,   -213.89191958,
         -215.65842631, -10851.13324348,   -212.52722479,   -253.51475836,
         -597.0690757 ,   -208.40047679,   -203.40574841,   -770.32808383,
         -214.17093585,   -527.25617862,   -210.44292379, -11716.10131446,
        -7502.07698596, -11716.10131446,   -399.51946883,  -1297.61823009,
         -416.57170233,  -9193.29514967,   -294.07761961,   -229.55564222,
         -460.98114778,   -371.27670372,  -9193.29514967,   -302.90088156,
        -1489.50420605,   -238.24612583,   3947.82756732,  -1760.96342632,
         3994.12301092,   5844.15332053,  -6606.76596709,   5944.22915508,
       -75965.2170003 ,  -3483.09436687,   6338.6980172 ,   6084.65529141,
         -741.27509706,   -241.42075254,   -670.54840205,   -181.7407839 ,
         -194.21212262,   -225.6091312 ,   -178.64636967,   -212.05270423,
         -185.42404197,   -612.9284114 ])
llh_GD_PWL_Renorm_c: array([ -445.39907307,  -421.71486729,  -540.97739729,  -385.42601331,
        -465.21533544, -4221.3343447 ,  -342.8790511 ,  -300.17404285,
        -567.58816763,  -331.61350075,  -334.61427848,  -462.96570746,
        -447.63058971,  -570.07907058,  -437.29246111, -1635.1298504 ,
        -603.75951557, -9019.24731695,  -557.37406199,  -619.85846495,
        -382.15396392, -5757.90304261,  -434.63942849,  -361.38347124,
        -333.12168139,  -442.74442374, -4744.48030643,  -373.02668648,
        -409.37863438,  -369.02517268,  6487.38333246,  6447.03686757,
        6472.84212501,  6514.16188838,  6402.95123413,  6493.12516121,
        5973.62724758,  6371.23709957,  6337.2840189 ,  6486.64505194,
        -214.40805908,  -185.94045179,  -214.82458705,  -184.26927137,
        -207.08499456,  -208.89532019,  -184.31116804,  -179.36761887,
        -204.47889732,  -210.62071829])
lllh_GD_PWL_Renorm_p: array([  -385.55211656,   -364.72960026,   -554.35131604,   -312.5858443 ,
         -435.46842152,  -4079.1109898 ,   -253.78646698,   -231.5615032 ,
         -572.5674189 ,   -241.53309766,   -241.92803546,   -448.7829154 ,
         -382.34049223,   -568.98885297,   -350.4525894 ,   -752.01024786,
         -601.93596102, -10906.74518231,   -551.80802415,   -619.64619184,
         -334.98479441,  -8779.60857316,   -387.0958475 ,   -281.88959645,
         -276.72668874,   -411.36404552,  -7458.54563936,   -313.05297603,
         -393.45154691,   -289.69996022,   6119.06164914,   6017.42154284,
         6150.60752442,   6241.61466918,   6100.62848993,   6209.02402543,
         6125.68420851,   6071.14640948,   6135.8316037 ,   6222.7781595 ,
         -181.561576  ,   -184.80371586,   -177.61882833,   -172.73339296,
         -175.56053496,   -177.1158903 ,   -172.38467599,   -184.07350274,
         -178.19043456,   -205.18884313])
llh_GD_PWL_Renorm_Kc: array([  -413.88352714,   -375.84748968,   -337.02616653,   -299.1550788 ,
         -264.27453126,   -234.68569042,   -381.71513678,   -342.51428737,
         -304.42899071,   -269.61785026,   -240.46089648,   -219.51452533,
        -1235.46012717,  -1564.93924563,  -2131.106239  ,  -3066.20522173,
        -4431.71163175,  -5948.42019285,   -350.09487653,   -317.04610547,
         -286.02106687,   -258.53041931,   -236.19006806,   -220.70777737,
         -420.15118243,   -374.1230103 ,   -327.80263418,   -284.63805354,
         -248.61062587,   -224.06467177,  -5784.90408758,  -7401.0172819 ,
        -9060.02534502, -10274.13502825, -10786.73596936, -10851.13324348,
         -317.45671205,   -293.23845042,   -270.740577  ,   -250.66278309,
         -233.74321406,   -220.75832836,   -272.51518635,   -249.81192257,
         -233.08914021,   -223.72784595,   -223.09545103,   -232.56080043,
         -561.66200646,   -498.27941634,   -422.31124115,   -358.02051501,
         -341.4818362 ,   -411.00622953,   -308.03190319,   -285.23439249,
         -264.08999343,   -245.19286076,   -229.16807871,   -216.67278676,
         -300.24800259,   -271.69255141,   -246.59715001,   -226.05984586,
         -211.21424409,   -203.2442141 ,   -482.12627581,   -421.71807138,
         -379.10291607,   -375.01851028,   -429.93753483,   -559.43868227,
         -404.28683036,   -361.15486403,   -319.07864233,   -280.54306812,
         -248.25665133,   -225.1053862 ,   -550.40751551,   -475.69689986,
         -393.01874658,   -327.00441583,   -308.68646572,   -367.74211785,
         -404.50516934,   -366.52149419,   -328.60830924,   -292.27306662,
         -259.20288475,   -231.25017422,  -3321.77146075,  -5985.61523437,
        -9491.05517048, -11071.40555711, -11685.05344113, -11716.10131446,
        -1178.41556317,  -1474.14945743,  -1992.27168111,  -2910.43814707,
        -4389.04037706,  -6310.85169044, -10710.51691247, -11523.27116796,
       -11716.10131446, -11716.10131446, -11716.10131446, -11716.10131446,
         -522.80420034,   -450.07960776,   -372.14861408,   -307.02076073,
         -276.24710036,   -300.85326795,   -672.19406341,   -634.93107119,
         -579.23592589,   -543.82980536,   -599.31004337,   -832.60674292,
         -367.53390964,   -328.96083186,   -301.05445826,   -290.24929531,
         -302.56483297,   -343.24498241,  -6681.33747358,  -7316.13807972,
        -8190.3690293 ,  -8650.0509904 ,  -8935.94215675,  -9100.25745539,
         -400.89167378,   -357.80399446,   -317.65402504,   -285.67908281,
         -267.41677619,   -268.39720199,   -328.32720217,   -299.17633208,
         -273.01699855,   -251.38693069,   -235.85551658,   -228.02519391,
         -339.48890821,   -314.30970929,   -301.9866308 ,   -306.93672091,
         -333.07752384,   -383.63203369,   -414.10854529,   -363.91663748,
         -318.82847919,   -288.02126569,   -280.87863382,   -306.0866109 ,
        -7751.1919019 ,  -9063.62097794,  -9193.29514967,  -9193.29514967,
        -9193.29514967,  -9193.29514967,   -341.9820858 ,   -306.60638521,
         -278.06663664,   -260.00162349,   -255.92225874,   -269.16016751,
         -593.09924415,   -599.57702378,   -640.47776536,   -736.60215912,
         -908.55404113,  -1167.37495755,   -337.16048198,   -307.79778232,
         -281.35773659,   -259.48034327,   -243.84836144,   -236.17965693,
         6167.14535465,   5959.54010046,   5691.36840627,   5358.92778425,
         4959.00551409,   4489.12476954,   4675.62466153,   3967.61728231,
         3091.15774644,   2053.35609132,    872.38042057,   -417.45292848,
         6148.55648311,   5970.2941463 ,   5727.75598406,   5415.144199  ,
         5026.30906016,   4554.82834631,   6483.11364116,   6435.86313637,
         6366.95672356,   6274.90008379,   6158.1478493 ,   6015.10892729,
         3338.63155651,   2326.94561019,   1025.50676776,   -557.70281202,
        -2397.8857765 ,  -4444.22009511,   6493.25413407,   6456.68680498,
         6399.93733779,   6321.68078413,   6220.56321839,   6095.20891869,
       -34863.21606156, -45540.74173814, -57902.3220688 , -70929.7614608 ,
       -82302.97879491, -87163.33322808,   4412.67850809,   3749.85088991,
         2843.01063226,   1676.02859692,    236.09430399,  -1484.28735769,
         6449.83608314,   6483.18046427,   6497.98787708,   6492.65530338,
         6465.50629115,   6414.7927117 ,   6500.51309023,   6476.2433905 ,
         6435.36521157,   6376.84044162,   6299.60599963,   6202.57774565,
         -365.75414429,   -398.12884911,   -441.57406949,   -497.04074453,
         -565.26167585,   -646.66652442,   -196.26343891,   -199.36805864,
         -204.09512361,   -210.55331085,   -218.85262308,   -229.10431084,
         -340.45481469,   -366.6331668 ,   -403.10383855,   -450.92153459,
         -511.00289885,   -584.06530878,   -183.23130613,   -182.21651862,
         -181.49044932,   -181.06626896,   -180.95741299,   -181.1775889 ,
         -200.89695476,   -195.61298883,   -191.74904638,   -189.48502642,
         -189.00873178,   -190.51619474,   -206.60946382,   -202.21801615,
         -200.360721  ,   -201.39351897,   -205.68670196,   -213.6251937 ,
         -182.98091509,   -181.80209102,   -180.79669099,   -179.97147596,
         -179.33332707,   -178.88924837,   -184.3507136 ,   -186.23427146,
         -189.13502483,   -193.10951545,   -198.21508002,   -204.50984399,
         -201.51521142,   -198.30936505,   -195.29577349,   -192.48717248,
         -189.89665236,   -187.53766672,   -273.74556171,   -281.84673135,
         -306.10107199,   -349.43662156,   -414.23712506,   -502.00983452])
llh_GD_PWL_Renorm_Kp: array([  -329.15067608,   -278.46784646,   -239.32632581,   -214.70179782,
         -203.8466264 ,   -203.98351389,   -308.26555523,   -258.30354626,
         -220.79734903,   -199.09178537,   -192.33860084,   -196.69713023,
         -465.88871322,   -333.13637122,   -208.42011493,   -231.4707364 ,
         -718.8187827 ,  -2365.86813652,   -268.12901469,   -231.97992237,
         -207.18509427,   -194.72597969,   -193.1497319 ,   -199.86581334,
         -369.37032904,   -302.33594551,   -244.77704018,   -206.54944332,
         -191.97157518,   -196.94513407,  -8740.23733989, -10686.54473459,
       -10754.44736504, -10819.87850155, -10851.13324348, -10851.13324348,
         -229.05988941,   -211.17571417,   -200.29728236,   -195.80937209,
         -196.71136954,   -202.26725749,   -204.6016897 ,   -189.64064248,
         -187.56174993,   -196.93354667,   -214.01632526,   -234.04652064,
         -514.97645091,   -423.17880826,   -308.26722261,   -210.62538237,
         -199.51795371,   -344.12355113,   -221.18574425,   -206.98261319,
         -198.64186197,   -195.37837571,   -196.27495186,   -200.68073395,
         -212.47375745,   -192.75367445,   -182.83148696,   -181.20355081,
         -185.41127107,   -193.18965573,   -355.72340282,   -260.88810838,
         -192.33100892,   -188.94010299,   -291.1954287 ,   -508.86319168,
         -320.77395793,   -264.68403607,   -221.13225277,   -195.12877174,
         -187.31680383,   -194.31199306,   -497.02997285,   -394.1296475 ,
         -278.59726114,   -193.08215005,   -197.65830406,   -331.87874935,
         -298.45481115,   -254.61689662,   -222.6940879 ,   -203.90921126,
         -196.9846544 ,   -199.69049723,   -948.49529058,  -9096.23248194,
       -11194.3314629 , -11650.59192506, -11716.10131446, -11716.10131446,
         -526.0252082 ,   -390.91616793,   -235.52193726,   -207.104729  ,
         -670.9688065 ,  -2521.60653702, -11394.94207213, -11650.18125369,
       -11716.10131446, -11716.10131446, -11716.10131446, -11716.10131446,
         -477.63741962,   -378.63840061,   -272.86491102,   -195.44616883,
         -189.86333389,   -276.11057244,   -571.479625  ,   -477.12554158,
         -337.42019523,   -206.56612675,   -213.59035782,   -560.63089572,
         -276.87950178,   -229.69044588,   -205.78125962,   -216.46361138,
         -265.54262097,   -341.13207466,  -9032.23351334,  -9095.31666193,
        -9100.13639436,  -9162.47958939,  -9193.29514967,  -9193.29514967,
         -327.71561982,   -270.81934048,   -227.21988891,   -207.82701437,
         -218.30644139,   -252.29416333,   -247.78079773,   -223.04499648,
         -209.326345  ,   -205.95940941,   -210.18411492,   -218.69745619,
         -234.05269032,   -208.32163814,   -208.29546694,   -240.09860617,
         -302.61297681,   -383.32393587,   -344.69746745,   -277.25199417,
         -224.68806314,   -205.40560382,   -232.44435461,   -298.68829361,
        -8841.84726326,  -9097.44815748,  -9193.29514967,  -9193.29514967,
        -9193.29514967,  -9193.29514967,   -264.11298828,   -226.19953056,
         -206.57197981,   -209.64591877,   -233.50694734,   -268.56360095,
         -313.59927035,   -239.92394733,   -204.84649734,   -258.35066465,
         -468.00385822,   -892.08026451,   -253.76308848,   -226.82111486,
         -211.29585074,   -207.37194056,   -212.68863076,   -223.68484167,
         6092.32535017,   5947.48385136,   5684.99103992,   5318.35866329,
         4876.58088607,   4402.89689734,   6035.83235249,   5749.11352113,
         5077.66177944,   3958.77897977,   2377.71677183,    407.71415909,
         6262.24385987,   6260.46183879,   6124.32905201,   5836.30319357,
         5386.94854767,   4779.79438875,   6250.45135065,   6225.99581606,
         6173.15449371,   6099.17958912,   6013.21230341,   5925.20331364,
         6156.15176304,   5828.95450685,   4967.87239041,   3399.75200785,
          960.68648905,  -2426.82431438,   6213.89338801,   6194.36171709,
         6156.03587413,   6105.48845724,   6049.51176681,   5994.22289037,
         5886.03105601,   4454.76023552,    955.18562711,  -6048.30512903,
       -18830.06238409, -40739.77860278,   6262.14797007,   6173.75992952,
         5689.7137274 ,   4665.34154595,   2931.64074286,    309.31439319,
         6212.98079268,   6265.71867441,   6299.00988754,   6318.34779067,
         6328.91678961,   6334.83113318,   6231.90610009,   6224.15517999,
         6203.90173155,   6175.79808564,   6144.27053552,   6113.02177467,
         -203.64551793,   -245.09255075,   -308.48695135,   -394.67017552,
         -501.26435288,   -621.0560587 ,   -191.49637284,   -199.30916101,
         -207.81312676,   -216.58054127,   -225.24261638,   -233.54966321,
         -193.96177593,   -228.15173816,   -282.72352313,   -358.64452258,
         -453.89916734,   -561.86620832,   -173.43267751,   -174.31202367,
         -175.37532311,   -176.63233629,   -178.09831065,   -179.79323716,
         -172.93619154,   -172.58632641,   -174.15145787,   -177.23357823,
         -181.53549509,   -187.04324032,   -173.59172226,   -174.71729418,
         -180.08960045,   -188.85274345,   -199.85344499,   -212.09528248,
         -172.83923782,   -173.43095834,   -174.16437265,   -175.04535426,
         -176.08083775,   -177.2784933 ,   -187.86165214,   -191.92302338,
         -196.1004933 ,   -200.26708667,   -204.3354576 ,   -208.26314726,
         -178.10747866,   -178.37247115,   -178.99769265,   -179.99823514,
         -181.39107232,   -183.19392572,   -181.95919783,   -179.62869176,
         -206.34871533,   -268.46990138,   -366.35919151,   -489.11549712])
max_PWL_Renorm: 6514.161888380866
llh_GD_QEXP: array([ 1844.42560605,  3091.10542942,  1596.35846998,  2829.37880675,
        1637.44993541,  2658.97378505,  2834.35385393,   750.52332755,
        3057.37345418,  2594.1633103 ,  3014.76119228,  1696.21053981,
        2826.63468923,  2834.92899984,  3161.85890678,  3075.08923797,
        2798.49179976,  2764.9538988 ,  2952.7358859 ,  3021.62754943,
        2323.7672133 ,  2244.39233124,  2326.42340663,  2272.08135678,
        2550.6221682 ,  2238.18879365,  2314.96422243,  1236.33693757,
        2286.7203551 ,  2274.13810564, 30931.37761439, 33653.09442571,
       26796.00455833, 31991.17048006, 30605.02778339, 31834.2687274 ,
       30939.6169753 , 23144.65026334, 30762.06232491, 31731.53625943,
        1942.56783967,  1951.8625739 ,  1848.49812744,  1953.61863758,
        2106.14143471,  1839.93669986,  2099.60785524,  1909.58684402,
        1779.49407709,  1877.95802815])
llh_GD_QEXP_Renorm_a: array([  700.71972904,   848.88159504,   635.22871034,   841.20904152,
         638.59482409,   836.54526561,   825.61377571,    90.05212721,
         846.36004841,   827.79587958,   910.86072966,   670.41857002,
         910.66866662,   910.16517731,   933.42266496,   932.04182118,
         911.06019787,   908.29181509,   931.44712123,   911.94785365,
         655.11809836,   666.76298693,   666.49197366,   666.00433758,
         679.33465931,   665.44432949,   672.57985789,   436.57169631,
         652.49035497,   656.56599491, 13952.98013619, 14277.09862582,
       13536.527812  , 14130.27727217, 13991.36148849, 14003.95999086,
       13955.411857  , 12727.61815765, 13947.69669462, 14012.76424517,
         522.55726291,   525.44256883,   521.33214337,   522.25096336,
         546.84045181,   525.84961593,   536.71321739,   524.06897986,
         514.44442457,   530.22279432])
lllh_GD_QEXP_Renorm_q: array([ 2017.57062901,  3119.63352746,  1826.40908253,  2865.69858305,
        1865.52634686,  2700.04966064,  2886.65344797,   991.6157942 ,
        3087.05634825,  2644.44013884,  3077.75197311,  1981.3856701 ,
        2888.94525348,  2899.74524768,  3202.12205134,  3117.56848853,
        2860.81218653,  2830.82232155,  2996.03343524,  3083.75483128,
        2369.88200544,  2274.99713593,  2359.06142841,  2305.15503154,
        2571.29100627,  2270.93409705,  2342.19830991,  1481.96384494,
        2335.73608517,  2318.13610784, 31467.20836313, 33860.15487344,
       27741.81594112, 32348.26394969, 31101.66375897, 32318.5902342 ,
       31472.77882285, 24847.38810518, 31303.09375261, 32206.8116517 ,
        1973.13023458,  1979.25833148,  1880.70212545,  1983.79530251,
        2111.53082959,  1866.05444541,  2113.99150245,  1938.70551218,
        1816.69609711,  1899.73000535])
llh_GD_QEXP_Renorm_aq: array([ 1848.90785526,  1677.49269098,  1501.80278916,  1319.61330806,
        1127.86096635,   922.77067738,  2799.16418499,  2478.59649443,
        2157.77238353,  1836.28842694,  1513.13586808,  1185.86875339,
        1678.86789247,  1527.10259016,  1369.40722772,  1203.62665394,
        1027.30208117,   838.16519267,  2581.41828446,  2296.95062019,
        2012.04750345,  1726.14459804,  1437.98378723,  1144.84777182,
        1713.3779907 ,  1557.09566392,  1394.90048866,  1224.48838248,
        1043.15173874,   848.28607013,  2439.3311049 ,  2178.34213472,
        1916.77009916,  1653.95541665,  1388.53439564,  1117.7773578 ,
        2599.31977492,  2311.7207538 ,  2023.49999653,  1733.84131432,
        1440.9176704 ,  1140.79275949,   836.74178883,   689.42888079,
         551.18890122,   422.51290466,   303.16317099,   192.55084176,
        2771.22916304,  2455.28878857,  2139.0576067 ,  1822.08894043,
        1503.28235972,  1180.01082711,  2391.56464889,  2138.33073153,
        1884.3437299 ,  1628.79318142,  1370.05030473,  1104.95660501,
        2776.58412831,  2475.06947789,  2172.7645231 ,  1868.682217  ,
        1560.67733135,  1244.27234047,  1821.32399352,  1655.84671615,
        1482.89896757,  1300.00479398,  1104.56970811,   894.65284094,
        2614.6023206 ,  2339.81394187,  2064.0874974 ,  1786.4101583 ,
        1504.7475073 ,  1215.17134404,  2623.86563867,  2347.54273957,
        2070.28215447,  1791.0629085 ,  1507.82539748,  1216.57675364,
        2883.34251678,  2564.38360917,  2244.99328278,  1924.57833361,
        1601.77116611,  1273.51966421,  2810.83412326,  2503.8902655 ,
        2196.46009695,  1887.9148241 ,  1576.8550814 ,  1260.26591434,
        2590.46443535,  2319.65849035,  2047.89884081,  1774.17856412,
        1496.49834883,  1211.04088747,  2564.70432093,  2298.08785579,
        2030.447083  ,  1760.72748914,  1486.86371832,  1204.96972836,
        2706.60639115,  2416.92860562,  2126.69758212,  1835.26022108,
        1541.23439562,  1241.78656573,  2781.73873373,  2479.38519044,
        2176.26064774,  1871.39754237,  1562.68687162,  1245.71216283,
        2131.1962371 ,  1892.25963027,  1652.7459069 ,  1411.92167684,
        1168.17670041,   918.11365772,  2049.87667437,  1824.5400126 ,
        1598.72976605,  1371.89440182,  1142.87626781,   909.32525967,
        2121.97123321,  1884.69218315,  1646.98052616,  1408.29005901,
        1167.42246373,   921.83732484,  2075.73771057,  1846.11009765,
        1616.01442865,  1384.88951254,  1151.53892954,   913.49733871,
        2303.98644511,  2036.60289537,  1769.01663747,  1500.91687914,
        1231.53857328,   959.05483194,  2046.38373071,  1821.60684813,
        1596.3349235 ,  1369.99396426,  1141.38244596,   908.06932225,
        2107.54009553,  1872.72324086,  1637.54607656,  1401.5602586 ,
        1163.78866712,   922.16710072,  1355.71483968,  1224.61562928,
        1086.92765671,   940.64937168,   783.86200588,   615.49036029,
        2101.89362394,  1867.76865288,  1633.00566718,  1396.82059857,
        1157.52502075,   911.6287907 ,  2086.81886596,  1855.2366028 ,
        1623.06107117,  1389.57432522,  1153.24176356,   910.90794952,
       29030.59284866, 26590.70227605, 24143.77190175, 21681.88369047,
       19188.7321146 , 16632.03640337, 31084.25545037, 28307.6558916 ,
       25529.37206633, 22747.07168873, 19955.26752451, 17141.26672144,
       25825.47145304, 23898.62612253, 21953.03715969, 19974.47993682,
       17939.24365923, 15810.23683698, 29787.35338662, 27224.68261811,
       24658.0588601 , 22082.64554047, 19487.93630875, 16851.76845155,
       28717.26712401, 26329.70912896, 23935.47041427, 21527.26759836,
       19090.32557696, 16595.76801017, 29761.22307926, 27201.30191611,
       24635.65819945, 22057.33912226, 19451.38404916, 16786.7589598 ,
       29035.38864691, 26594.74385465, 24147.10110506, 21684.58461991,
       19190.96904526, 16634.11451173, 23299.46190459, 21723.81681364,
       20105.9165747 , 18425.17623102, 16654.54736693, 14763.32643306,
       28889.75707042, 26473.02556195, 24049.05456551, 21609.82277624,
       19138.94708891, 16604.26735348, 29665.40007924, 27121.44683046,
       24571.82864206, 22009.72670049, 19420.53871932, 16774.10389788,
        1770.25318269,  1567.20690563,  1363.7686186 ,  1159.43407869,
         953.08801435,   742.35687425,  1775.52162666,  1571.63386093,
        1367.39466254,  1162.34839914,   955.48194953,   744.62414002,
        1690.97269978,  1501.03077845,  1310.62463216,  1119.21710992,
         925.68801608,   727.78916611,  1779.39806236,  1574.83362978,
        1369.87929038,  1164.02758491,   956.14875029,   743.82326546,
        1889.00017751,  1666.44072982,  1443.80899266,  1220.9984287 ,
         997.75365791,   773.47928716,  1678.43763507,  1490.63365373,
        1302.42426098,  1113.34743014,   922.446024  ,   727.80627435,
        1891.08284267,  1668.10673399,  1444.95966437,  1221.38498216,
         996.75962999,   769.61891014,  1740.73757953,  1542.59710831,
        1344.06547455,  1144.65832072,   943.32646253,   737.88038225,
        1636.01176156,  1455.03311704,  1273.43771501,  1090.56644442,
         905.10476003,   714.53894977,  1707.34561832,  1514.81422024,
        1321.95740964,  1128.38897691,   933.29006242,   734.98113709])
max_QEXP_Renorm: 33860.15487344394
llh_GD_RAY: array([-175.82630602, -178.10685711, -178.80789557, -179.07735149,
       -179.22152436, -182.33163954, -176.54694916, -207.45298831,
       -177.16762767, -294.66924717, -169.01860907, -165.90278807,
       -168.60699513, -167.52823781, -168.69385079, -167.41140585,
       -171.7029683 , -168.38503529, -168.95865152, -167.6651145 ,
       -199.44829393, -210.12202566, -192.08247761, -193.45561425,
       -193.56833168, -193.70241583, -288.68361969, -198.23253287,
       -194.38737744, -194.97521723, 6548.5852953 , 6549.1442608 ,
       6556.63986756, 6525.35984247, 6401.67245263, 6538.63550959,
       6502.82277687, 4149.19247577, 6529.43543281, 6557.03724425,
       -169.6108358 , -169.68927901, -167.3912254 , -166.58911471,
       -164.77795387, -166.84996056, -165.73754778, -166.75968799,
       -168.07022829, -171.64239299])
llh_GD_RAY_Renorm_gamma: array([-192.86010298, -203.32605931, -192.56956843, -197.47596684,
       -206.29129444, -195.19850769, -201.13517158, -192.03593239,
       -191.21785182, -188.69902579, -212.76337811, -180.92952346,
       -199.6594321 , -179.01086901, -198.6259957 , -198.4823557 ,
       -201.28909068, -189.47913625, -201.30931445, -182.89182588,
       -215.31593557, -208.34035612, -201.12281912, -213.83773926,
       -220.1834274 , -220.91258382, -202.97230353, -218.84317761,
       -230.62168481, -212.16502051, 6533.37756208, 6533.22894947,
       6542.86952032, 6547.89448961, 6529.92677463, 6523.06809919,
       6536.34863746, 6105.81807448, 6512.50801038, 6549.97236035,
       -205.85313575, -195.03339501, -197.07479044, -193.44324882,
       -181.95064064, -191.37459517, -188.35763532, -191.21450206,
       -199.29741074, -210.13663787])
llh_GD_RAY_Renorm_eta: array([-186.85538523, -191.54059948, -188.72941359, -190.11697876,
       -193.50845884, -191.66120046, -189.15430906, -187.13322699,
       -187.13680002, -184.74037654, -180.0923275 , -173.5615677 ,
       -178.37756451, -174.41225124, -178.33581864, -175.49507102,
       -184.0575609 , -176.39938789, -179.25758076, -175.63363005,
       -207.43687328, -203.3165767 , -202.08683401, -202.75028389,
       -202.23799567, -202.46835897, -201.68487918, -209.07777376,
       -200.86084466, -203.15943517, 6538.32780316, 6540.34515946,
       6544.35782882, 6543.72737655, 6514.91657006, 6525.78873272,
       6529.92678942, 5433.48293221, 6517.17345532, 6548.82786451,
       -189.87868415, -186.64426338, -183.060106  , -181.67845493,
       -178.56998736, -180.33416679, -182.02865536, -184.29212117,
       -186.9087577 , -184.47373009])
llh_GD_RAY_Renorm_gammaeta: array([-187.42123415, -188.06846019, -188.80411088, -189.63726184,
       -190.57978294, -191.64729034, -192.65450009, -193.91350103,
       -195.34191586, -196.96742374, -198.81984406, -200.92957208,
       -189.17176452, -189.64536208, -190.15232624, -190.69512676,
       -191.27663633, -191.90017917, -190.87953943, -191.71919401,
       -192.64559982, -193.67029719, -194.80668937, -196.06982197,
       -194.75637848, -196.15943476, -197.73982517, -199.52069024,
       -201.52508746, -203.7750992 , -192.09520999, -192.55058536,
       -193.02866972, -193.53091045, -194.05885527, -194.61414569,
       -190.18958853, -191.38563825, -192.77217861, -194.38848186,
       -196.28331195, -198.51258607, -187.6322669 , -188.18918876,
       -188.80830782, -189.49496409, -190.25583581, -191.09931968,
       -187.57074097, -188.04864047, -188.57327984, -189.14800142,
       -189.77685767, -190.46479341, -184.92866682, -185.21828376,
       -185.62504261, -186.16298546, -186.84480941, -187.68423408,
       -182.93740899, -186.38516351, -190.44658551, -195.11413627,
       -200.38015097, -206.25252512, -174.16999222, -174.89139208,
       -175.74709482, -176.75864935, -177.94702685, -179.33168908,
       -180.2757981 , -182.53701964, -185.18206897, -188.21954832,
       -191.64823565, -195.46265337, -174.88160948, -175.40454319,
       -175.98651748, -176.63295771, -177.349164  , -178.14021625,
       -180.16268524, -182.32936721, -184.8556379 , -187.75040133,
       -191.01343639, -194.63992694, -177.12481261, -179.22489753,
       -181.8684412 , -185.10541031, -188.95648961, -193.41872949,
       -185.97673499, -188.07873898, -190.36279563, -192.82712926,
       -195.46996265, -198.29040197, -177.57345343, -178.95331955,
       -180.55883552, -182.40591505, -184.50545742, -186.86295318,
       -181.29154518, -183.68748066, -186.45977818, -189.6119486 ,
       -193.14031535, -197.03978783, -176.35325356, -177.16592222,
       -178.07997614, -179.10318796, -180.24251569, -181.50385498,
       -208.31763782, -209.27451304, -210.31081636, -211.4298177 ,
       -212.63477816, -213.92900756, -203.82427115, -204.39480129,
       -205.03238243, -205.74134578, -206.52607983, -207.39097145,
       -201.81656349, -201.51385006, -201.22320813, -200.9923248 ,
       -200.86866228, -200.89760118, -203.58766825, -204.63007754,
       -205.90335026, -207.43436418, -209.24989536, -211.37589688,
       -203.2720782 , -204.69514559, -206.57810507, -208.99559404,
       -212.02064111, -215.72435621, -203.57519584, -205.07504308,
       -207.03695313, -209.53222801, -212.63000753, -216.39840781,
       -201.33292186, -201.03670915, -200.87211308, -200.91182863,
       -201.22547657, -201.88491225, -210.17066488, -211.35745405,
       -212.64211705, -214.02868825, -215.52135888, -217.12458329,
       -201.11034329, -202.10526773, -204.13217794, -207.56388214,
       -212.82589517, -220.34151726, -203.92651824, -204.84134038,
       -205.91899035, -207.17495572, -208.62465944, -210.28313777,
       6537.64707977, 6536.95765176, 6536.25945036, 6535.55240758,
       6534.83645618, 6534.11152962, 6539.3843881 , 6538.40536962,
       6537.40788259, 6536.39170936, 6535.35663591, 6534.30245171,
       6544.14815426, 6543.93750487, 6543.72587737, 6543.51326844,
       6543.2996748 , 6543.08509318, 6544.34750767, 6544.95921955,
       6545.56259725, 6546.1577265 , 6546.74469364, 6547.32358557,
       6517.24615433, 6519.51244873, 6521.71636936, 6523.85883601,
       6525.94077214, 6527.96310632, 6525.40627708, 6525.02176255,
       6524.63518319, 6524.24653309, 6523.85580633, 6523.46299699,
       6530.88647821, 6531.83186994, 6532.76308517, 6533.68024569,
       6534.58347461, 6535.47289649, 5562.99201219, 5680.77240394,
       5787.0314832 , 5882.12876834, 5966.54557585, 6040.87228605,
       6516.52224001, 6515.86596645, 6515.20461418, 6514.53816279,
       6513.86659189, 6513.18988117, 6548.99343198, 6549.15830615,
       6549.32248938, 6549.48598405, 6549.64879252, 6549.81091716,
       -191.71056153, -193.69820088, -195.83788365, -198.12597459,
       -200.55940878, -203.13577934, -187.63157207, -188.68989073,
       -189.81925084, -191.01919509, -192.28890706, -193.62734949,
       -184.3690397 , -185.89827802, -187.66108879, -189.6630301 ,
       -191.90306857, -194.37592482, -182.72192556, -183.95324926,
       -185.3938111 , -187.05861572, -188.955331  , -191.08486406,
       -178.90910626, -179.28563769, -179.70466698, -180.17260764,
       -180.6970936 , -181.28671931, -181.22145865, -182.29054174,
       -183.57681557, -185.11128159, -186.91632204, -189.00358618,
       -182.69385324, -183.43121852, -184.24617113, -185.14328413,
       -186.1261139 , -187.19711327, -185.07813335, -185.92990326,
       -186.84918344, -187.83706958, -188.89403762, -190.02001837,
       -188.29394925, -189.81030151, -191.45690709, -193.23163567,
       -195.13176016, -197.15450483, -186.74281611, -189.49067376,
       -192.7200756 , -196.41583398, -200.5592549 , -205.13625683])
max_RAY_Renorm: 6549.97236034546
llh_GD_GSS: array([-180.78330168, -178.18591687, -174.92050067, -178.98730739,
       -177.22423057, -175.70945906, -173.76259523, -175.38623243,
       -262.88802553, -173.5592045 , -173.28749872, -165.81569198,
       -166.62692483, -171.47939562, -165.2435215 , -166.86568637,
       -164.83505327, -166.5104111 , -167.5038454 , -167.84289079,
       -194.14749542, -190.16354348, -192.81527948, -192.22802584,
       -196.53554933, -194.92801295, -192.76331633, -194.24018611,
       -197.5361933 , -217.72207794, 6590.16887052, 6588.57892203,
       6551.49406158, 6589.57111229, 6591.71023167, 6591.50237449,
       6594.92987309, 6576.16347895, 6585.5746211 , 6589.30829853,
       -177.00506271, -166.75473322, -172.97885476, -168.12533978,
       -166.0816144 , -178.68807888, -168.92213887, -210.84738231,
       -171.8188182 , -175.80189571])
llh_GD_GSS_Renorm_kappa: array([-208.59306438, -209.11150641, -203.83668343, -219.8591372 ,
       -204.45793389, -197.43523307, -211.72241869, -200.90504038,
       -221.57333884, -215.06231848, -195.55855827, -191.27498697,
       -198.9314918 , -288.92107704, -186.25290274, -194.3228623 ,
       -179.31001504, -205.99667846, -207.18259639, -213.68786218,
       -222.18522233, -217.85254942, -245.83941048, -220.88642578,
       -218.90313938, -214.19186655, -212.23762578, -218.08310218,
       -274.1115128 , -247.84229354, 6570.33684109, 6570.58800644,
       6561.33799853, 6571.89771164, 6571.27382238, 6571.76882367,
       6569.35101873, 6552.32824525, 6565.54463914, 6572.2536076 ,
       -236.12584206, -202.62662984, -213.91279611, -202.3040691 ,
       -197.46612748, -242.94372718, -200.31333152, -227.09598809,
       -211.83571675, -229.52150428])
llh_GD_GSS_Renorm_tau: array([-263.77325316, -311.050824  , -325.87738616, -341.76684338,
       -344.84295161, -307.90624868, -307.18182919, -281.97663163,
       -248.34792574, -331.30117468, -210.04801314, -331.85454364,
       -384.56640444, -340.143614  , -315.45292349, -408.80313371,
       -303.41770413, -389.11804343, -458.08391417, -464.37038346,
       -285.70098637, -292.85835531, -360.3163401 , -281.06827889,
       -258.34069321, -274.04228838, -325.61951458, -408.03515261,
       -394.82194679, -248.62730078, 6571.57962477, 6571.71839963,
       6570.67204715, 6571.99482101, 6571.90038047, 6572.18779665,
       6571.2232629 , 6565.96548823, 6571.3321163 , 6572.27965935,
       -236.67546468, -259.11427114, -252.25841302, -253.86260733,
       -249.29307933, -191.36583801, -257.49749943, -232.41269023,
       -240.74961472, -236.01391952])
llh_GD_GSS_Renorm_kappatau: array([-253.12172447, -231.8431654 , -224.43383475, -217.13728512,
       -211.84652044, -208.88092598, -301.88499796, -260.65390271,
       -253.54976284, -234.96970132, -220.46648036, -211.33764575,
       -325.55644433, -265.43699507, -244.97077311, -227.46721492,
       -213.94708575, -205.60381686, -326.07612185, -276.39943471,
       -280.24089479, -255.43818983, -235.59050401, -222.85325655,
       -330.03480555, -274.04684712, -260.91554256, -237.91983401,
       -219.58864844, -207.71576817, -301.73882036, -248.33439375,
       -231.38701887, -217.04550879, -206.03342054, -199.17950891,
       -312.50048247, -255.21564989, -239.74381129, -226.90443254,
       -217.3983881 , -212.02963826, -279.77941942, -233.69517653,
       -222.18946156, -212.72486542, -205.70962735, -201.59968013,
       -240.81673112, -236.88866312, -232.63204648, -228.02720323,
       -223.07256035, -217.79966525, -331.97464376, -271.83081915,
       -252.10909514, -235.4371163 , -222.85504551, -215.58412338,
       -210.63369914, -197.60728999, -203.7678855 , -199.93727207,
       -197.21713838, -195.71816178, -307.99215158, -265.66068703,
       -241.71069907, -220.98707741, -204.69173633, -194.23457528,
       -360.62918739, -306.73425538, -273.48476997, -243.68228537,
       -219.47104724, -203.47770544, -339.6888709 , -311.88459862,
       -299.38879386, -289.97545093, -284.44738832, -283.7354305 ,
       -302.54890025, -253.26723273, -231.59648785, -212.97766428,
       -198.41009375, -189.052565  , -396.55250882, -329.42015432,
       -289.58955575, -252.87575165, -222.17242644, -201.12190326,
       -300.34120823, -246.95077892, -225.33317119, -206.72010876,
       -192.07406976, -182.50746559, -370.47026513, -312.55907864,
       -279.34054449, -249.59961323, -225.54423887, -209.89148135,
       -430.53994299, -363.23975507, -324.25020662, -279.99489737,
       -241.90442216, -215.29939857, -435.42292026, -367.96971564,
       -333.6060127 , -288.29837948, -249.11078501, -221.7252935 ,
       -274.34299914, -249.55263411, -239.64271813, -231.55184852,
       -225.65594772, -222.37617531, -281.28869946, -245.22785002,
       -235.17413304, -226.99481542, -221.08008374, -217.86823774,
       -340.85117511, -301.45193547, -281.66325258, -264.79230461,
       -252.11640853, -245.17662996, -279.27747387, -243.15459244,
       -234.79198301, -228.0686303 , -223.28282611, -220.76589813,
       -241.36467189, -242.97879229, -226.94980552, -223.05535946,
       -220.32198499, -218.88805577, -254.43914004, -235.3700388 ,
       -227.72549925, -221.53312387, -217.03281795, -214.48868451,
       -297.31921324, -267.14887722, -249.17051073, -233.72451501,
       -221.69883054, -214.1310471 , -366.53822529, -341.64533481,
       -299.08144234, -267.75314512, -241.38197034, -223.36897336,
       -365.71250506, -327.9358684 , -332.5642438 , -307.07063912,
       -286.56238894, -274.20984611, -261.2801288 , -259.18505908,
       -256.64883589, -249.11882811, -247.24966827, -247.52156852,
       6570.01925707, 6569.63356093, 6569.23801821, 6568.83037463,
       6568.4076746 , 6567.96627951, 6568.62331959, 6568.31917735,
       6568.0021905 , 6567.6669013 , 6567.30723835, 6566.91638389,
       6567.98267462, 6566.53773782, 6564.72380733, 6562.47274199,
       6559.69334184, 6556.2568015 , 6566.77966192, 6566.70788123,
       6566.58507109, 6566.40205969, 6566.14562384, 6565.79646732,
       6570.61328679, 6570.38391708, 6570.16461312, 6569.95286146,
       6569.7456871 , 6569.53974805, 6571.24467966, 6571.01290423,
       6570.7820587 , 6570.55029158, 6570.31513273, 6570.07356022,
       6569.02316757, 6568.52188453, 6567.9943514 , 6567.43671364,
       6566.84422474, 6566.21117051, 6553.14161547, 6550.74706775,
       6547.96580954, 6544.70230054, 6540.83268708, 6536.19482002,
       6563.24790568, 6562.06203998, 6560.65761534, 6558.98350877,
       6556.97414974, 6554.54365805, 6570.32389393, 6570.49492279,
       6570.64806842, 6570.78411591, 6570.90362042, 6571.0069118 ,
       -238.29187565, -224.07824033, -192.40286871, -191.17203773,
       -232.75694478, -233.4342535 , -285.95924264, -207.90048455,
       -204.60671037, -202.30674522, -201.12088228, -201.18000341,
       -256.06323733, -239.11046804, -217.64662473, -214.14921024,
       -212.20240815, -212.03787087, -258.18795895, -210.55337031,
       -206.22128995, -203.05890407, -201.22941155, -200.9120901 ,
       -256.0466645 , -202.59141838, -199.61418032, -197.51140028,
       -196.38067519, -196.32752761, -190.23448073, -251.55110546,
       -506.34235178, -338.008174  , -279.63590541, -261.05969717,
       -257.96589799, -236.20379581, -206.76187453, -202.48080807,
       -199.80837845, -198.9935644 , -236.72967015, -225.5433839 ,
       -223.11184384, -204.09727007, -194.18820067, -225.38295449,
       -236.81315818, -223.42632857, -209.56531741, -211.85005581,
       -210.27611278, -210.20594833, -236.67447146, -221.75247836,
       -195.89107585, -187.82992102, -226.68673398, -227.18679302])
max_GSS_Renorm: 6572.279659352876
