llh_GD_EXP: array([-3.05175489e+13,  1.19729171e+02, -4.34862364e+11, -3.93582713e+08,
        4.51286732e+02, -2.60277836e+06,  5.01506549e+02, -2.83977901e+09,
        1.72393581e+01, -9.81449268e+06,  3.89788623e+02, -8.55168860e+14,
       -2.22502788e+14, -3.73400175e+08, -3.38048067e+15,  5.53689400e+02,
       -2.01421308e+17, -6.16092723e+11, -2.04605409e+12, -1.21079079e+08,
       -6.13736135e+09, -3.58861802e+05, -6.99937131e+09, -2.61374706e+11,
       -2.92963753e+06, -3.09492006e+07, -6.76112934e+07, -6.30385113e+05,
       -1.45365934e+09, -1.05553066e+07, -6.05199001e+20, -1.71901142e+12,
       -5.98741148e+09, -1.49225927e+24, -2.24225546e+16, -1.55801372e+23,
       -5.26029397e+24, -6.49931892e+14, -2.30988274e+10, -7.39968578e+04,
        7.04020728e+02,  3.07393821e+02, -2.51032148e+13,  1.18742945e+02,
       -9.12814797e+10, -8.21069803e+15, -2.98541123e+16, -5.94170673e+08,
        6.35924465e+02, -8.37683818e+21])
llh_GD_EXP_Renorm_alpha: array([ 9.46262570e+01, -1.62054338e+01,  1.37532227e+02,  8.07181210e+01,
       -4.02539671e+01,  1.04451187e+02, -3.66759004e+01,  5.73946641e+01,
       -1.33439575e+01, -6.86395001e+01, -5.12900185e+01,  6.50161146e+02,
        2.44766594e+02,  3.69471073e+02,  6.76011523e+02, -1.13711996e+02,
        3.14270841e+02,  2.44082276e+02,  5.36292389e+02,  3.47247836e+02,
        1.96725472e+02,  2.58243731e+02,  3.71042249e+02,  2.47191627e+02,
        1.84342966e+02,  3.58397672e+02,  3.75754251e+02,  2.71230813e+02,
        3.01755924e+02,  3.34410209e+02,  1.13333172e+03,  9.82848348e+02,
        3.85922614e+02,  4.56124654e+02,  1.41046839e+03,  1.13393318e+03,
        8.58751711e+02,  5.48813063e+02,  9.80237891e+02,  5.73305514e+02,
       -2.05617247e+01, -1.45519622e+01,  1.24651441e+01, -1.45013575e+01,
        7.05344751e-01,  6.45830816e+01,  7.47910689e+01,  5.97206005e+01,
       -2.12491381e+01,  1.06278435e+02])
llh_GD_EXP_Renorm_beta: array([ 2.31861967e+02, -1.59435199e+01,  1.99414846e+02,  1.44934569e+02,
       -1.50935490e+01,  5.42658872e+01, -1.90735428e+01,  1.60472459e+02,
       -4.78286524e+01,  1.15339915e+02,  4.07507702e+00,  4.40278029e+02,
        6.24781726e+02,  2.73375629e+02,  4.43695594e+02,  5.95306153e-01,
        7.52577479e+02,  5.12947736e+02,  5.24630867e+02,  8.10631111e+01,
        4.74945255e+02,  1.74225223e+02,  4.77816009e+02,  5.56520036e+02,
        3.05674820e+02,  2.20252050e+02,  2.63479486e+02,  2.68603522e+02,
        4.43413455e+02,  1.32533867e+02,  1.72822518e+03,  1.11513701e+03,
        9.37791221e+02,  1.97163278e+03,  3.01114065e+01,  1.90119847e+03,
        2.01091337e+03,  1.30019541e+03,  9.46972873e+02,  3.56335119e+02,
       -1.53387656e+01, -1.66961267e+01,  1.84616373e+02, -2.03294465e+01,
        1.48719785e+02,  2.21281854e+02,  2.29418957e+02,  1.16062400e+02,
       -1.41989047e+01,  3.07928296e+02])
llh_GD_EXP_Renorm_alphabeta: array([ 1.94581213e+02,  1.63103276e+02,  1.36463101e+02,  1.13858611e+02,
       -1.59949603e+01, -1.60468733e+01, -1.60992574e+01, -1.61521114e+01,
        1.85240945e+02,  1.72034190e+02,  1.59723524e+02,  1.48243154e+02,
        1.29328193e+02,  1.15259644e+02,  1.02563437e+02,  9.10929596e+01,
       -1.33221485e+01, -1.58743343e+01, -2.22225823e+01, -3.09191706e+01,
        6.23465574e+01,  7.12906013e+01,  8.12061064e+01,  9.22141766e+01,
       -1.37133128e+01, -1.40465815e+01, -1.88322388e+01, -2.70255871e+01,
        1.32066836e+02,  1.08307244e+02,  8.83691199e+01,  7.15816057e+01,
       -3.83852243e+01, -2.89064008e+01, -2.04489838e+01, -1.48416161e+01,
       -6.59343884e+01, -6.86377335e+01, -6.86394991e+01, -6.86395001e+01,
        4.74190781e-01, -7.92857043e+00, -2.04567807e+01, -3.54875518e+01,
        4.76104987e+02,  5.14763610e+02,  5.56486929e+02,  6.01527944e+02,
        5.19205128e+02,  4.31148964e+02,  3.57617385e+02,  2.96157178e+02,
        2.90465116e+02,  3.08558284e+02,  3.27714236e+02,  3.47996053e+02,
        4.82823474e+02,  5.25305430e+02,  5.71440931e+02,  6.21557204e+02,
       -1.05680303e+02, -1.13706720e+02, -1.13711993e+02, -1.13711996e+02,
        6.32782663e+02,  5.31875863e+02,  4.46787024e+02,  3.74959127e+02,
        4.42933353e+02,  3.82217500e+02,  3.29531089e+02,  2.83792798e+02,
        5.26943121e+02,  5.29265355e+02,  5.31597615e+02,  5.33939944e+02,
        1.10636170e+02,  1.48818304e+02,  1.98505854e+02,  2.63181166e+02,
        3.98352399e+02,  3.34008320e+02,  2.80004706e+02,  2.34714458e+02,
        1.88523772e+02,  2.03969605e+02,  2.20664907e+02,  2.38718026e+02,
        4.54274188e+02,  4.31879348e+02,  4.10576669e+02,  3.90314113e+02,
        4.73374686e+02,  4.02528044e+02,  3.42192905e+02,  2.90850241e+02,
        2.76289835e+02,  2.49724453e+02,  2.25708715e+02,  2.03992346e+02,
        2.42790079e+02,  2.67628180e+02,  2.95002313e+02,  3.25166908e+02,
        2.82875275e+02,  3.03695363e+02,  3.26041815e+02,  3.50022981e+02,
        2.69126940e+02,  2.69651376e+02,  2.70176832e+02,  2.70703310e+02,
        4.10605499e+02,  3.80201097e+02,  3.52028841e+02,  3.25929759e+02,
        1.59794950e+02,  1.92309729e+02,  2.31287101e+02,  2.78120846e+02,
        1.58361941e+03,  1.45315867e+03,  1.33545087e+03,  1.22922742e+03,
        1.08693506e+03,  1.05963606e+03,  1.03320871e+03,  1.00762263e+03,
        7.70957618e+02,  6.41101436e+02,  5.38226820e+02,  4.54950690e+02,
        1.40304603e+03,  1.02180419e+03,  7.63888193e+02,  5.85116541e+02,
        1.28809912e+02,  2.51749097e+02,  4.27024896e+02,  7.37342665e+02,
        1.70726787e+03,  1.53610839e+03,  1.38504775e+03,  1.25170008e+03,
        1.67467994e+03,  1.40262909e+03,  1.18244530e+03,  1.00395545e+03,
        1.07417610e+03,  8.95975942e+02,  7.54540274e+02,  6.41097321e+02,
        9.53507159e+02,  9.60100204e+02,  9.66752604e+02,  9.73464964e+02,
        3.91314488e+02,  4.29751841e+02,  4.72322471e+02,  5.19844193e+02,
       -1.41122486e+01, -1.41438723e+01, -1.52925193e+01, -1.74860770e+01,
       -1.61461665e+01, -1.56549301e+01, -1.52244871e+01, -1.48564422e+01,
        1.19703026e+02,  7.63641105e+01,  4.71723508e+01,  2.69888087e+01,
       -1.87170569e+01, -1.73017894e+01, -1.61130064e+01, -1.51742732e+01,
        9.08878049e+01,  5.38863807e+01,  2.96002305e+01,  1.29041267e+01,
        1.74589759e+02,  1.37250448e+02,  1.07439625e+02,  8.36394581e+01,
        1.84666746e+02,  1.48202888e+02,  1.18538626e+02,  9.44221845e+01,
        1.02030843e+02,  8.95528444e+01,  7.84479346e+01,  6.85527829e+01,
       -1.40228907e+01, -1.46992572e+01, -1.61870706e+01, -1.84148231e+01,
        2.50255042e+02,  2.02906473e+02,  1.64077101e+02,  1.32282381e+02])
max_EXP_Renorm: 2010.913365161026
llh_GD_PWL: array([ -28.22719792,  -26.33138593,  -24.34050786,  -30.5694177 ,
        -23.70063997,  -25.03384369,  -22.67601164,  -24.76878833,
        -22.67944574,  -23.47399205,           nan,           nan,
                 nan,           nan,  -16.46291817,  -66.10976601,
        -16.20168014,  -16.34974796,  -16.80171702,           nan,
        -20.87903648,  -22.8823335 ,  -16.05114551,  -17.22731114,
        -70.19186541,  -16.33212086, -199.31757987,  -17.10882311,
        -16.60376391,  -15.0486602 ,           nan,           nan,
                 nan,  110.95206247,           nan,           nan,
                 nan,  113.37019663,           nan,           nan,
        -26.77493886,  -24.41939702,  -25.37305902,  -24.45659374,
        -26.96139429,  -48.28771603,  -23.72391055,  -25.80265078,
        -25.1132623 ,  -23.45138383])
llh_GD_PWL_Renorm_K: array([-1.15994098e+02, -9.83509464e+02, -7.81874187e+01, -9.29821646e+01,
       -8.09545061e+01, -8.45878762e+01, -2.72301343e+02, -1.11382521e+02,
       -8.43079242e+01, -9.15852836e+01, -1.21181249e+04, -1.62923473e+02,
       -1.07126149e+02, -2.64139355e+02, -9.81562527e+02, -3.48392391e+04,
       -1.04621161e+02, -8.32097734e+01, -8.93242136e+01, -9.93797799e+02,
       -4.98299921e+02, -2.92314224e+03, -2.05012031e+02, -1.03303485e+02,
       -4.76444668e+03, -1.01726197e+02, -3.82273435e+03, -1.13469358e+02,
       -1.07541651e+02, -1.15661204e+02,  3.44717390e+02,  1.61610461e+02,
       -2.41587195e+02,  3.07859977e+02,  3.45654080e+02,  3.44162117e+02,
        2.81823158e+00,  3.40951499e+02,  2.73438867e+02,  2.67396274e+02,
        4.13654730e+01,  8.37808932e+01,  8.29608102e+01,  9.72239317e+01,
        5.46975125e+01, -1.39225497e+03,  7.80971568e+01,  8.13123754e+01,
        9.51897026e+01, -5.14806310e+01])
llh_GD_PWL_Renorm_c: array([ -138.82256149,  -156.44506185,  -107.56684331,  -116.52718324,
        -122.52847392,   -94.65344173,   -93.57184878,   -92.69056161,
        -114.82979537,  -138.68585328,  -319.64250624,  -123.48482191,
        -177.09481712,  -169.01865469,  -118.5811275 ,  -839.9676115 ,
        -175.31955678,  -116.95771413,  -102.66863374,  -154.89287698,
        -135.83445002,  -169.22280121,  -172.50258784,  -158.97618845,
        -542.11143681,  -157.70290103, -3791.69149135,  -152.32944239,
        -139.86456127,  -144.79598476,   311.68693481,   341.82795878,
         330.32428599,   305.63962915,   305.59842295,   333.55563415,
         321.63423164,   310.5201603 ,   327.63639905,   261.92936322,
         102.96809327,    76.94436786,    90.2865471 ,    78.6458034 ,
          64.58888891,  -489.6560963 ,    86.84861744,   105.45541981,
          84.35027887,    68.51644713])
lllh_GD_PWL_Renorm_p: array([ -105.64370074,   -76.99287365,   -79.36045096,   -83.41937658,
         -89.94970008,   -72.40966233,   -70.86865234,   -70.16744769,
         -86.17333787,  -102.37949524,  -126.98859107,   -81.0767276 ,
        -149.46778024,  -122.93343338,   -87.89535813,  -423.65853444,
        -169.50861865,   -85.88751619,   -77.5016316 ,   -87.50807481,
         -89.154552  ,   -89.27016808,  -162.11454753,  -129.15154024,
        -307.62029955,  -127.25310266, -3822.73435232,  -116.15556553,
        -113.81445669,  -108.92090245,   313.32282871,   312.75218398,
         254.20358491,   307.23986858,   275.39022207,   336.80638016,
         252.35183485,   319.08841938,   296.19444198,   266.56875783,
          73.56186117,    81.83302528,    64.02802638,    61.87499503,
          60.79518713,  -312.03998848,    84.30306535,    83.19190341,
          69.49219581,    35.29490868])
llh_GD_PWL_Renorm_Kc: array([-1.29825581e+02, -1.18590014e+02, -1.11626825e+02, -1.10303971e+02,
       -5.10978998e+02, -5.98759521e+02, -7.09295464e+02, -8.40441447e+02,
       -1.00654601e+02, -9.37912092e+01, -8.76676288e+01, -8.24193679e+01,
       -1.10968319e+02, -1.05716480e+02, -1.00919458e+02, -9.66497280e+01,
       -1.11521310e+02, -1.01475730e+02, -9.27813522e+01, -8.58110994e+01,
       -9.17649333e+01, -8.91542657e+01, -8.70589937e+01, -8.55222355e+01,
       -1.46806787e+02, -1.59762151e+02, -1.84968899e+02, -2.22789361e+02,
       -9.30515511e+01, -9.11637354e+01, -9.32844329e+01, -9.98807804e+01,
       -1.02898475e+02, -9.32689041e+01, -8.65236583e+01, -8.33162981e+01,
       -1.29392250e+02, -1.18744997e+02, -1.08704032e+02, -9.95503511e+01,
       -9.02991095e+03, -1.23628436e+04, -1.56013838e+04, -1.71171807e+04,
       -1.34414193e+02, -1.32736777e+02, -1.36343402e+02, -1.46130038e+02,
       -1.59293297e+02, -1.41524498e+02, -1.25811878e+02, -1.13770956e+02,
       -1.95900508e+02, -1.90199646e+02, -1.96353121e+02, -2.19378251e+02,
       -4.61021129e+02, -5.56759908e+02, -6.88247408e+02, -8.44667013e+02,
       -2.68213669e+02, -2.68213669e+02, -2.68213669e+02, -2.67920387e+02,
       -1.42967807e+02, -1.13435875e+02, -9.35829011e+01, -8.90964798e+01,
       -1.08469019e+02, -1.00430627e+02, -9.34028700e+01, -8.75913629e+01,
       -9.46817942e+01, -8.87384137e+01, -8.55988248e+01, -8.56632974e+01,
       -4.49289001e+02, -5.32177098e+02, -6.50445091e+02, -8.06639811e+02,
       -3.01887488e+02, -3.36701599e+02, -3.82026943e+02, -4.37034801e+02,
       -1.69117097e+03, -2.18589547e+03, -2.72078593e+03, -3.11023486e+03,
       -1.70882138e+02, -1.49953302e+02, -1.42815063e+02, -1.59290233e+02,
       -1.45502525e+02, -1.32360925e+02, -1.20366607e+02, -1.10378759e+02,
       -4.11328013e+03, -4.75365089e+03, -5.26256565e+03, -5.40077238e+03,
       -1.44661692e+02, -1.31655423e+02, -1.19637105e+02, -1.09385291e+02,
       -3.82273435e+03, -3.82273435e+03, -3.82273435e+03, -3.82273435e+03,
       -1.46842752e+02, -1.38135520e+02, -1.29540835e+02, -1.21249144e+02,
       -1.26687148e+02, -1.14483657e+02, -1.06362371e+02, -1.03642673e+02,
       -1.36581783e+02, -1.27922018e+02, -1.21146240e+02, -1.16857082e+02,
        3.19111849e+02,  3.27216342e+02,  3.34249399e+02,  3.40116262e+02,
        3.29074984e+02,  3.10471253e+02,  2.77563269e+02,  2.28562436e+02,
        2.84545232e+02,  2.20660769e+02,  1.12089400e+02, -4.29729707e+01,
        3.05786268e+02,  3.06308599e+02,  3.06828336e+02,  3.07345467e+02,
        3.21071186e+02,  3.32460536e+02,  3.40648067e+02,  3.45201745e+02,
        3.35686464e+02,  3.38120287e+02,  3.40348812e+02,  3.42365112e+02,
        3.26769862e+02,  2.98474450e+02,  2.37798969e+02,  1.40407179e+02,
        3.16618034e+02,  3.24129811e+02,  3.30738546e+02,  3.36371204e+02,
        3.47193184e+02,  3.46754586e+02,  3.35403418e+02,  3.11529027e+02,
        2.62141421e+02,  2.63464560e+02,  2.64781470e+02,  2.66092069e+02,
        1.03326267e+02,  9.74907142e+01,  8.57290809e+01,  6.72835199e+01,
        7.75565399e+01,  7.91630589e+01,  8.07365502e+01,  8.22761282e+01,
        1.02830288e+02,  1.06081453e+02,  1.04395838e+02,  9.69766053e+01,
        8.46052862e+01,  8.94827645e+01,  9.32885435e+01,  9.59094806e+01,
        6.34195946e+01,  6.13087909e+01,  5.91503890e+01,  5.69460777e+01,
       -9.27640355e+02, -1.03076456e+03, -1.14270769e+03, -1.26332037e+03,
        8.62524629e+01,  8.43081607e+01,  8.22993773e+01,  8.02283223e+01,
        1.05602114e+02,  1.03152582e+02,  9.84274889e+01,  9.12197495e+01,
        8.98507411e+01,  9.37376457e+01,  9.60438647e+01,  9.65919110e+01,
        5.99128522e+01,  5.61869994e+01,  3.83987772e+01,  3.61145354e+00])
llh_GD_PWL_Renorm_Kp: array([-8.66781025e+01, -7.51314304e+01, -7.41446006e+01, -8.59129152e+01,
       -1.08123705e+02, -1.87928970e+02, -3.41089310e+02, -5.97448276e+02,
       -7.63198314e+01, -7.48082723e+01, -7.46864701e+01, -7.58383266e+01,
       -8.08488197e+01, -7.99212232e+01, -8.09363639e+01, -8.45891725e+01,
       -8.08072285e+01, -7.53731974e+01, -7.36172051e+01, -7.53926808e+01,
       -7.28586972e+01, -7.42083186e+01, -7.64951847e+01, -7.98502876e+01,
       -6.96621665e+01, -8.85570941e+01, -1.31437751e+02, -1.96451714e+02,
       -6.83470836e+01, -7.29197957e+01, -8.30333576e+01, -9.66790158e+01,
       -7.51761495e+01, -6.99818885e+01, -7.04955802e+01, -7.56287571e+01,
       -9.28109128e+01, -8.65399320e+01, -8.39007002e+01, -8.52949740e+01,
       -3.29763698e+02, -8.94889424e+02, -2.25566241e+03, -5.34342726e+03,
       -7.63800070e+01, -8.10510849e+01, -9.67723287e+01, -1.23938772e+02,
       -1.23155269e+02, -1.00403394e+02, -8.54582607e+01, -8.26492088e+01,
       -9.56975870e+01, -8.13440050e+01, -9.17240914e+01, -1.42015855e+02,
       -7.24630300e+01, -1.07142734e+02, -2.35885901e+02, -5.15804536e+02,
       -1.13345643e+03, -2.82634242e+03, -6.69360372e+03, -1.53824957e+04,
       -1.26283488e+02, -8.89226322e+01, -7.16991356e+01, -8.10064123e+01,
       -8.13156189e+01, -7.89699053e+01, -7.86266869e+01, -8.00746269e+01,
       -7.29701208e+01, -7.28641658e+01, -7.63843232e+01, -8.22624572e+01,
       -8.23742713e+01, -1.23745565e+02, -2.49188947e+02, -5.14679703e+02,
       -1.10475487e+02, -1.56871795e+02, -2.35582770e+02, -3.50945945e+02,
       -1.28012727e+02, -2.73771130e+02, -6.34691882e+02, -1.40938347e+03,
       -1.25049974e+02, -9.31738708e+01, -8.60693033e+01, -1.24685583e+02,
       -1.12231014e+02, -9.95955227e+01, -9.30617218e+01, -9.36557403e+01,
       -5.50704399e+02, -9.75830478e+02, -1.69279080e+03, -2.87127565e+03,
       -1.11192116e+02, -9.94977673e+01, -9.35849524e+01, -9.40338687e+01,
       -3.82273435e+03, -3.82273435e+03, -3.82273435e+03, -3.82273435e+03,
       -1.11091606e+02, -1.08399120e+02, -1.08019914e+02, -1.09785104e+02,
       -9.66785500e+01, -8.67894363e+01, -8.61805943e+01, -9.41569309e+01,
       -9.81794339e+01, -9.18533420e+01, -9.11996562e+01, -9.73598459e+01,
        3.23223100e+02,  3.31357260e+02,  3.37793294e+02,  3.42436184e+02,
        3.26976525e+02,  3.16077318e+02,  2.79384437e+02,  2.22842885e+02,
        3.06278961e+02,  2.92395887e+02,  1.89047089e+02, -4.49495677e+00,
        3.07370206e+02,  3.07497373e+02,  3.07621382e+02,  3.07742246e+02,
        3.02650570e+02,  3.23578740e+02,  3.38002160e+02,  3.46301967e+02,
        3.39075008e+02,  3.41010497e+02,  3.42568437e+02,  3.43669122e+02,
        3.07235333e+02,  3.13110472e+02,  2.55854924e+02,  1.39641146e+02,
        3.25342391e+02,  3.30591343e+02,  3.34912719e+02,  3.38357604e+02,
        3.19505517e+02,  3.24389707e+02,  3.13299862e+02,  2.93179111e+02,
        2.67463894e+02,  2.68275371e+02,  2.68978721e+02,  2.69523042e+02,
        7.66975614e+01,  7.21822213e+01,  6.23344579e+01,  5.08336483e+01,
        8.25878643e+01,  8.31812838e+01,  8.35952901e+01,  8.38061228e+01,
        7.67430304e+01,  8.27766548e+01,  8.40805120e+01,  8.34330403e+01,
        7.47081560e+01,  8.55519954e+01,  9.42980869e+01,  1.00851101e+02,
        5.66214153e+01,  5.23529133e+01,  4.79848827e+01,  4.35181459e+01,
       -4.45872805e+02, -6.10265643e+02, -8.11351314e+02, -1.05957200e+03,
        8.00364476e+01,  7.55937463e+01,  7.10092761e+01,  7.65909051e+01,
        8.42986041e+01,  8.39942764e+01,  8.30263356e+01,  8.20304188e+01,
        8.19665949e+01,  9.15968748e+01,  9.82804762e+01,  1.01993214e+02,
        7.11551134e+01,  8.98562590e+01,  8.30247405e+01,  4.25842501e+01])
max_PWL_Renorm: 347.193183560251
llh_GD_QEXP: array([ 23.72160765,  25.6469138 ,  25.28222341,   3.98827062,
       -12.28561397, -11.64409392,  24.66845801,  -5.72046806,
        29.35381109,  38.94684413,          nan,          nan,
                nan,          nan,          nan,          nan,
                nan,          nan,          nan,          nan,
       123.87048799, 109.45833206, 122.68844839,  49.02586488,
         8.05735107,   9.21605976,  37.45318741,  49.42753455,
       104.3438584 , 123.30719517,          nan,          nan,
                nan,          nan,          nan,          nan,
                nan,          nan,          nan,          nan,
        22.5766606 ,  22.40227839,  12.07714771,  26.97755308,
        28.14746159,   1.91911719,  23.32898777,   1.21223101,
        10.4488224 ,  21.50418124])
llh_GD_QEXP_Renorm_a: array([ 112.38557042,  181.68813331,  130.09352467,  153.93932117,
         74.91612443,   85.68450854,  171.81587115,   37.04507846,
        161.05317341,  183.03522435,  126.07738636,  182.42509234,
        198.45786794,  174.92175737,  189.38530327,  191.60660535,
        193.46398434,  133.55239298,  146.34658999,  176.88324661,
        121.3063049 ,   79.71219474,   96.19994983,   -3.89960699,
         88.34879683,   93.85627109, -164.69971448,  -66.98819949,
         94.05041574,   89.91637147,  968.05575673,  934.89768462,
       1017.68891631, 1021.16291874,  951.7189867 , 1010.49458964,
        928.52502503, 1012.02566603,  928.57145462, 1016.2484583 ,
        396.17233672,  367.82897556,  414.49037323,  425.78175806,
        389.98005677,  373.99448772,  430.63588441,  435.74093927,
        406.78165128,  409.66917247])
lllh_GD_QEXP_Renorm_q: array([ 460.96214251,  486.85269278,  478.06133037,  202.47486425,
       -163.20583041, -212.58485891,  477.15022737,   45.34734865,
        518.26584712,  603.93724549,  585.44404526,  585.41913522,
        561.2694529 ,  575.88643106,  497.30180393,  598.8766809 ,
        621.65931484,  519.67569538,  596.4860496 ,  247.03950695,
        450.74687926,  406.04857896,  445.98523808,  185.96112114,
         68.98390791, -162.86301704,   10.86690211,    3.85886677,
        392.37080064,  447.36356452, 2222.70752067, 1931.63075134,
       2169.59465549, 1916.86259871, 2164.60753783, 1227.54121886,
       1751.52651342, 1982.45292251,  970.89649081, 2228.00805991,
        952.61197064,  948.67574838,  764.6622306 , 1029.56902952,
       1049.0023113 ,  562.86899377,  966.56121883,  552.0168054 ,
        733.87322725,  934.18199454])
llh_GD_QEXP_Renorm_aq: array([ 394.10506833,  324.62767557,  253.41041979,  181.97667836,
        430.35005544,  371.57906558,  310.39135251,  246.90749476,
        412.68529289,  344.38055638,  273.63247051,  201.58402972,
        192.7609681 ,  183.04499444,  173.33228791,  163.62844879,
       -130.85543981,  -91.67264963,  -44.36345148,   11.26488919,
       -179.9164496 , -135.2509444 ,  -78.31680124,   -4.48324361,
        420.48514761,  361.49601609,  300.13304409,  236.66132375,
         43.67619514,   42.01039313,   40.34994086,   38.69483658,
        452.79376255,  384.16108287,  312.23200904,  237.43036427,
        528.07321284,  448.6569227 ,  364.78447775,  275.99174254,
        502.04575653,  413.35022527,  319.54271209,  222.46033463,
        512.61433001,  436.24717353,  355.66480072,  270.72744074,
        495.00074653,  425.93032774,  353.53459434,  277.5722247 ,
        503.41378016,  427.2550527 ,  346.87338713,  262.33943829,
        440.32982513,  381.06958199,  319.35748722,  255.28807644,
        525.25083045,  448.2329314 ,  367.04064952,  281.28484698,
        544.48460819,  463.78455818,  378.58989588,  288.30007135,
        448.08088167,  372.79024687,  294.21308925,  213.66952174,
        515.63356229,  429.87380502,  338.81562451,  243.32733359,
        233.10272391,  219.1065527 ,  205.06248213,  190.98332874,
        391.40306203,  329.31634732,  263.75352282,  194.27203511,
        346.66701611,  283.83379043,  217.58310906,  148.82967958,
        383.51964793,  317.43415057,  247.14378486,  172.83012494,
        143.09134264,  102.51961352,   64.4578614 ,   28.98450818,
         72.84046041,   76.70592385,   80.57959612,   84.4607826 ,
       -130.04372814,  -87.92896466,  -34.90597964,   26.89666474,
         -4.89559517,  -43.05935054,  -87.35294098, -128.88789215,
         10.90471635,    4.03482166,  -14.44392077,  -39.38495709,
        337.99873586,  280.77403042,  220.59011953,  157.90558981,
        383.581384  ,  315.93055049,  243.88488344,  167.84282463,
       1995.1363544 , 1756.75264765, 1505.49796601, 1241.24952278,
       1746.19192349, 1552.92410458, 1351.94010556, 1144.767468  ,
       1958.7189913 , 1739.26830209, 1509.39732115, 1268.29582992,
       1749.90235433, 1576.99939858, 1397.63486755, 1211.94050061,
       1943.87770843, 1712.4407625 , 1468.84864565, 1213.75002836,
       1184.55740277, 1141.32893345, 1097.88531398, 1054.26080275,
       1595.30777363, 1433.92077267, 1267.94099253, 1098.71937931,
       1802.63229113, 1615.94176318, 1421.63188492, 1219.79143998,
        962.42348332,  953.95404505,  945.4886046 ,  937.0275952 ,
       2006.93954703, 1776.75795323, 1535.20338288, 1281.10375862,
        848.77189912,  740.89981565,  628.90933382,  513.43434778,
        839.65987558,  726.17730641,  608.59052742,  488.27168901,
        697.34972994,  628.4838637 ,  558.1809312 ,  486.70295505,
        917.79715696,  801.90878136,  681.18843716,  555.47544194,
        927.78349054,  801.14145041,  668.53641871,  530.60386586,
        525.17478232,  487.3426901 ,  449.46432103,  411.6433738 ,
        866.54261836,  763.1213171 ,  655.87656684,  544.79721349,
        528.99265281,  505.83966129,  482.57002862,  459.19818957,
        670.61377633,  606.05943318,  540.3644946 ,  473.80200427,
        836.05694232,  734.40008557,  629.05989804,  520.41631154])
max_QEXP_Renorm: 2228.008059914031
llh_GD_RAY: array([-23.91576889, -22.54833688, -24.99190515, -22.29162367,
       -24.10885277, -25.07307512, -23.59086978, -25.96956456,
       -24.02084948, -23.91210283, -21.76020494, -24.06779536,
       -20.33298699, -18.08168173, -22.94252386, -21.56935547,
       -21.56635083, -21.60515329, -21.8843797 , -17.99676284,
       -17.57436309, -16.9651536 , -18.04684259, -15.03389375,
       -18.5065189 , -15.17511434, -18.0584435 , -21.71247789,
       -19.17370676, -18.83574719,  42.89623593, 106.79781699,
        88.5434711 , 109.36070671,  56.46393955,  64.22087993,
        92.32587851,  96.32876465, 102.70530441, 105.51268009,
       -22.16745466, -21.75165343, -22.81040464, -22.28612535,
       -21.24643394, -22.17636373, -23.09790871, -24.1950973 ,
       -21.24634426, -24.29292734])
llh_GD_RAY_Renorm_gamma: array([  -62.65265964,   -61.06916078,   -62.85469097,   -60.79295976,
         -60.50401374,   -60.635584  ,   -60.49426741,   -62.87499409,
         -61.27936372,   -62.4599292 ,   -72.06270571,   -68.05368313,
         -73.91422613,   -71.36844672,   -71.60219404,   -72.40984635,
         -71.19487817,   -73.10902495,   -76.89760997,   -72.06140313,
         -91.29138279,   -80.61948985,  -101.09647129,   -78.59962705,
         -92.19895853, -3657.91023691,   -98.34395678,   -78.47773691,
         -84.41519809,   -79.37090245,   285.19606055,   332.33521101,
         315.43234526,   336.38298124,   292.59581493,   295.07001048,
         317.92606572,   322.71105318,   329.1783732 ,   331.71551655,
          97.38228917,    92.81186425,   101.28261422,    98.30173447,
          70.95442575,    97.45566779,   102.44169852,   105.36897241,
          75.527316  ,   105.5568419 ])
llh_GD_RAY_Renorm_eta: array([  -60.72363482,   -60.73924666,   -63.2821933 ,   -60.47895497,
         -60.82042175,   -60.70234516,   -60.50820897,   -63.29090528,
         -60.4660756 ,   -60.79594286,   -68.45947872,   -68.86668507,
         -73.11413716,   -70.30755328,   -71.67923863,   -69.92395878,
         -69.53734967,   -70.23668062,   -71.23227489,   -70.576378  ,
         -86.90163675,   -80.43263528,   -79.49884364,   -78.34347773,
         -78.82520605, -3822.73435232,   -79.42381629,   -78.33543944,
         -86.61497215,   -78.71797366,   281.48644684,   333.52912718,
         314.53873441,   334.45940475,   287.87449785,   297.29772118,
         318.87219326,   320.0709975 ,   328.45727926,   332.14221815,
          93.65428737,    89.86887632,   100.06290236,    96.70032053,
          75.54038849,    95.01335084,    99.20773786,   104.29090282,
          70.84089661,   104.99502604])
llh_GD_RAY_Renorm_gammaeta: array([  -60.94583112,   -61.2465958 ,   -61.6298577 ,   -62.09800574,
         -60.79387772,   -60.85407362,   -60.91995043,   -60.99161421,
         -63.19361125,   -63.10658017,   -63.0210894 ,   -62.93712926,
         -60.50729157,   -60.55172895,   -60.61343148,   -60.69350313,
         -60.73646913,   -60.66208081,   -60.59791119,   -60.54484922,
         -60.68802031,   -60.67418576,   -60.66083755,   -60.64797166,
         -60.50519653,   -60.50229686,   -60.49950925,   -60.496833  ,
         -63.20482131,   -63.12019761,   -63.03702437,   -62.95529259,
         -60.50497254,   -60.5990126 ,   -60.75545725,   -60.98061004,
         -61.006748  ,   -61.27660081,   -61.60782916,   -62.00192788,
         -68.90433347,   -69.46533482,   -70.14927867,   -70.99955529,
         -68.60707134,   -68.39212428,   -68.22693245,   -68.11400323,
         -73.26625989,   -73.42215685,   -73.58199361,   -73.74595106,
         -70.49789224,   -70.69858727,   -70.91023576,   -71.13336546,
         -71.66373549,   -71.64827957,   -71.63287075,   -71.61750895,
         -70.31325894,   -70.75032732,   -71.24188355,   -71.79328275,
         -69.81198291,   -70.11124491,   -70.43898345,   -70.79907587,
         -70.68248228,   -71.18625696,   -71.75420127,   -72.3922339 ,
         -72.01554223,   -72.93041133,   -74.00612634,   -75.29837292,
         -70.83579918,   -71.11307685,   -71.40916958,   -71.72496256,
         -87.6932179 ,   -88.52832863,   -89.40662046,   -90.32774639,
         -80.46876968,   -80.50551584,   -80.54288027,   -80.58086944,
         -80.76950512,   -83.31133901,   -87.52397244,   -93.47749642,
         -78.37453168,   -78.42205466,   -78.47906854,   -78.53967746,
         -79.16467822,   -80.08901752,   -82.23027145,   -86.19380539,
       -3822.73435232, -3822.73435232, -3757.1427722 , -3755.71700737,
         -80.51956587,   -82.69905221,   -86.3468239 ,   -91.57982207,
         -78.34302905,   -78.36413411,   -78.39562378,   -78.43443442,
         -86.13831724,   -85.67999932,   -85.24004786,   -84.81846068,
         -78.79062698,   -78.87299898,   -78.98171295,   -79.13874764,
         282.22979249,   282.97175159,   283.71304509,   284.45430135,
         333.29364679,   333.05654229,   332.81778639,   332.57735172,
         314.71796917,   314.89695392,   315.07568236,   315.25414823,
         334.85258627,   335.24142355,   335.62603296,   336.00652069,
         288.81128106,   289.75159028,   290.69567304,   291.64370671,
         296.85042169,   296.40399462,   295.9584471 ,   295.51378448,
         318.68388158,   318.49510554,   318.30587254,   318.11619008,
         320.60843675,   321.14131152,   321.66946757,   322.19275984,
         328.60266257,   328.74746182,   328.89167873,   329.03531519,
         332.0573048 ,   331.97217907,   331.88683985,   331.80128603,
          94.44888546,    95.21822154,    95.96307371,    96.68419379,
          90.48264979,    91.08365541,    91.67206374,    92.24806476,
         100.31413028,   100.5617014 ,   100.80563125,   101.04593236,
          97.03046875,    97.35562046,    97.67584119,    97.99119304,
          74.63925955,    73.729384  ,    72.81147144,    71.8862433 ,
          95.52341332,    96.02245222,    96.51069657,    96.98836583,
          99.90729402,   100.58020123,   101.22680516,   101.84729449,
         104.51933536,   104.74144416,   104.95714648,   105.16635391,
          71.79331827,    72.73894172,    73.67699322,    74.60670357,
         105.11147909,   105.22590413,   105.33828449,   105.448603  ])
max_RAY_Renorm: 336.3829812384671
llh_GD_GSS: array([-25.95676226, -22.9697272 , -27.92010737, -30.73909317,
       -23.16664281, -25.14071445, -29.14080857, -24.95872348,
       -29.6512113 , -28.57454622, -20.92728827, -20.96796199,
       -18.7791875 , -26.89478953, -20.97059278, -20.991244  ,
       -39.24694485, -25.41430638, -26.78706065, -23.945037  ,
       -21.103421  , -17.84344794, -36.86875282, -21.36046478,
       -32.09997391, -18.18045675, -18.51569204, -20.27610292,
       -18.75319776, -16.24049788, 119.81114992, 119.7387587 ,
       111.48355081, 119.54254882, 115.93721852, 119.5329719 ,
       119.59293031, 116.06547807, -52.42499369, 116.77687796,
       -31.91617111, -29.40406252, -23.25477104, -30.46411492,
       -23.92110733, -26.95606965, -27.37105944, -29.79980814,
       -28.99185232, -27.3161067 ])
llh_GD_GSS_Renorm_kappa: array([ -67.19558355,  -75.80946346,  -86.60088639,  -85.38972628,
        -74.97101998,  -84.17095806,  -71.5916186 , -105.8203066 ,
        -87.98772672,  -81.54156734, -102.03174399,  -95.91329307,
        -77.48891347,  -83.04023634,  -76.13562619,  -80.3719474 ,
       -126.29154347,  -81.89484473, -333.18934996,  -87.15110028,
        -96.58886638, -102.60955519,  -90.11191702, -110.84329299,
        -91.14870072,  -93.49299212,  -99.09420408, -140.07764814,
       -111.50685968, -121.89668443,  341.27160534,  348.60516354,
        312.11494065,  349.55668405,  346.53874273,  349.50003449,
        348.96362666,  345.0617696 , -368.66647356,  336.97245395,
         92.17107908,  104.09688176,  104.95605496,  101.47730058,
        108.50198966,  107.82683354,  108.03445777,  104.40953594,
        106.1031854 ,  108.27392679])
llh_GD_GSS_Renorm_tau: array([ -78.33563554,  -81.33755757,  -76.38197217,  -99.81522447,
       -191.67306267,  -95.95658759,  -78.84452027,  -77.3085895 ,
        -84.40393572,  -80.26934159, -100.55303169, -103.69552544,
        -88.702139  ,  -91.16706506,  -81.20998522,  -77.06450792,
       -192.40598305, -113.94476778, -252.85692518, -104.06619808,
        -97.0450178 , -144.73158084,  -86.40460087, -103.71921143,
        -88.39158221,  -92.21676767, -117.46963951, -137.37914293,
       -208.24217764, -136.73359215,  343.4198708 , -104.63656714,
       -265.45466227,  185.42908411, -209.73210837,  349.35607695,
        348.38330252,  143.33387663, -348.73042741,  213.27966396,
       -105.08518955,  -25.47316042,  -54.18536207,   25.23082905,
        -34.92789031, -300.88452593,  -57.15744236, -287.57243928,
          4.322812  ,  -52.57906218])
llh_GD_GSS_Renorm_kappatau: array([ -75.41422134,  -77.00748673,  -67.49621813,  -67.25491655,
        -79.01761344,  -74.20593927,  -76.96178848,  -75.97543984,
        -74.25768229,  -77.64738662,  -80.2501904 ,  -82.3594835 ,
        -91.26822925,  -95.43225536,  -89.57174339,  -86.0104895 ,
       -173.68446266, -140.86193194, -110.23294311,  -85.20313209,
        -86.64060309,  -66.55136031,  -89.1492458 ,  -85.0621419 ,
        -88.4613277 ,  -73.35710768,  -72.22885832,  -71.62328406,
        -74.70382552,  -63.90830685,  -69.41317764,  -83.99095703,
       -211.29682594,  -86.22498959,  -87.1938796 ,  -87.56666749,
        -76.66165831,  -77.09203672,  -77.47673632,  -77.8225329 ,
        -94.51250305,  -84.33958049, -103.18336474, -101.35941975,
        -98.47959915,  -99.97177826,  -96.80123097,  -95.33090161,
        -84.05919672,  -79.11841676,  -77.99003323,  -77.42769227,
        -89.14390911,  -87.64725274,  -91.04716176,  -82.91336088,
        -90.01573895,  -79.81196529,  -76.16268493,  -76.08963388,
        -82.01871954,  -76.64729322,  -77.21565673,  -78.69894751,
       -177.61967215, -147.68567696, -131.47396088, -122.37721262,
       -103.98172661,  -93.90079272,  -86.91313694,  -82.6352107 ,
       -268.21366922, -233.05073177, -259.33949872, -277.47717003,
        -99.91786429,  -87.56593268,  -86.76907508,  -86.60819146,
        -94.56692202,  -83.98577833,  -98.13876059,  -96.83796292,
       -131.21063536, -127.70823367, -114.63460175, -105.3590365 ,
        -84.19687665,  -85.06273136,  -86.83856679,  -85.41797965,
       -100.55070938, -102.79769368, -104.66275657, -106.26883179,
        -85.85214981,  -89.25322934,  -86.39772816,  -91.13936962,
        -93.14049805,  -89.50062127,  -93.56294117,  -93.46484788,
       -107.22604566, -112.94518307, -105.44407072, -100.48438234,
       -121.59097341, -150.99887077, -142.32599194, -137.77461898,
       -235.18623154, -161.74875943, -147.09024384, -121.18733133,
       -119.84213685, -113.68084524, -130.38715538, -122.57263288,
        343.64818521,  343.30426517,  342.86566689,  342.41257748,
        -90.75881602,  172.52569798,  221.28726664,  310.57444634,
       -351.74658051, -138.40323549,   98.70397205,  245.65180601,
        198.3075402 ,  269.8406565 ,  337.29870357,  346.52057804,
       -351.74658051,   -2.09308278,  172.02575938,  291.32501207,
        347.80671172,  347.74253647,  347.65479155,  347.53545973,
        347.91707364,  347.88924605,  347.82484107,  347.71004706,
        156.8157651 ,  306.54458309,  326.96793827,  340.39415503,
       -351.74658051, -351.74658051, -351.74658051, -211.0206459 ,
        226.10470734,  319.50981422,  325.55222783,  334.59372059,
        -94.95138125,   16.65389007,   56.77789482,   84.85216135,
          4.74675263,   72.17095284,   95.95242009,  102.70384833,
        -84.6918663 ,  -73.46927035,  -35.19352771,   15.15990476,
          8.64185646,   31.32323443,   47.16329135,   72.55691915,
        -73.00666048,  -29.99639291,    7.94195383,   44.86045919,
       -323.03935959, -323.03935959,  -64.57923786,   49.2401853 ,
        -31.19948486,   54.03963448,  100.45419625,  106.82190952,
       -323.03935959, -318.24062424,  -45.43593076,   56.37268227,
         -3.50325382,   44.75970644,  104.20769352,  106.01911208,
        -35.7600976 ,   61.74217472,   99.22728582,  106.38034141])
max_GSS_Renorm: 349.5566840523698
