llh_GD_EXP: array([ -91.25166099,  -88.45024845,  -85.81306198,  -98.71464136,
        -86.35791039,  -87.86491074,  -90.34517749,  -97.74759573,
        -86.49608629,  -86.72086544,  -82.67098062,  -91.02557415,
        -92.68732057,  -82.60745653,  -80.73840445,  -93.0704084 ,
        -94.03608753,  -89.58290974,  -80.34916995,  -81.51250954,
        -97.01943765,  -90.67832706,  -91.45098064,  -96.64772357,
       -106.15984284,  -92.34474558,  -95.70127114,  -95.69880666,
       -101.80037522,  -96.49124799,  458.42559173,  393.34965897,
        466.36931231,  461.27317808,  443.62781491,  449.84009547,
        446.11488874,  441.20331205,  386.54666407,  465.01154673,
         66.60160358,   78.37638486,   58.47095782,   80.87289711,
         78.02144087,   60.05386435,   84.59902412,   86.07354145,
          3.30101128,   39.4686303 ])
llh_GD_EXP_Renorm_alpha: array([ -96.85336421,  -95.21351782,  -96.9278603 , -111.00771847,
       -100.00580781, -103.38931729, -111.96480476, -106.8410194 ,
        -98.92064516,  -94.36209604,  -98.2682866 , -120.88460389,
       -110.62424623,  -98.90230613,  -94.33880177, -108.79451663,
       -115.64391308,  -94.46477285, -100.86992696,  -93.9924945 ,
       -103.54670749, -100.83349055, -102.18142052, -122.91464858,
       -115.33408707, -116.02610863, -105.53816135, -119.92839564,
       -108.1410935 , -113.96624088,  454.64255813,  395.83623722,
        455.93597647,  454.99673181,  445.09141196,  443.2589122 ,
        443.34874423,  440.12021105,  380.35866964,  455.37146746,
         73.30927354,   72.9363046 ,   58.458394  ,   72.81223306,
         73.16482653,   64.17564132,   72.66671737,   66.95633098,
         -1.6906325 ,   40.83873878])
llh_GD_EXP_Renorm_beta: array([ -96.4696403 ,  -94.60221984,  -92.76367867, -106.89917784,
        -92.60467597,  -94.79682006,  -95.76728055, -113.18551112,
        -93.44806964, -103.59904102, -103.25926652, -101.14588488,
       -103.26257906,  -94.09341191,  -99.01516819, -103.10789691,
       -111.86673237,  -94.55966417, -102.63099058,  -95.89912731,
       -102.73557374, -101.83334948, -101.44051583, -117.31948477,
       -110.87088266, -102.04160847, -122.63210888, -100.68336635,
       -104.36346214, -103.69435193,  452.57867931,  385.07838521,
        455.11443898,  454.05647938,  437.51230086,  438.57559011,
        432.63367976,  431.97067253,  364.08846218,  454.46535022,
         67.58641828,   71.75621029,   44.90366985,   70.76429678,
         69.03218983,   48.30135256,   73.29240433,   72.03871114,
        -18.55823936,   29.46633299])
llh_GD_EXP_Renorm_alphabeta: array([ -96.52315522,  -96.5771015 ,  -96.63148087,  -96.68629506,
        -96.74154583,  -96.79723495,  -94.68405358,  -94.76769649,
        -94.8531617 ,  -94.94046263,  -95.02961294,  -95.1206266 ,
        -93.00423768,  -93.3537444 ,  -93.81654976,  -94.3980951 ,
        -95.10499538,  -95.94514719, -107.44046924, -107.99639468,
       -108.56729295, -109.15351206, -109.75540954, -110.37335262,
        -92.7964625 ,  -93.24235943,  -93.95633912,  -94.95853292,
        -96.27596806,  -97.94363109,  -95.566511  ,  -96.46996078,
        -97.51683307,  -98.71833827, -100.08739142, -101.63877661,
        -97.06871867,  -98.64474262, -100.52637421, -102.75087347,
       -105.36251964, -108.4134738 , -112.19347327, -111.23082932,
       -110.29704218, -109.3916132 , -108.51408014, -107.66401467,
        -93.89421593,  -94.44182656,  -95.09617042,  -95.86344399,
        -96.75085897,  -97.76674225, -101.72312529, -100.04407802,
        -98.55538884,  -97.25019177,  -96.12121204,  -95.16095942,
       -102.39201119, -101.57970939, -100.82015711, -100.11123542,
        -99.450908  ,  -98.83721826, -102.89840094, -104.93358096,
       -107.28802066, -110.00481801, -113.13486061, -116.73808236,
       -104.12775966, -105.04955311, -106.03105024, -107.07556892,
       -108.18667343, -109.36819402,  -94.32820901,  -94.69387742,
        -95.19877641,  -95.85492575,  -96.67782776,  -97.68628205,
        -97.94223355,  -97.02186391,  -96.2425434 ,  -95.59368982,
        -95.06567529,  -94.64988395, -103.80092698, -104.53086902,
       -105.29934485, -106.10807196, -106.95887042, -107.85366988,
       -112.37534959, -112.89406793, -113.4230223 , -113.96234809,
       -114.51218108, -115.07265733,  -94.54555958,  -94.5316387 ,
        -94.51790104,  -94.50434611,  -94.49097343,  -94.4777825 ,
        -98.12671508,  -95.45273023,  -94.1846589 ,  -94.04790328,
        -94.96625879,  -97.10504488,  -95.41064236,  -95.00094231,
        -94.66545377,  -94.40010118,  -94.2013493 ,  -94.06625049,
       -102.84279518, -102.95286955, -103.06581514, -103.18165112,
       -103.30039763, -103.42207574, -101.4114115 , -101.08782419,
       -100.85872543, -100.72095657, -100.67200446, -100.70995938,
       -100.99382162, -100.74086618, -100.67332718, -100.78552601,
       -101.07427927, -101.53891058, -107.55861255, -102.49127439,
       -100.7051632 , -101.55065585, -104.95366453, -111.50253377,
       -111.43949918, -112.02974493, -112.64239823, -113.27827749,
       -113.93824269, -114.62319674, -100.8746406 , -100.73294803,
       -101.54636408, -103.31949282, -106.14645622, -110.24801964,
       -112.64555427, -106.27125201, -102.56456849, -100.87712133,
       -100.85921469, -102.38556943, -100.9110721 , -101.84218277,
       -103.49377516, -105.93525313, -109.30756338, -113.84935966,
       -104.81073184, -105.2870277 , -105.79330455, -106.33062142,
       -106.90014759, -107.50316879, -104.64527768, -105.74398842,
       -107.00197778, -108.4336424 , -110.05665765, -111.89237391,
        452.91933953,  453.24501874,  453.55554376,  453.85073919,
        454.13042728,  454.39442784,  386.62586531,  388.16988802,
        389.71046084,  391.24752888,  392.78097557,  394.31062377,
        455.25779127,  455.39260206,  455.51879907,  455.63630925,
        455.74505876,  455.84497298,  454.20505805,  454.3489346 ,
        454.48807914,  454.62246159,  454.75205162,  454.87681863,
        438.69074783,  439.83865681,  440.95519461,  442.03954152,
        443.09088994,  444.10844284,  439.27999478,  439.97292198,
        440.65418469,  441.32359773,  441.98097766,  442.62614261,
        434.31478545,  435.94899372,  437.53432093,  439.06883062,
        440.5506314 ,  441.97787353,  433.21107685,  434.42736185,
        435.61874889,  436.78447276,  437.92378159,  439.0359365 ,
        366.45914923,  368.81101044,  371.14628456,  373.46700297,
        375.77497218,  378.07175767,  454.61194582,  454.75289052,
        454.88814514,  455.01767018,  455.14142578,  455.25937173,
         69.05536297,   70.33482157,   71.41081249,   72.26659   ,
         72.88289282,   73.23824337,   71.96931899,   72.16810925,
         72.35227581,   72.52150481,   72.67547404,   72.81385328,
         47.11620915,   49.23153206,   51.25292274,   53.1835422 ,
         55.02632478,   56.78387873,   71.14240256,   71.4933877 ,
         71.81645456,   72.11076582,   72.37544614,   72.60958391,
         69.92078542,   70.71879918,   71.42147567,   72.02349721,
         72.51902061,   72.90171891,   51.02519218,   53.58773477,
         55.99583343,   58.25525863,   60.37032974,   62.34360518,
         73.25457243,   73.20008251,   73.12862184,   73.03987474,
         72.93352274,   72.80924477,   71.5675371 ,   71.01577978,
         70.3808044 ,   69.65997654,   68.85067519,   67.95030829,
        -16.05291062,  -13.57779058,  -11.13394679,   -8.72239087,
         -6.34407358,   -3.9998811 ,   31.21568839,   32.92269895,
         34.58776984,   36.21136522,   37.79400439,   39.33625718])
max_EXP_Renorm: 455.93597647162545
llh_GD_PWL: array([ -94.96607313, -192.29416681, -112.85144229,  -88.62408195,
        -87.6651105 ,  -89.14569742,  -87.97137898, -223.73062825,
        -88.9810488 ,  -99.9795112 , -119.01488664,  -91.49691481,
       -370.57545309,  -85.34733607,  -82.7094684 ,  -87.9250559 ,
        -82.03408287,  -89.74499987,  -80.98374951,  -84.21944436,
       -123.78438749,  -94.25807755, -355.01563492, -346.69356711,
        -96.26314272,  -97.79660096,  -95.05961514,  -93.77972827,
        -92.07030262, -284.37894045,  405.17528889,  382.0277767 ,
        387.32564962,  445.28049609,  422.08772208,  358.91488364,
        378.50739942,  451.28028639,  396.0131165 ,  396.34801258,
         49.62268664,   10.21893995,   60.75615141,   65.04716787,
         24.17523685,   34.11031896,   69.74917973,   30.1682791 ,
         11.33150932,   44.0929565 ])
llh_GD_PWL_Renorm_K: array([-1.62254576e+02, -1.77262931e+03, -1.22986224e+04, -2.26792878e+03,
       -2.88662946e+02, -5.44908348e+03, -1.09627452e+03, -6.71486470e+03,
       -1.15924909e+02, -2.23197828e+02, -1.14048599e+03, -1.89791188e+02,
       -1.96478061e+03, -2.44602421e+02, -1.32646697e+02, -1.76947202e+02,
       -1.87929822e+02, -1.21527428e+02, -1.20209962e+02, -1.31275539e+02,
       -7.07664147e+02, -1.40339603e+02, -7.61839769e+04, -2.01114801e+04,
       -2.04076435e+02, -1.39088879e+02, -4.89095756e+02, -1.75746562e+02,
       -1.33521730e+02, -2.04388075e+04,  4.50456082e+02, -8.70472084e+02,
        4.01070327e+02,  3.79391742e+02,  4.32505117e+02, -4.94724031e+02,
        3.91236807e+02,  3.75567684e+02,  4.55866005e+02,  3.72247496e+02,
        5.13946055e+01, -9.57801969e+02,  6.00888219e+01,  7.62521603e+01,
       -2.07910627e+01, -2.38214622e+01,  5.80089386e+01,  6.71604187e+01,
        4.30113668e+01,  6.47302784e+01])
llh_GD_PWL_Renorm_c: array([-2.17833792e+02, -2.46424791e+02, -2.13680354e+02, -2.04305233e+02,
       -1.37066039e+02, -5.44908348e+03, -2.37133182e+02, -3.22372704e+02,
       -1.58483347e+02, -1.22855755e+02, -2.10434034e+02, -2.22257958e+02,
       -4.77061855e+02, -1.29171486e+02, -1.51708247e+02, -2.24234824e+02,
       -2.61589770e+02, -1.85942675e+02, -3.52235512e+02, -2.27388401e+02,
       -2.31139870e+02, -2.34461828e+02, -5.71819668e+02, -4.59084572e+02,
       -1.51110421e+02, -1.87701226e+02, -1.84040840e+02, -2.73537176e+02,
       -3.09233475e+02, -4.87901866e+02,  3.74853081e+02,  4.45162428e+02,
        3.41846957e+02,  3.96300131e+02,  4.38248867e+02,  4.01517481e+02,
        4.55821227e+02,  4.37114522e+02,  4.01332205e+02,  3.79788527e+02,
        2.51549088e+01,  4.52027818e+00,  4.22483530e+01,  6.23566479e+01,
        6.28399412e+01,  6.89172773e+01,  6.52827608e+01,  4.16344916e+01,
        6.17989849e+01,  2.99521653e+01])
lllh_GD_PWL_Renorm_p: array([ -156.88001359,  -133.7672707 ,  -144.20446228,  -173.93609547,
        -107.46022885, -5449.08347545,  -235.93554105,  -146.19889631,
        -111.94369973,  -107.20931282,  -111.55341916,  -157.0513157 ,
        -280.31598845,   -98.42626115,  -109.49632386,  -152.47171783,
        -222.33793241,  -125.64843167,  -289.99164648,  -157.2895154 ,
        -133.13480461,  -161.76778564,  -256.13846333,  -245.0789901 ,
        -109.66979438,  -131.65463664,  -136.33990271,  -182.86177495,
        -278.75617517,  -209.94384651,   364.03950759,   344.73974816,
         363.56913407,   401.12221974,   418.36220824,   390.46926304,
         420.03018611,   428.85944602,   402.89419922,   371.22316598,
          48.45177642,    39.39065058,    60.40903777,    67.53927377,
          32.19997684,    42.58139499,    62.65689547,    38.23032577,
          62.78469457,    53.56867286])
llh_GD_PWL_Renorm_Kc: array([-2.01951941e+02, -1.83755753e+02, -1.69511769e+02, -1.59700129e+02,
       -1.54838661e+02, -1.55487531e+02, -8.86804914e+02, -1.00066185e+03,
       -1.13210276e+03, -1.27988634e+03, -1.44088091e+03, -1.60887477e+03,
       -3.34915488e+03, -5.57474619e+03, -7.59783824e+03, -1.00615452e+04,
       -1.26510711e+04, -1.43063881e+04, -7.25428998e+02, -8.63526336e+02,
       -1.06250649e+03, -1.32649864e+03, -1.64742484e+03, -1.99105248e+03,
       -1.64986133e+02, -1.64757622e+02, -1.72225218e+02, -1.87980249e+02,
       -2.12483643e+02, -2.46024311e+02, -5.44908348e+03, -5.44908348e+03,
       -5.44908348e+03, -5.44908348e+03, -5.44908348e+03, -5.44908348e+03,
       -4.02399865e+02, -4.19936510e+02, -4.71979861e+02, -5.65908670e+02,
       -7.07239284e+02, -8.93166177e+02, -2.87031924e+03, -3.49116781e+03,
       -4.21336662e+03, -5.00907608e+03, -5.80816060e+03, -6.46595655e+03,
       -1.51621409e+02, -1.44172088e+02, -1.37284355e+02, -1.30985499e+02,
       -1.25304738e+02, -1.20273368e+02, -1.48980966e+02, -1.54352031e+02,
       -1.62400532e+02, -1.73225351e+02, -1.86916429e+02, -2.03552458e+02,
       -5.15536384e+02, -5.66833454e+02, -6.37255068e+02, -7.28907536e+02,
       -8.43426087e+02, -9.81263155e+02, -2.11478911e+02, -1.93408950e+02,
       -1.80298442e+02, -1.72740716e+02, -1.71360817e+02, -1.76815030e+02,
       -1.17991042e+03, -1.28899917e+03, -1.40834456e+03, -1.53727281e+03,
       -1.67454153e+03, -1.81810396e+03, -1.52250792e+02, -1.54171402e+02,
       -1.61239975e+02, -1.73676315e+02, -1.91651155e+02, -2.15278209e+02,
       -1.39572494e+02, -1.29938220e+02, -1.23420565e+02, -1.20217577e+02,
       -1.20538159e+02, -1.24603358e+02, -2.19356534e+02, -2.11657558e+02,
       -2.04199354e+02, -1.96990284e+02, -1.90039079e+02, -1.83354868e+02,
       -2.28315251e+02, -1.94316514e+02, -1.69231386e+02, -1.54536460e+02,
       -1.51740404e+02, -1.62364237e+02, -1.70946076e+02, -1.58020835e+02,
       -1.46810608e+02, -1.37428506e+02, -1.29996807e+02, -1.24648264e+02,
       -3.11833483e+02, -2.68362859e+02, -2.28766481e+02, -1.93528590e+02,
       -1.63210730e+02, -1.38491715e+02, -2.07492356e+02, -1.89436467e+02,
       -1.73304446e+02, -1.59248717e+02, -1.47434882e+02, -1.38044084e+02,
       -3.85471735e+02, -4.04419840e+02, -4.35151823e+02, -4.79302779e+02,
       -5.38520414e+02, -6.14294872e+02, -2.19194413e+02, -2.02580391e+02,
       -1.87223772e+02, -1.73215595e+02, -1.60656023e+02, -1.49656103e+02,
       -9.53756614e+02, -9.53756614e+02, -9.53756614e+02, -9.53756614e+02,
       -9.53756614e+02, -9.53755554e+02, -9.53756613e+02, -9.53756273e+02,
       -9.53633626e+02, -9.16351738e+02, -3.24706735e+02, -2.02173034e+03,
       -1.61634389e+02, -1.58215598e+02, -1.58714289e+02, -1.63358660e+02,
       -1.72353338e+02, -1.85876564e+02, -1.80274633e+02, -1.72013290e+02,
       -1.64277445e+02, -1.57090840e+02, -1.50478822e+02, -1.44468497e+02,
       -2.70639227e+02, -2.72620886e+02, -2.86621283e+02, -3.14389117e+02,
       -3.57287856e+02, -4.15816871e+02, -2.68092244e+02, -2.50730793e+02,
       -2.34082540e+02, -2.18199279e+02, -2.03138319e+02, -1.88963551e+02,
       -2.56510622e+02, -2.13626453e+02, -1.78095929e+02, -1.51094863e+02,
       -1.33812378e+02, -1.27498416e+02, -8.53865895e+03, -1.54034677e+04,
       -2.65607493e+04, -3.21492323e+04, -3.53822076e+04, -3.36312947e+04,
        3.89345726e+02,  4.03925332e+02,  4.16872700e+02,  4.28098282e+02,
        4.37506481e+02,  4.44995318e+02,  2.61361150e+02,  1.72705989e+02,
        4.32472919e+01, -1.27755621e+02, -3.39766370e+02, -5.89754037e+02,
        3.45601235e+02,  3.55898694e+02,  3.65792861e+02,  3.75270786e+02,
        3.84319040e+02,  3.92923700e+02,  3.95852999e+02,  3.93222012e+02,
        3.90545380e+02,  3.87823574e+02,  3.85057059e+02,  3.82246297e+02,
        4.50562579e+02,  4.55452241e+02,  4.57427008e+02,  4.56311582e+02,
        4.51919698e+02,  4.44053858e+02,  1.90882443e+02,  1.17072864e+02,
        2.78003349e+01, -7.75526843e+01, -1.99527599e+02, -3.38525184e+02,
        4.49686850e+02,  4.44333590e+02,  4.37311586e+02,  4.28557472e+02,
        4.18005736e+02,  4.05588751e+02,  4.33757956e+02,  4.31800068e+02,
        4.26951640e+02,  4.19065622e+02,  4.07985508e+02,  3.93544997e+02,
        4.17508644e+02,  4.30064742e+02,  4.40354330e+02,  4.48235617e+02,
        4.53557273e+02,  4.56157982e+02,  3.79850284e+02,  3.78603329e+02,
        3.77348254e+02,  3.76085096e+02,  3.74813893e+02,  3.73534680e+02,
        3.07348798e+01,  3.57191369e+01,  4.01216256e+01,  4.39173263e+01,
        4.70799856e+01,  4.95820511e+01, -2.20633101e+02, -2.65183723e+02,
       -3.35749267e+02, -4.36419365e+02, -5.71262344e+02, -7.44025534e+02,
        4.40585052e+01,  4.70624179e+01,  4.99375685e+01,  5.26809312e+01,
        5.52894002e+01,  5.77597878e+01,  6.56331785e+01,  6.85254339e+01,
        7.09903792e+01,  7.30122634e+01,  7.45746869e+01,  7.56605766e+01,
        4.64617147e+01,  3.88862801e+01,  2.99327194e+01,  1.95457640e+01,
        7.66857570e+00, -5.75715064e+00,  5.35459465e+01,  4.61141865e+01,
        3.66389906e+01,  2.50170017e+01,  1.11408756e+01, -5.10045792e+00,
        6.84234857e+01,  7.01907303e+01,  7.06565839e+01,  6.97494491e+01,
        6.73934566e+01,  6.35082781e+01,  5.70192407e+01,  6.57555035e+01,
        7.19779726e+01,  7.54735638e+01,  7.60092555e+01,  7.33306279e+01,
        6.27605246e+01,  6.37252663e+01,  6.31150825e+01,  6.08387231e+01,
        5.67991241e+01,  5.08931541e+01,  3.51425294e+01,  4.13063093e+01,
        4.70054072e+01,  5.22193643e+01,  5.69267091e+01,  6.11049019e+01])
llh_GD_PWL_Renorm_Kp: array([-1.33151768e+02, -1.15813516e+02, -1.06128986e+02, -1.05135509e+02,
       -1.13310077e+02, -1.30584182e+02, -1.86025673e+02, -2.76041210e+02,
       -4.16175340e+02, -6.21312535e+02, -9.07746153e+02, -1.28985986e+03,
       -1.17019076e+02, -1.81286114e+02, -4.36574724e+02, -1.08964960e+03,
       -2.56691086e+03, -5.73447049e+03, -1.22053249e+02, -1.03421540e+02,
       -1.44995932e+02, -2.93455952e+02, -6.25077118e+02, -1.24887977e+03,
       -9.96953209e+01, -1.03841314e+02, -1.21265327e+02, -1.51991129e+02,
       -1.93800519e+02, -2.41708272e+02, -5.44908348e+03, -5.44908348e+03,
       -5.44908348e+03, -5.44908348e+03, -5.44908348e+03, -5.44908348e+03,
       -1.65214257e+02, -1.14971146e+02, -1.02111773e+02, -1.54870031e+02,
       -3.15162090e+02, -6.28499364e+02, -2.29927550e+02, -4.11161489e+02,
       -7.50057936e+02, -1.34318871e+03, -2.34475220e+03, -4.00033833e+03,
       -1.09967611e+02, -1.08882158e+02, -1.08647911e+02, -1.09239193e+02,
       -1.10645333e+02, -1.12869331e+02, -1.17018785e+02, -1.30420649e+02,
       -1.46841842e+02, -1.65434854e+02, -1.85127598e+02, -2.04744575e+02,
       -1.11133235e+02, -1.37855378e+02, -2.02408595e+02, -3.18567480e+02,
       -5.02769324e+02, -7.71912321e+02, -1.31789367e+02, -1.14204616e+02,
       -1.05916200e+02, -1.08357276e+02, -1.22361277e+02, -1.47950190e+02,
       -3.76369100e+02, -5.05642524e+02, -6.75533639e+02, -8.94707825e+02,
       -1.17324728e+03, -1.52337845e+03, -9.97935353e+01, -1.09461021e+02,
       -1.27247934e+02, -1.52097507e+02, -1.81943240e+02, -2.13856181e+02,
       -1.01413927e+02, -9.84503704e+01, -1.00155264e+02, -1.05637097e+02,
       -1.13673782e+02, -1.22990582e+02, -1.50640574e+02, -1.49946686e+02,
       -1.50566557e+02, -1.52780251e+02, -1.57068603e+02, -1.64365346e+02,
       -1.71781368e+02, -1.32063399e+02, -1.07173193e+02, -1.01010312e+02,
       -1.15490392e+02, -1.47512156e+02, -1.15596043e+02, -1.08914951e+02,
       -1.05489923e+02, -1.05090801e+02, -1.07488694e+02, -1.12710749e+02,
       -2.34067282e+02, -1.87166975e+02, -1.51439807e+02, -1.27945111e+02,
       -1.16048154e+02, -1.13943986e+02, -1.39219249e+02, -1.25356487e+02,
       -1.15961914e+02, -1.11158147e+02, -1.11068745e+02, -1.16431106e+02,
       -1.21845597e+02, -1.26563096e+02, -1.53410533e+02, -2.10488513e+02,
       -3.08288150e+02, -4.60876739e+02, -1.48119359e+02, -1.37862203e+02,
       -1.31067617e+02, -1.27739197e+02, -1.27916773e+02, -1.31861289e+02,
       -6.14532199e+02, -1.48687837e+03, -3.44010951e+03, -7.66707990e+03,
       -1.66797325e+04, -3.57773304e+04, -4.72197548e+02, -9.28871474e+02,
       -1.78716056e+03, -3.34973219e+03, -6.15250511e+03, -1.11553478e+04,
       -1.06087690e+02, -1.09105245e+02, -1.18865455e+02, -1.34883591e+02,
       -1.55867675e+02, -1.79740958e+02, -1.28897303e+02, -1.27361824e+02,
       -1.27046592e+02, -1.27972601e+02, -1.30198858e+02, -1.33840094e+02,
       -1.14208813e+02, -1.07919543e+02, -1.23294312e+02, -1.66824279e+02,
       -2.43917419e+02, -3.54978032e+02, -1.73722234e+02, -1.67484557e+02,
       -1.64064430e+02, -1.63328795e+02, -1.65121904e+02, -1.69296375e+02,
       -2.19801954e+02, -1.69539461e+02, -1.31888898e+02, -1.10541572e+02,
       -1.06737147e+02, -1.16812692e+02, -4.15682406e+02, -8.50330068e+02,
       -1.69387223e+03, -3.26640406e+03, -6.13416232e+03, -1.12891227e+04,
        3.86356332e+02,  4.05428149e+02,  4.21405133e+02,  4.34478153e+02,
        4.44761312e+02,  4.51844427e+02,  3.88187263e+02,  3.72229768e+02,
        2.81095678e+02,  1.02108677e+02, -1.66736752e+02, -5.06548521e+02,
        3.73668304e+02,  3.82726935e+02,  3.90659481e+02,  3.97298893e+02,
        4.02299236e+02,  4.04808386e+02,  3.95560138e+02,  3.89834458e+02,
        3.83955597e+02,  3.77933264e+02,  3.71776509e+02,  3.72765255e+02,
        4.26489511e+02,  4.31263230e+02,  4.33488806e+02,  4.34036558e+02,
        4.33720189e+02,  4.33139210e+02,  3.43907879e+02,  2.67521137e+02,
        1.59958992e+02,  2.22944719e+01, -1.40578963e+02, -3.18437209e+02,
        4.16600922e+02,  4.12412943e+02,  4.07819883e+02,  4.03157997e+02,
        3.98717555e+02,  3.94710569e+02,  4.35959622e+02,  4.37945578e+02,
        4.34977643e+02,  4.27417424e+02,  4.15812297e+02,  4.00577298e+02,
        4.16239335e+02,  4.26945449e+02,  4.35524927e+02,  4.42442574e+02,
        4.48049019e+02,  4.52527128e+02,  3.71444260e+02,  3.71639710e+02,
        3.71809972e+02,  3.71955479e+02,  3.72076643e+02,  3.72173857e+02,
        5.57416867e+01,  6.19328184e+01,  6.69965676e+01,  7.08763347e+01,
        7.34172242e+01,  7.41002451e+01,  6.26187871e+01,  5.82580172e+01,
        1.48967590e+01, -8.27474819e+01, -2.54279533e+02, -5.24071951e+02,
        6.13447508e+01,  6.19917895e+01,  6.23307778e+01,  6.23390297e+01,
        6.19899683e+01,  6.12522975e+01,  6.97842509e+01,  7.17092166e+01,
        7.33134297e+01,  7.45882612e+01,  7.55180283e+01,  7.60812538e+01,
        2.47718073e+01,  1.67599500e+01,  8.50533241e+00,  3.50745673e-01,
       -7.39171382e+00, -1.44807707e+01,  3.49926662e+01,  2.57464645e+01,
        1.54264006e+01,  4.69563205e+00, -5.77178369e+00, -1.53947290e+01,
        6.47991721e+01,  6.56541803e+01,  6.55018708e+01,  6.46110537e+01,
        6.31618261e+01,  6.11187213e+01,  4.89919086e+01,  5.63972818e+01,
        6.11633193e+01,  6.40900429e+01,  6.58711785e+01,  6.69001217e+01,
        6.46937612e+01,  6.45524968e+01,  6.26759003e+01,  5.94522889e+01,
        5.52486092e+01,  5.01454428e+01,  5.86783697e+01,  6.29312994e+01,
        6.62547969e+01,  6.85037738e+01,  6.94110499e+01,  6.84845796e+01])
max_PWL_Renorm: 457.4270075374128
llh_GD_QEXP: array([ 396.21632242,  333.40676217,  495.96479095,  402.27945056,
        406.15341995,  506.43630371,  484.10690241,  499.78285137,
        462.48200374,  558.21273957,  512.4950822 ,  642.06585669,
        408.08143895,  510.38002589,  220.07861811,  427.20721039,
        619.22950239,  609.23541271,  661.9701449 ,  515.75492811,
        467.37232991,  334.98692668,  423.25667012,  443.02484962,
        338.99697916,  562.27152944,  219.68227182,  534.95691835,
        399.42576583,  426.4040526 , 2708.13312572, 1941.21003416,
       2513.49838473, 2036.03629616, 2622.67506021, 2507.82972352,
       2618.20713267, 2683.54184062, 1989.52776192, 2387.88588915,
        480.35404469,  970.36223833, 1056.1654085 ,  464.83707664,
        780.92648893,  941.46134364,  864.02524789,  915.4576206 ,
        835.43767694,  677.51074402])
llh_GD_QEXP_Renorm_a: array([ -538.41511296,  -513.16128965,  -442.05027608,  -442.59181953,
        -453.49667448,  -515.31649819,  -501.98000065,  -445.53842115,
        -503.29554742,  -499.37320666,  -492.59222665,  -486.23547512,
        -613.13009205,  -483.58178357,  -607.80377501,  -503.32824596,
        -511.87746487,  -556.21134964,  -526.74287978,  -563.44008676,
        -456.74972147,  -477.76460481,  -449.68800589,  -430.79985105,
        -519.42171271,  -449.78732424,  -520.30080754,  -435.02254846,
        -468.37937609,  -457.42299713,  -865.36177539,  -847.05921646,
        -928.30567086, -1086.64747431,  -941.37829626, -1053.27632382,
        -851.05552429,  -870.27055183, -1435.37504235,  -996.76312077,
        -757.24420305,  -582.31075747,  -543.7016687 ,  -590.00473021,
        -590.37189603,  -539.66560946,  -601.10142322,  -588.99749285,
        -610.48140729,  -559.57691732])
lllh_GD_QEXP_Renorm_q: array([ 605.32925972,  479.42007081,  598.3283978 ,  503.96127844,
        522.14224067,  690.09902719,  654.60198887,  604.88828782,
        631.62137722,  722.76072516,  644.70289117,  769.78712086,
        637.54020563,  633.97031847,  444.50199374,  565.40098351,
        771.31402086,  808.25985802,  831.22197217,  721.59823732,
        591.24506046,  457.49980446,  538.13715216,  544.4441378 ,
        506.10458808,  681.8589973 ,  414.31753256,  639.28511807,
        540.45728507,  549.76228825, 3094.81503257, 2290.31674357,
       2958.27831493, 2640.8886553 , 3088.55584497, 3079.95516523,
       2981.80997158, 3071.86284483, 2959.75151172, 2899.56012203,
        815.76654863, 1146.53121114, 1193.81921308,  618.5162058 ,
        962.32556339, 1076.01306656, 1056.54077646, 1093.59426543,
       1035.07952106,  825.1783444 ])
llh_GD_QEXP_Renorm_aq: array([ 468.27260742,  328.48209145,  183.16763215,   27.44623757,
       -145.29058195, -338.17133503,  359.56295157,  236.93372929,
        109.28360391,  -26.90557201, -175.98671602, -340.23296656,
        464.05152019,  328.81392661,  191.55810255,   50.1988348 ,
        -99.03355848, -261.72335143,  382.68261819,  260.18594272,
        135.34645488,    6.15157279, -130.67183645, -279.40717729,
        398.1808609 ,  272.88529755,  144.99116206,   12.2193542 ,
       -129.12466575, -283.70158091,  542.19622505,  392.5727186 ,
        239.12004409,   77.58829769,  -99.26354353, -298.91775921,
        511.75428188,  367.26495686,  219.22378974,   63.86870676,
       -105.15945526, -294.84818985,  469.65922865,  333.44306426,
        195.143147  ,   52.5892896 ,  -98.14525731, -262.83354621,
        491.87706613,  350.36532632,  205.11552858,   52.35197154,
       -114.08923759, -300.57539216,  570.59048992,  417.09562603,
        260.53824487,   97.22011444,  -79.7271592 , -279.07390452,
        500.04189626,  353.98999579,  205.14491341,   50.88157196,
       -113.25897539, -293.30450615,  607.88579722,  445.01031878,
        279.96236226,  110.22087029,  -69.09738466, -265.78797943,
        490.5976097 ,  339.40464876,  180.2039153 ,    7.13968799,
       -186.12995247, -399.09617491,  490.92255982,  346.58026116,
        199.65367394,   47.73411705, -113.28920567, -289.12313805,
        320.9881855 ,  192.06959885,   54.63144082,  -94.98195821,
       -259.01978538, -434.15876301,  431.31834329,  295.41532214,
        156.10254784,   10.64562993, -145.14109245, -316.08342307,
        608.94304097,  445.30974789,  278.87839739,  106.47028719,
        -77.85111998, -282.67121278,  640.25880291,  470.5099895 ,
        296.82207235,  114.66933236,  -84.0301697 , -308.84210806,
        660.38887992,  488.29972889,  313.29730537,  131.79830709,
        -63.13744262, -281.61810077,  565.25140868,  406.6193691 ,
        243.2164479 ,   70.36955383, -119.30578847, -332.7396918 ,
        458.87321005,  325.34486992,  189.34289794,   48.24084537,
       -102.68542283, -270.03113787,  342.81869594,  226.10657716,
        105.62319412,  -21.53784049, -159.52952602, -312.22065438,
        413.16600968,  286.96691056,  158.26758516,   24.65683781,
       -117.99371912, -275.22520248,  418.86682709,  292.33228853,
        163.82322409,   31.36502005, -108.57267145, -261.22791072,
        383.8240483 ,  258.75310896,  128.36577192,  -11.50966747,
       -166.27658532, -338.66791321,  536.96914321,  391.2590508 ,
        243.62832322,   91.6483424 ,  -69.59124023, -248.11440757,
        303.59016297,  189.46707256,   69.47718045,  -59.93890861,
       -202.5448217 , -358.88027796,  500.46718071,  360.87375216,
        219.52970273,   74.35348856,  -78.76121828, -246.55747301,
        414.86533457,  287.7655785 ,  157.61154299,   21.52157543,
       -125.24721604, -288.37785532,  423.08078825,  295.09661915,
        164.43770257,   28.4905336 , -117.20925817, -278.49571029,
       2579.13184069, 2061.06409737, 1537.38499388, 1000.93682693,
        437.13388732, -178.33759613, 1886.49937347, 1478.58579742,
       1062.93021793,  633.14585451,  179.10068147, -312.02002697,
       2461.12482122, 1960.58596832, 1452.42521318,  927.75827029,
        369.83691347, -245.53714158, 2184.44706336, 1720.61830088,
       1241.92153313,  735.05418188,  180.79503486, -434.81677224,
       2573.12506639, 2054.51060643, 1528.47540876,  985.80859743,
        408.51148973, -230.26847043, 2564.49675956, 2044.32038167,
       1513.31893295,  958.69183232,  357.38007117, -317.52199385,
       2482.08864405, 1979.88833256, 1472.02434839,  951.63952874,
        405.15177603, -189.58379717, 2559.36301393, 2044.38435097,
       1523.61190538,  989.74975552,  428.07192096, -185.61841287,
       2439.92421018, 1893.31279412, 1295.8539868 ,  621.6888891 ,
       -116.61631882, -831.04796395, 2409.71540131, 1915.36233322,
       1411.10527701,  886.06170561,  321.05282215, -307.43526636,
        622.72871026,  418.20921982,  197.02513472,  -42.97063279,
       -294.32898323, -538.48499834,  922.84385864,  697.69802545,
        469.3048749 ,  233.99904403,  -14.86776865, -286.21916354,
        963.88086332,  733.02673913,  500.04727642,  262.31129737,
         14.58050853, -251.6859093 ,  465.84881068,  309.96719346,
        148.98827677,  -19.6348526 , -198.68817837, -389.7059624 ,
        763.92807801,  563.39920341,  358.6568967 ,  145.99021018,
        -80.29945463, -326.16457202,  862.64692429,  648.19453257,
        431.39438649,  209.69996431,  -21.58347621, -269.53243357,
        845.03599181,  631.51488399,  413.78111116,  187.68682828,
        -53.49926105, -317.09193006,  877.17037103,  659.04565859,
        437.26631761,  207.9971329 ,  -35.35073754, -300.86172273,
        826.3397554 ,  615.33391004,  399.67616768,  174.97814737,
        -65.58713848, -328.7027869 ,  646.16337871,  465.18600283,
        280.60381617,   89.67699531, -111.62801306, -327.73685588])
max_QEXP_Renorm: 3094.8150325723523
llh_GD_RAY: array([ -82.23718152,  -82.09837638,  -83.30931532,  -87.49312733,
        -81.89374388,  -82.80845774,  -83.26120959,  -82.8634067 ,
        -81.95235811,  -95.73904978,  -82.79323364,  -89.2686997 ,
        -79.6180389 ,  -86.5905483 ,  -81.01335251,  -88.96755594,
        -89.95422392, -102.66313388,  -79.66106847,  -90.03310644,
        -99.92862162,  -93.12787489,  -92.96301878,  -94.01952181,
        -91.0603265 ,  -93.66486917,  -91.11248332,  -93.91326232,
        -98.4416313 ,  -93.96508062,  385.08206369,  436.5340866 ,
        452.65581233,  432.4688273 ,  445.64435769,  450.88304524,
        434.50768125,  420.37126031,  457.51823712,  448.91954481,
         68.32607869,   72.68398215,   81.76897558,   15.15384891,
         47.0404069 ,   55.08729574,   76.88583471,   46.52965316,
         83.84962666,   80.93595857])
llh_GD_RAY_Renorm_gamma: array([ -95.68218766,  -94.57670078, -101.0020353 ,  -98.8530197 ,
        -89.54574121,  -98.92828799, -101.93562623,  -99.69854597,
        -94.41323612,  -89.86637336,  -97.21619111,  -96.87848318,
        -98.25877684,  -95.62554739, -102.28686499,  -95.31412837,
        -94.57258762,  -94.22299662,  -95.55712501,  -94.65809445,
       -101.84344577, -100.47184955, -103.18272157, -115.51678132,
        -99.62966389, -100.47471889, -102.52719242, -126.28643746,
       -100.94720351, -112.44156367,  370.61337676,  423.90784092,
        428.44808398,  413.99669188,  426.52263779,  428.2694116 ,
        418.70233974,  415.49215116,  429.40324603,  426.47280068,
         58.09262696,   61.86520052,   57.69411886,    3.75350952,
         43.17331451,   51.17561535,   62.21963504,   58.31458913,
         57.13926044,   57.84883867])
llh_GD_RAY_Renorm_eta: array([ -89.79558661,  -90.40028235,  -90.23870545,  -95.8567933 ,
        -89.30041575,  -90.09358547,  -92.17708578,  -90.27299194,
        -90.02224658,  -92.40456385,  -94.95556296,  -96.02731059,
        -94.32571019,  -94.73458766,  -96.0289372 ,  -95.25746766,
        -94.20533852,  -93.84183661,  -93.85026851,  -94.85560024,
       -102.12964541, -100.03712577, -100.86613957, -102.82051663,
        -99.24919948,  -99.46738673,  -99.54214998, -102.9126291 ,
       -100.5792771 , -100.61942851,  365.44620161,  422.4000352 ,
        425.52347565,  409.70649247,  424.83758729,  424.93963138,
        416.96504459,  414.43633687,  428.80408108,  423.71040976,
         56.47458145,   58.65325922,   61.02678262,   -4.87678804,
         44.83601077,   38.59670184,   61.69885511,   43.22739686,
         60.82432052,   61.76799752])
llh_GD_RAY_Renorm_gammaeta: array([-9.01657931e+01, -9.06625870e+01, -9.13022535e+01, -9.21022030e+01,
       -9.30821750e+01, -9.42658068e+01, -9.07675754e+01, -9.12014478e+01,
       -9.17072522e+01, -9.22907763e+01, -9.29584588e+01, -9.37176232e+01,
       -9.08917905e+01, -9.17677219e+01, -9.29001332e+01, -9.43299328e+01,
       -9.61095334e+01, -9.83060268e+01, -9.62350558e+01, -9.66289454e+01,
       -9.70390182e+01, -9.74658522e+01, -9.79100470e+01, -9.83722228e+01,
       -8.92789625e+01, -8.92734766e+01, -8.92855053e+01, -8.93167781e+01,
       -8.93691919e+01, -8.94447907e+01, -9.06436473e+01, -9.13781292e+01,
       -9.23228629e+01, -9.35078750e+01, -9.49703878e+01, -9.67575843e+01,
       -9.30188780e+01, -9.40090888e+01, -9.51655144e+01, -9.65094356e+01,
       -9.80659504e+01, -9.98639601e+01, -9.08820989e+01, -9.16818090e+01,
       -9.26985498e+01, -9.39638098e+01, -9.55170669e+01, -9.74081864e+01,
       -9.03627349e+01, -9.07845425e+01, -9.12955193e+01, -9.19039959e+01,
       -9.26191526e+01, -9.34514767e+01, -9.19197198e+01, -9.14773899e+01,
       -9.10762518e+01, -9.07153441e+01, -9.03938545e+01, -9.01110375e+01,
       -9.51735028e+01, -9.54210396e+01, -9.57013382e+01, -9.60176727e+01,
       -9.63733714e+01, -9.67717700e+01, -9.61361318e+01, -9.62490338e+01,
       -9.63661232e+01, -9.64875066e+01, -9.66132903e+01, -9.67435805e+01,
       -9.45777336e+01, -9.49018682e+01, -9.53149434e+01, -9.58362080e+01,
       -9.64864388e+01, -9.72868629e+01, -9.48360562e+01, -9.49452732e+01,
       -9.50627332e+01, -9.51889507e+01, -9.53244581e+01, -9.54698034e+01,
       -9.65722166e+01, -9.72126963e+01, -9.79611669e+01, -9.88288420e+01,
       -9.98282881e+01, -1.00974658e+02, -9.52654618e+01, -9.52734892e+01,
       -9.52815499e+01, -9.52896441e+01, -9.52977718e+01, -9.53059332e+01,
       -9.42490221e+01, -9.42953976e+01, -9.43445986e+01, -9.43967662e+01,
       -9.44520485e+01, -9.45106013e+01, -9.38756364e+01, -9.39158239e+01,
       -9.39627119e+01, -9.40166013e+01, -9.40777757e+01, -9.41464962e+01,
       -9.39439195e+01, -9.40725520e+01, -9.42424820e+01, -9.44628475e+01,
       -9.47454370e+01, -9.51046148e+01, -9.48255716e+01, -9.47961656e+01,
       -9.47673711e+01, -9.47391775e+01, -9.47115738e+01, -9.46845496e+01,
       -1.02087439e+02, -1.02045678e+02, -1.02004358e+02, -1.01963478e+02,
       -1.01923034e+02, -1.01883024e+02, -1.00091266e+02, -1.00147923e+02,
       -1.00207179e+02, -1.00269117e+02, -1.00333819e+02, -1.00401368e+02,
       -1.01111847e+02, -1.01383366e+02, -1.01682288e+02, -1.02010182e+02,
       -1.02368579e+02, -1.02758957e+02, -1.03920789e+02, -1.05235835e+02,
       -1.06779795e+02, -1.08564384e+02, -1.10601878e+02, -1.12909861e+02,
       -9.92840211e+01, -9.93238762e+01, -9.93695813e+01, -9.94220241e+01,
       -9.94821611e+01, -9.95510137e+01, -9.95527684e+01, -9.96536809e+01,
       -9.97723993e+01, -9.99113198e+01, -1.00072943e+02, -1.00259856e+02,
       -9.97253181e+01, -9.99667836e+01, -1.00279643e+02, -1.00677741e+02,
       -1.01175404e+02, -1.01787137e+02, -1.04586842e+02, -1.06719669e+02,
       -1.09348010e+02, -1.12511905e+02, -1.16283549e+02, -1.20799657e+02,
       -9.94699165e+01, -9.90394686e+01, -9.89961780e+01, -9.90852128e+01,
       -9.92582211e+01, -9.97255051e+01, -1.01363138e+02, -1.02360522e+02,
       -1.03654603e+02, -1.05282529e+02, -1.07273200e+02, -1.09650094e+02,
        3.66189056e+02,  3.66930384e+02,  3.67670165e+02,  3.68408377e+02,
        3.69144999e+02,  3.69880007e+02,  4.22625873e+02,  4.22848257e+02,
        4.23067174e+02,  4.23282606e+02,  4.23494539e+02,  4.23702956e+02,
        4.26060463e+02,  4.26558389e+02,  4.27016783e+02,  4.27435231e+02,
        4.27813397e+02,  4.28151046e+02,  4.10346880e+02,  4.10978255e+02,
        4.11600523e+02,  4.12213591e+02,  4.12817367e+02,  4.13411763e+02,
        4.25101137e+02,  4.25357154e+02,  4.25605590e+02,  4.25846401e+02,
        4.26079542e+02,  4.26304968e+02,  4.25547174e+02,  4.26111648e+02,
        4.26632458e+02,  4.27109059e+02,  4.27540975e+02,  4.27927836e+02,
        4.17220382e+02,  4.17473351e+02,  4.17723941e+02,  4.17972145e+02,
        4.18217952e+02,  4.18461353e+02,  4.14589245e+02,  4.14741463e+02,
        4.14892990e+02,  4.15043823e+02,  4.15193963e+02,  4.15343406e+02,
        4.28940614e+02,  4.29059650e+02,  4.29161431e+02,  4.29246265e+02,
        4.29314532e+02,  4.29366683e+02,  4.24158161e+02,  4.24588488e+02,
        4.25001220e+02,  4.25396184e+02,  4.25773211e+02,  4.26132136e+02,
        5.67226370e+01,  5.69651063e+01,  5.72019566e+01,  5.74331585e+01,
        5.76586856e+01,  5.78785149e+01,  5.93360128e+01,  5.99405682e+01,
        6.04681980e+01,  6.09211714e+01,  6.13026364e+01,  6.16162089e+01,
        6.06920048e+01,  6.03128909e+01,  5.98880580e+01,  5.94158064e+01,
        5.88941611e+01,  5.83209831e+01, -3.59519057e+00, -2.33050509e+00,
       -1.08235656e+00,  1.49659159e-01,  1.36598158e+00,  2.56709051e+00,
        4.46014291e+01,  4.43658359e+01,  4.41292487e+01,  4.38916852e+01,
        4.36531632e+01,  4.34137004e+01,  4.05671852e+01,  4.24936868e+01,
        4.43679044e+01,  4.61813978e+01,  4.79258174e+01,  4.95930983e+01,
        6.18598089e+01,  6.19926678e+01,  6.20975017e+01,  6.21738414e+01,
        6.22206773e+01,  6.22365387e+01,  4.59448932e+01,  4.85136280e+01,
        5.09076824e+01,  5.31034315e+01,  5.50803071e+01,  5.68214530e+01,
        6.04512508e+01,  6.00303772e+01,  5.95599668e+01,  5.90379547e+01,
        5.84620500e+01,  5.78298998e+01,  6.14659468e+01,  6.10833035e+01,
        6.06176030e+01,  6.00658427e+01,  5.94239767e+01,  5.86868818e+01])
max_RAY_Renorm: 429.40324603018155
llh_GD_GSS: array([-106.64819066, -119.87064434, -108.35071987, -122.77963363,
       -143.98642765,  -93.81042209, -101.11991556, -121.3767595 ,
       -114.42198995,  -88.74372633, -113.33178193, -146.01350936,
       -108.69708701, -154.66678763,  -96.9414982 ,  -93.75580443,
       -139.62899541, -103.55155968, -110.8433851 ,  -85.60943013,
       -104.79997831, -158.53891528,  -90.51591254,  -89.9663545 ,
        -91.86046249, -103.66838061,  -96.12795119, -165.29284756,
       -168.35713321, -144.71567243, -126.36111723,  400.05685058,
        346.29539484,  452.51952114,  351.80303779,  371.94633202,
        322.6409085 ,  377.99333142, -522.74813682,  275.89696146,
        -10.75481989,   53.26500019,   68.86200225,   12.09316636,
        -24.88159903,   90.93106631,  -94.94078557,   81.86867063,
         54.06397898, -140.05104066])
llh_GD_GSS_Renorm_kappa: array([-125.08603224, -455.52860082, -456.5912251 , -214.02621197,
       -228.43516743, -190.29403083, -208.17009341, -212.31684477,
       -164.71954128, -153.70859567, -484.86221483, -217.37008438,
       -150.14585865, -332.7426497 , -376.57179839, -247.39985964,
       -167.24212288, -497.46159222, -259.0247347 , -148.68361374,
       -976.75479995, -168.89176009, -164.30869109, -107.77197864,
       -163.97627907, -149.50692626, -313.29337683, -168.23344806,
       -220.88446145, -156.35941904, -349.98586413,  337.69669966,
        305.65285323,  418.24759591,  257.76456377,  301.44841529,
        202.45154134,  307.86954798, -598.64926997,  223.42472476,
        -79.63131319,  -55.53157331,   -6.92926532,  -50.83977393,
       -112.42420849,   52.72610008, -101.72604103,   21.27077067,
         -1.40528366, -278.37800291])
llh_GD_GSS_Renorm_tau: array([ -145.07614256,  -814.26286283,  -834.80962506,  -298.52197177,
        -986.90752985,  -489.34971069,  -469.49068902,  -208.11728239,
        -633.61812978,  -806.97771439,  -864.39206014,  -215.35565431,
        -166.92298369,  -824.82664448,  -814.48092712,  -785.16437049,
       -1096.43780464,  -723.01983322,  -643.9416899 , -1096.41708675,
        -912.18077046,  -139.50018062, -2538.94744118,  -304.75423397,
        -488.94768158,  -485.85950996,  -462.94946663,  -149.8279268 ,
        -414.13124613,  -138.21045509,  -662.65567955,   117.68967585,
         159.54088401,   136.1610819 ,   -35.63675485,    13.67911195,
         169.68753212, -2710.596561  ,  -854.37006724,  -189.42750534,
         -62.66747067,   -60.47887406,  -237.00769042,  -155.71743378,
        -226.67625308,  -660.58050694,  -104.93405587, -1398.14294834,
        -121.28666805,  -423.11021488])
llh_GD_GSS_Renorm_kappatau: array([-1.38037298e+02, -1.43492143e+02, -1.45334975e+02, -1.49461334e+02,
       -1.56400876e+02, -1.67828854e+02, -5.80181788e+02, -7.94317672e+02,
       -7.86147049e+02, -7.79833498e+02, -7.76032939e+02, -7.75578062e+02,
       -6.13762706e+02, -8.09530243e+02, -7.98627436e+02, -7.89806847e+02,
       -7.84043765e+02, -7.82634462e+02, -3.95288318e+02, -2.16281461e+02,
       -1.83434482e+02, -1.59505508e+02, -1.48449530e+02, -1.56147385e+02,
       -2.42951507e+02, -9.86907530e+02, -9.86907530e+02, -9.86907530e+02,
       -9.86907530e+02, -9.86907530e+02, -5.48661603e+02, -3.43983252e+02,
       -2.74184272e+02, -2.13929343e+02, -1.71016440e+02, -1.59098184e+02,
       -3.50973729e+02, -4.10233424e+02, -3.82861554e+02, -3.57804556e+02,
       -3.35873579e+02, -3.18104121e+02, -2.67806262e+02, -1.87982503e+02,
       -1.84644173e+02, -1.89125980e+02, -2.03909496e+02, -2.32815727e+02,
       -6.68644116e+02, -4.57176069e+02, -3.64133400e+02, -2.77329200e+02,
       -2.04915730e+02, -1.62359780e+02, -4.23429336e+02, -9.86907530e+02,
       -9.86907530e+02, -9.86907530e+02, -9.86907530e+02, -9.86907530e+02,
       -5.82740567e+02, -8.31275044e+02, -8.16542296e+02, -8.03851783e+02,
       -7.94032818e+02, -7.88142953e+02, -2.89662498e+02, -1.82300469e+02,
       -1.72463405e+02, -1.68550718e+02, -1.71952069e+02, -1.84460946e+02,
       -1.76712540e+02, -1.53901041e+02, -1.50440484e+02, -1.49516242e+02,
       -1.51608646e+02, -1.57503230e+02, -7.29630229e+02, -7.02942044e+02,
       -6.39940272e+02, -5.78671759e+02, -5.22642678e+02, -4.77234997e+02,
       -6.81784493e+02, -7.35223507e+02, -6.96091680e+02, -6.59065471e+02,
       -6.26109702e+02, -5.99997106e+02, -6.64408728e+02, -6.53397755e+02,
       -5.85680731e+02, -5.19577430e+02, -4.58244351e+02, -4.06510652e+02,
       -1.53834500e+02, -1.09643787e+03, -1.09643790e+03, -1.09643791e+03,
       -1.09643792e+03, -1.09643793e+03, -6.55293171e+02, -6.42696751e+02,
       -6.05887982e+02, -5.73773114e+02, -5.49109076e+02, -5.35801078e+02,
       -5.43712287e+02, -5.31229923e+02, -4.76807494e+02, -4.25907220e+02,
       -3.81061247e+02, -3.45946715e+02, -2.98911973e+02, -1.09640721e+03,
       -1.09641137e+03, -1.09641805e+03, -1.09642649e+03, -1.09643447e+03,
       -9.00437777e+02, -8.96870931e+02, -8.91804495e+02, -8.91291464e+02,
       -8.99090422e+02, -9.21252185e+02, -1.70601505e+02, -1.41275356e+02,
       -1.43381895e+02, -1.46515547e+02, -1.50892190e+02, -1.56995531e+02,
                   nan,             nan,             nan,             nan,
                   nan,             nan, -2.56219440e+02, -2.52308564e+02,
       -2.30586060e+02, -2.14643730e+02, -2.05901782e+02, -2.08432203e+02,
       -5.34066618e+02, -3.47266261e+02, -2.79682363e+02, -2.19477941e+02,
       -1.72603596e+02, -1.49392042e+02, -1.90305178e+02, -5.31128573e+02,
       -5.31610572e+02, -5.36261447e+02, -5.48505799e+02, -5.78738555e+02,
       -5.52192127e+02, -3.37562830e+02, -2.84250767e+02, -2.41167724e+02,
       -2.15208587e+02, -2.17334610e+02, -1.75500907e+02, -1.46160614e+02,
       -1.45571664e+02, -1.45869620e+02, -1.47180789e+02, -1.49787866e+02,
       -2.10947684e+02, -3.79955558e+02, -3.65269021e+02, -3.52561713e+02,
       -3.42854902e+02, -3.39166687e+02, -1.55214624e+02, -1.40041749e+02,
       -1.41552941e+02, -1.43619794e+02, -1.46441063e+02, -1.50569901e+02,
       -3.53453265e+02, -6.05514423e+02, -5.79857021e+02, -5.56440045e+02,
       -5.35516089e+02, -5.17363898e+02,  3.62165801e+02,  1.07653104e+02,
        9.66778963e+01,  8.02765728e+01,  5.69282291e+01,  2.29902277e+01,
        3.29048994e+02,  1.50379305e+02,  1.40427361e+02,  1.25651192e+02,
        1.04943814e+02,  7.55012447e+01,  4.41892514e+02,  1.34428735e+02,
        1.23782376e+02,  1.03284268e+02,  6.83247496e+01,  9.38782780e+00,
        2.94733468e+02, -5.11240046e+01, -7.05678778e+01, -9.92897276e+01,
       -1.37176432e+02, -1.81166955e+02,  3.32483037e+02,  6.54397432e-01,
       -1.58239716e+01, -4.01220794e+01, -7.29074376e+01, -1.14283723e+02,
        1.93117523e+02,  1.81970126e+02,  1.77527444e+02,  1.64263235e+02,
        1.40631998e+02,  1.03976269e+02,  2.81249712e+02, -2.71059656e+03,
       -2.71059656e+03, -2.71059656e+03, -2.71059656e+03, -2.71059656e+03,
       -6.10770465e+02, -8.02639812e+02, -7.79804963e+02, -7.59305031e+02,
       -7.41406372e+02, -7.26402765e+02,  1.93922551e+02,  9.10784555e-01,
        8.44044998e+01,  1.58062889e+02,  2.19272095e+02,  2.64085069e+02,
       -6.67287188e+01, -7.14790646e+01, -8.03377228e+01, -9.29114879e+01,
       -1.09886061e+02, -1.32676201e+02, -1.07051515e+01, -2.09533350e+01,
       -7.98045748e+00, -7.26370708e-01, -2.52851657e-01, -7.59845331e+00,
        2.82577400e+01, -1.96132454e+02, -1.78577817e+02, -1.63584917e+02,
       -1.52697434e+02, -1.50835835e+02, -5.03167018e+01, -1.36081112e+02,
       -1.27300180e+02, -1.19294586e+02, -1.12133961e+02, -1.05893897e+02,
       -1.32571672e+02, -1.94770935e+02, -1.80976351e+02, -1.68895719e+02,
       -1.58770060e+02, -1.50872640e+02,  5.79390159e+01, -6.86177285e+02,
       -7.02607292e+02, -7.25052370e+02, -7.54834805e+02, -8.06225917e+02,
       -1.58975722e+02, -7.10942669e+01, -6.19138688e+01, -5.93634219e+01,
       -6.49298240e+01, -8.07046460e+01,  2.94218071e+01, -1.39814295e+03,
       -1.39814295e+03, -1.39814295e+03, -1.39814295e+03, -1.39814295e+03,
       -2.29045082e+01, -1.16292427e+02, -1.19615331e+02, -1.28721276e+02,
       -1.45216186e+02, -1.72543356e+02, -2.69225569e+02, -4.09220601e+02,
       -4.03120724e+02, -3.97645977e+02, -3.92847269e+02, -3.88779478e+02])
max_GSS_Renorm: nan
