llh_GD_EXP: array([-1.52106118e+09, -3.21482963e+08, -4.58132129e+08,  3.18817524e+02,
        9.91856958e+01, -1.57041549e+03, -3.66750016e+11,  4.31000406e+02,
        2.23528814e+02, -1.10292567e+07])
llh_GD_EXP_Renorm_alpha: array([ -2.59882918,  68.23013326, -16.18205254, -51.03381893,
       -14.64705318,  58.8870695 , 114.82457037,  -3.07425969,
         4.97431419,  50.56854987])
llh_GD_EXP_Renorm_beta: array([130.75001543, 120.90989303, 150.06002201, -16.39142615,
        -3.29611363, -38.90259901, 271.27584782, -32.42056567,
       -57.43193898, 120.44410545])
llh_GD_EXP_Renorm_alphabeta: array([ 7.65373036e+01,  4.32572224e+01,  2.20201175e+01,  7.73151552e+00,
        1.08027567e+02,  9.64550534e+01,  8.60482376e+01,  7.66782672e+01,
        7.49528367e+01,  3.53275893e+01,  1.20462723e+01, -3.85836959e+00,
       -3.95483196e+00, -1.06903143e+01, -2.69782273e+01, -4.27544472e+01,
       -4.55951121e+00, -6.40320744e+00, -8.76127688e+00, -1.15429040e+01,
       -2.82121264e+01, -1.57007216e+01,  6.20488223e-02,  2.19510325e+01,
        2.28487640e+02,  1.92486098e+02,  1.62142159e+02,  1.36516546e+02,
       -2.55865774e+01, -1.87092761e+01, -1.23001789e+01, -6.92769139e+00,
       -4.89279159e+01, -3.48909619e+01, -1.79850718e+01, -2.99567635e+00,
        1.01631112e+02,  8.57576779e+01,  7.22495029e+01,  6.06436820e+01])
max_EXP_Renorm: 271.27584781762346
llh_GD_PWL: array([-10.39652515, -10.6024041 ,          nan,  -8.28053362,
        -6.70216304,  -8.33024506,          nan,          nan,
                nan,          nan])
llh_GD_PWL_Renorm_K: array([ -2416.79204409,   -110.892531  ,  -1588.01775401,    -38.87664307,
        -2164.59510421,    -60.10138349,   -136.46915567,    201.86426503,
           94.23467972, -36825.56498765])
llh_GD_PWL_Renorm_c: array([-2254.57586507,   -71.23849588,  -152.70918414,   -44.28349933,
       -2132.27860427,   -82.31116606,   239.99635654,    92.00205292,
          79.61277727,  -238.46263349])
lllh_GD_PWL_Renorm_p: array([-2351.01447325,   -79.39786046,   -66.72083101,   -37.27428351,
       -2132.06380541,   -80.24017885,   224.67081619,    39.36626238,
          78.03366064,    45.94084431])
llh_GD_PWL_Renorm_Kc: array([-2.35166651e+03, -2.41679204e+03, -2.41679204e+03, -2.41679204e+03,
       -7.41299945e+01, -6.64978500e+01, -6.93427094e+01, -8.49015008e+01,
       -1.24469152e+03, -1.46084183e+03, -1.64711824e+03, -1.72988822e+03,
       -4.23280533e+01, -4.07937826e+01, -3.96816313e+01, -3.90298168e+01,
       -2.16459510e+03, -2.16459510e+03, -2.16459510e+03, -2.16459510e+03,
       -7.14845858e+01, -6.05334747e+01, -5.37673266e+01, -5.31474555e+01,
        1.27069922e+02,  7.66612201e+01,  1.19411385e+01, -6.19169991e+01,
        9.92253768e+01,  1.26810329e+02,  1.53709747e+02,  1.79055620e+02,
        8.74121989e+01,  9.14311029e+01,  9.39902442e+01,  9.49648002e+01,
       -8.67789359e+03, -2.36006700e+04, -6.31063713e+04, -1.43640705e+05])
llh_GD_PWL_Renorm_Kp: array([ -2385.2014412 ,  -2416.79204409,  -2416.79204409,  -2416.79204409,
          -56.82790831,    -38.85029966,    -36.22755027,    -60.19871375,
         -132.89286629,   -265.06358217,   -504.8570434 ,   -915.7995874 ,
          -36.16851787,    -35.80523905,    -36.14184701,    -37.14942542,
        -2164.59510421,  -2164.59510421,  -2164.59510421,  -2164.59510421,
          -63.64127657,    -49.79261122,    -43.65966845,    -48.17043859,
          239.52394913,    219.31224054,    152.07924312,     31.07510127,
           84.68004984,    127.51996488,    163.60504022,    189.44431956,
           86.35114844,     91.72110937,     94.44254491,     95.06152473,
         -295.93090917,  -1436.91017507,  -4685.72119707, -13477.63446783])
max_PWL_Renorm: 239.99635654271816
llh_GD_QEXP: array([21.48910041,  8.27951791,         nan,         nan, 11.44316304,
               nan,         nan,         nan,         nan,         nan])
llh_GD_QEXP_Renorm_a: array([ 56.88993128,   7.76980548,  23.58128224,  57.68708853,
        43.57389066,  46.37499237, 359.70142182, 473.98702163,
       246.48905265, 269.24085764])
lllh_GD_QEXP_Renorm_q: array([ 248.6822428 ,  149.28359479,  148.58926521,  262.40647485,
        113.33653147,  188.07657636,  516.83778755, 1227.16632034,
        545.07007321,  687.17862826])
llh_GD_QEXP_Renorm_aq: array([ 213.0011562 ,  176.03862207,  137.58912876,   97.68795111,
        118.45271996,   88.36292317,   59.58876975,   32.61052766,
        122.34901627,   96.36861975,   71.00851849,   46.63447253,
        224.31750979,  184.68331802,  143.40674604,  100.76546037,
         99.64900654,   85.78738304,   71.78510811,   57.69149902,
        161.36284482,  133.81979835,  105.38774022,   76.13818871,
        483.58313164,  451.22675869,  419.78616636,  389.27447439,
       1085.25326436,  937.08304176,  783.38049787,  627.10463444,
        486.70674122,  427.12875475,  366.74289161,  306.21690694,
        608.58386518,  527.25514061,  443.08544668,  356.57467274])
max_QEXP_Renorm: 1227.16632033538
llh_GD_RAY: array([-12.77781183, -14.47849988, -11.53473247, -12.73486449,
       -13.08265135,  -9.65145264, -10.12721695, -10.15926112,
       -11.57485875, -14.85147479])
llh_GD_RAY_Renorm_gamma: array([-33.85549455, -34.55539092, -36.73285251, -37.3253887 ,
       -40.11311093, -39.63396926, 228.06386381, 234.71433768,
        84.92008008,  81.26279208])
llh_GD_RAY_Renorm_eta: array([-33.88904612, -33.85540743, -36.3086724 , -35.91114614,
       -40.38466921, -39.15809697, 229.61954774, 234.86851801,
        86.17756493,  81.57104031])
llh_GD_RAY_Renorm_gammaeta: array([-33.87110774, -33.85848329, -33.85147858, -33.85038866,
       -33.8985303 , -33.98801773, -34.1265649 , -34.31561582,
       -36.38296364, -36.46227662, -36.54683517, -36.63691973,
       -35.9075168 , -36.08989748, -36.38732488, -36.78966788,
       -40.32840555, -40.27308736, -40.21874538, -40.16540994,
       -39.09925838, -39.12567564, -39.22886689, -39.40005983,
       229.30411829, 228.9905837 , 228.67920179, 228.37021779,
       234.8377458 , 234.80694143, 234.77610514, 234.74523714,
        85.92227347,  85.66827576,  85.4161927 ,  85.16661187,
        81.50886635,  81.44697931,  81.38535456,  81.32396721])
max_RAY_Renorm: 234.86851801392692
llh_GD_GSS: array([-12.11616952, -14.93818119, -12.49577592, -15.85072287,
       -13.15125791, -10.62225379, -12.99929106, -10.2988714 ,
        -6.22666135,  -5.68681561])
llh_GD_GSS_Renorm_kappa: array([-38.05356958, -41.59530655, -37.32177033, -39.72455282,
       -52.52096419, -41.23334702, 246.65753132, 245.85988701,
        92.87121812,  92.83387039])
llh_GD_GSS_Renorm_tau: array([-54.69775717, -42.14126855, -71.38806825, -58.54562815,
       -61.56747713, -60.82533758, 169.60062055, 244.16923023,
        92.83459916,  92.12685811])
llh_GD_GSS_Renorm_kappatau: array([-56.09438668, -39.10759409, -38.46743242, -38.1063875 ,
       -41.15868647, -41.20993931, -41.19155115, -41.15489697,
       -69.14530233, -70.00144218, -37.3149015 , -37.24783607,
       -70.44014662, -41.04294644, -40.02930265, -39.56325959,
       -60.71229401, -47.7017413 , -43.52169791, -44.51102713,
       -63.65614668, -46.82115545, -41.30027243, -41.16509117,
       167.51523814, 210.5688062 , 243.48773622, 245.88455166,
       240.81084062, 241.54439466, 241.98828106, 242.15860261,
        92.16928526,  92.2087335 ,  92.22729878,  92.22133265,
        89.82015624,  90.03063122,  90.03123688,  89.60144578])
max_GSS_Renorm: 246.65753132419022
