llh_GD_EXP: array([ -91.08335606,  -88.27549866,  -85.61921262,  -98.50221109,
        -86.14812101,  -87.64975847,  -90.12964156,  -97.55796308,
        -86.29459484,  -86.54328535,  -81.3979618 ,  -89.6707081 ,
        -91.57155339,  -81.36232062,  -79.50000667,  -91.68488782,
        -92.54056399,  -87.85324928,  -79.14582756,  -80.25448412,
        -96.72723097,  -90.43764584,  -91.22188928,  -96.49787849,
       -105.25106567,  -92.13232003,  -95.54764334,  -97.03474704,
       -101.53088706,  -96.20611401,  461.26340641,  395.38461745,
        469.91778691,  464.33897304,  445.96480164,  452.38895293,
        448.82466571,  443.24840706,  389.3190163 ,  469.38504878,
         67.00013274,   78.74077523,   58.69829362,   81.27271956,
         78.29446309,   60.30651977,   84.97422237,   86.48304834,
          3.47764496,   39.76840225])
llh_GD_EXP_Renorm_alpha: array([ -90.22148344,  -88.85872702,  -90.28303704, -101.56189261,
        -92.80596445,  -95.54028135, -102.3054523 ,  -96.83535433,
        -91.92066902,  -87.73959179,  -87.88830488, -107.6720284 ,
       -101.27049925,  -90.6171497 ,  -85.86290907,  -98.57008596,
        -98.93261896,  -85.90144108,  -92.25004918,  -85.84858026,
        -97.39261779,  -94.58320537,  -96.07780286, -113.99874388,
       -107.53143581, -108.29030761,  -99.22014727, -112.08870337,
       -101.5331503 , -106.55134521,  467.11883436,  405.82678198,
        469.82599441,  467.75680847,  448.14001367,  452.55742115,
        452.65795307,  449.10227552,  392.16591666,  470.0973108 ,
         83.25462386,   81.47620006,   63.9303451 ,   81.39165877,
         82.11146841,   70.00469204,   84.43720679,   84.30457735,
          6.40675452,   46.3793267 ])
llh_GD_EXP_Renorm_beta: array([ -90.89585828,  -89.05284932,  -87.00312989, -100.49463218,
        -86.70505028,  -89.24964776,  -90.21264093,  -99.52502747,
        -87.83792892,  -93.18387123,  -89.90656664,  -93.76723246,
        -95.14107087,  -86.43589512,  -87.6777237 ,  -95.57034523,
        -94.7676595 ,  -85.84488219,  -89.56577222,  -86.10590788,
        -97.31477515,  -94.29845589,  -94.18986122, -102.51548403,
       -105.30858487,  -94.36794465, -105.62942032,  -97.14706834,
        -99.04480729,  -98.34687699,  466.53809876,  401.17014525,
        470.03243089,  468.46534151,  453.32587284,  451.45184675,
        445.54360012,  444.89205361,  383.28793263,  470.08760571,
         75.92980612,   80.82012835,   53.93932621,   79.57719813,
         77.52276095,   57.07172907,   84.14325292,   84.74641189,
         -2.38470871,   39.96967031])
llh_GD_EXP_Renorm_alphabeta: array([-9.08317231e+01, -9.07681618e+01, -9.07051714e+01, -9.06427494e+01,
       -9.05808930e+01, -9.05195995e+01, -9.04588663e+01, -9.03986907e+01,
       -9.03390701e+01, -9.02800018e+01, -8.90348330e+01, -8.90168909e+01,
       -8.89990227e+01, -8.89812284e+01, -8.89635079e+01, -8.89458610e+01,
       -8.89282877e+01, -8.89107877e+01, -8.88933610e+01, -8.88760075e+01,
       -8.71627553e+01, -8.73478283e+01, -8.75589746e+01, -8.77968820e+01,
       -8.80623019e+01, -8.83560502e+01, -8.86790091e+01, -8.90321293e+01,
       -8.94164319e+01, -8.98330112e+01, -1.00589377e+02, -1.00684573e+02,
       -1.00780222e+02, -1.00876324e+02, -1.00972883e+02, -1.01069898e+02,
       -1.01167373e+02, -1.01265308e+02, -1.01363705e+02, -1.01462566e+02,
       -8.68771356e+01, -8.71157550e+01, -8.74232769e+01, -8.78025276e+01,
       -8.82567994e+01, -8.87898655e+01, -8.94060014e+01, -9.01100130e+01,
       -9.09072670e+01, -9.18037235e+01, -8.96440408e+01, -9.00700491e+01,
       -9.05288138e+01, -9.10215496e+01, -9.15495471e+01, -9.21141746e+01,
       -9.27168799e+01, -9.33591918e+01, -9.40427207e+01, -9.47691591e+01,
       -9.08903040e+01, -9.16385617e+01, -9.24613361e+01, -9.33628743e+01,
       -9.43477562e+01, -9.54208963e+01, -9.65875431e+01, -9.78532735e+01,
       -9.92239841e+01, -1.00705879e+02, -9.92663863e+01, -9.90105992e+01,
       -9.87576554e+01, -9.85075449e+01, -9.82602580e+01, -9.80157856e+01,
       -9.77741190e+01, -9.75352501e+01, -9.72991711e+01, -9.70658749e+01,
       -8.80812961e+01, -8.83479619e+01, -8.86385835e+01, -8.89538640e+01,
       -8.92945537e+01, -8.96614521e+01, -9.00554088e+01, -9.04773257e+01,
       -9.09281581e+01, -9.14089168e+01, -9.24871487e+01, -9.18324027e+01,
       -9.12192228e+01, -9.06471300e+01, -9.01155739e+01, -8.96239357e+01,
       -8.91715369e+01, -8.87576541e+01, -8.83815370e+01, -8.80424295e+01,
       -8.96875373e+01, -8.94760202e+01, -8.92718770e+01, -8.90749717e+01,
       -8.88851703e+01, -8.87023409e+01, -8.85263537e+01, -8.83570811e+01,
       -8.81943975e+01, -8.80381793e+01, -9.46329592e+01, -9.55650301e+01,
       -9.65673870e+01, -9.76442192e+01, -9.87999726e+01, -1.00039352e+02,
       -1.01367316e+02, -1.02789063e+02, -1.04310008e+02, -1.05935748e+02,
       -9.56065123e+01, -9.60887745e+01, -9.65883398e+01, -9.71057053e+01,
       -9.76413825e+01, -9.81958978e+01, -9.87697924e+01, -9.93636223e+01,
       -9.99779580e+01, -1.00613384e+02, -8.66357018e+01, -8.68659102e+01,
       -8.71279374e+01, -8.74234564e+01, -8.77543815e+01, -8.81228522e+01,
       -8.85312173e+01, -8.89820193e+01, -8.94779822e+01, -9.00220031e+01,
       -8.73812523e+01, -8.71145105e+01, -8.68762374e+01, -8.66652268e+01,
       -8.64803294e+01, -8.63204554e+01, -8.61845777e+01, -8.60717354e+01,
       -8.59810390e+01, -8.59116745e+01, -9.58188588e+01, -9.60719978e+01,
       -9.63298310e+01, -9.65924282e+01, -9.68598602e+01, -9.71321989e+01,
       -9.74095172e+01, -9.76918894e+01, -9.79793905e+01, -9.82720969e+01,
       -9.51028884e+01, -9.54464312e+01, -9.57984103e+01, -9.61589478e+01,
       -9.65281665e+01, -9.69061887e+01, -9.72931368e+01, -9.76891327e+01,
       -9.80942980e+01, -9.85087534e+01, -8.58484972e+01, -8.58524143e+01,
       -8.58566343e+01, -8.58611586e+01, -8.58659880e+01, -8.58711239e+01,
       -8.58765674e+01, -8.58823196e+01, -8.58883818e+01, -8.58947552e+01,
       -8.79936518e+01, -8.69023549e+01, -8.62182899e+01, -8.58806538e+01,
       -8.58442140e+01, -8.60835002e+01, -8.65969877e+01, -8.74094845e+01,
       -8.85713347e+01, -9.01547535e+01, -8.60418675e+01, -8.59864763e+01,
       -8.59395343e+01, -8.59008541e+01, -8.58702614e+01, -8.58475957e+01,
       -8.58327108e+01, -8.58254750e+01, -8.58257721e+01, -8.58335019e+01,
       -9.73218091e+01, -9.73288516e+01, -9.73359026e+01, -9.73429621e+01,
       -9.73500301e+01, -9.73571067e+01, -9.73641918e+01, -9.73712855e+01,
       -9.73783877e+01, -9.73854985e+01, -9.42283265e+01, -9.41780580e+01,
       -9.41473561e+01, -9.41359671e+01, -9.41436748e+01, -9.41702992e+01,
       -9.42156943e+01, -9.42797473e+01, -9.43623775e+01, -9.44635361e+01,
       -9.41426882e+01, -9.41402996e+01, -9.41819946e+01, -9.42672597e+01,
       -9.43957591e+01, -9.45673288e+01, -9.47819759e+01, -9.50398825e+01,
       -9.53414135e+01, -9.56871294e+01, -9.87006015e+01, -9.62027516e+01,
       -9.47502577e+01, -9.41612796e+01, -9.43374430e+01, -9.52424682e+01,
       -9.68917754e+01, -9.93620923e+01, -1.02818726e+02, -1.07550839e+02,
       -1.05498598e+02, -1.05690938e+02, -1.05885633e+02, -1.06082712e+02,
       -1.06282202e+02, -1.06484132e+02, -1.06688533e+02, -1.06895433e+02,
       -1.07104863e+02, -1.07316854e+02, -9.41474941e+01, -9.42038538e+01,
       -9.45278712e+01, -9.51171720e+01, -9.59760959e+01, -9.71166630e+01,
       -9.85604738e+01, -1.00341358e+02, -1.02508411e+02, -1.05128873e+02,
       -1.01768395e+02, -9.88688906e+01, -9.67761405e+01, -9.53550509e+01,
       -9.45029003e+01, -9.41509548e+01, -9.42590668e+01, -9.48091111e+01,
       -9.58015610e+01, -9.72566802e+01, -9.78956085e+01, -9.87384815e+01,
       -9.96818315e+01, -1.00733161e+02, -1.01901475e+02, -1.03197408e+02,
       -1.04633328e+02, -1.06223423e+02, -1.07983744e+02, -1.09932232e+02,
       -9.92457966e+01, -9.94515832e+01, -9.96622433e+01, -9.98778559e+01,
       -1.00098503e+02, -1.00324272e+02, -1.00555249e+02, -1.00791528e+02,
       -1.01033205e+02, -1.01280378e+02, -9.88767855e+01, -9.94437154e+01,
       -1.00049304e+02, -1.00695384e+02, -1.01383994e+02, -1.02117391e+02,
       -1.02898057e+02, -1.03728706e+02, -1.04612296e+02, -1.05552025e+02,
        4.66591720e+02,  4.66645176e+02,  4.66698467e+02,  4.66751593e+02,
        4.66804553e+02,  4.66857348e+02,  4.66909977e+02,  4.66962440e+02,
        4.67014738e+02,  4.67066869e+02,  4.01592031e+02,  4.02014221e+02,
        4.02436711e+02,  4.02859497e+02,  4.03282573e+02,  4.03705934e+02,
        4.04129574e+02,  4.04553486e+02,  4.04977663e+02,  4.05402098e+02,
        4.70013839e+02,  4.69995212e+02,  4.69976550e+02,  4.69957853e+02,
        4.69939121e+02,  4.69920354e+02,  4.69901552e+02,  4.69882715e+02,
        4.69863843e+02,  4.69844936e+02,  4.68402414e+02,  4.68339189e+02,
        4.68275666e+02,  4.68211846e+02,  4.68147729e+02,  4.68083316e+02,
        4.68018606e+02,  4.67953600e+02,  4.67888299e+02,  4.67822701e+02,
        4.52873361e+02,  4.52416945e+02,  4.51956661e+02,  4.51492550e+02,
        4.51024650e+02,  4.50553003e+02,  4.50077648e+02,  4.49598629e+02,
        4.49115988e+02,  4.48629768e+02,  4.51553258e+02,  4.51654490e+02,
        4.51755542e+02,  4.51856413e+02,  4.51957103e+02,  4.52057612e+02,
        4.52157939e+02,  4.52258083e+02,  4.52358046e+02,  4.52457825e+02,
        4.46221610e+02,  4.46893700e+02,  4.47559755e+02,  4.48219662e+02,
        4.48873311e+02,  4.49520595e+02,  4.50161409e+02,  4.50795650e+02,
        4.51423219e+02,  4.52044018e+02,  4.45284589e+02,  4.45675232e+02,
        4.46063961e+02,  4.46450754e+02,  4.46835588e+02,  4.47218442e+02,
        4.47599295e+02,  4.47978125e+02,  4.48354912e+02,  4.48729636e+02,
        3.84092871e+02,  3.84897931e+02,  3.85703225e+02,  3.86508865e+02,
        3.87314952e+02,  3.88121585e+02,  3.88928855e+02,  3.89736847e+02,
        3.90545641e+02,  3.91355309e+02,  4.70088488e+02,  4.70089371e+02,
        4.70090254e+02,  4.70091136e+02,  4.70092018e+02,  4.70092901e+02,
        4.70093783e+02,  4.70094665e+02,  4.70095547e+02,  4.70096429e+02,
        7.68046326e+01,  7.76415064e+01,  7.84393527e+01,  7.91969762e+01,
        7.99130731e+01,  8.05862458e+01,  8.12150168e+01,  8.17978445e+01,
        8.23331389e+01,  8.28192779e+01,  8.08819451e+01,  8.09433314e+01,
        8.10042858e+01,  8.10648070e+01,  8.11248934e+01,  8.11845436e+01,
        8.12437561e+01,  8.13025294e+01,  8.13608622e+01,  8.14187529e+01,
        5.49345735e+01,  5.59113454e+01,  5.68700171e+01,  5.78109600e+01,
        5.87345387e+01,  5.96411087e+01,  6.05310141e+01,  6.14045852e+01,
        6.22621363e+01,  6.31039641e+01,  7.97560188e+01,  7.99321360e+01,
        8.01055269e+01,  8.02761683e+01,  8.04440366e+01,  8.06091079e+01,
        8.07713583e+01,  8.09307632e+01,  8.10872982e+01,  8.12409384e+01,
        7.80183292e+01,  7.84991334e+01,  7.89648938e+01,  7.94153158e+01,
        7.98500910e+01,  8.02688983e+01,  8.06714056e+01,  8.10572707e+01,
        8.14261427e+01,  8.17776633e+01,  5.84106782e+01,  5.97143738e+01,
        6.09838353e+01,  6.22200235e+01,  6.34238272e+01,  6.45960521e+01,
        6.57374101e+01,  6.68485109e+01,  6.79298547e+01,  6.89818265e+01,
        8.41738541e+01,  8.42036869e+01,  8.42327487e+01,  8.42610373e+01,
        8.42885501e+01,  8.43152850e+01,  8.43412394e+01,  8.43664112e+01,
        8.43907978e+01,  8.44143972e+01,  8.47443290e+01,  8.47347555e+01,
        8.47176461e+01,  8.46929568e+01,  8.46606457e+01,  8.46206722e+01,
        8.45729976e+01,  8.45175851e+01,  8.44543995e+01,  8.43834074e+01,
       -1.56965110e+00, -7.57567633e-01,  5.14752148e-02,  8.57412068e-01,
        1.66017867e+00,  2.45971192e+00,  3.25594992e+00,  4.04883197e+00,
        4.83829864e+00,  5.62429178e+00,  4.05783646e+01,  4.11817842e+01,
        4.17799513e+01,  4.23728895e+01,  4.29606238e+01,  4.35431809e+01,
        4.41205884e+01,  4.46928757e+01,  4.52600733e+01,  4.58222126e+01])
max_EXP_Renorm: 470.09731080278374
llh_GD_PWL: array([-94.60956561, 213.10879901,          nan, -88.33311972,
       -87.40147856, -88.89134533, -87.70410663,          nan,
       -88.70790909, -99.66709937,          nan,          nan,
                nan, -83.63446263, -81.33887113,          nan,
                nan,          nan, -79.68524446,          nan,
                nan, -94.02787025,          nan,          nan,
       -95.97041354, -97.52614721, -94.78505526, -93.56896026,
       -91.87484348,          nan,          nan, 389.92320224,
                nan,          nan,          nan,          nan,
                nan,          nan,          nan,          nan,
       109.85468136,          nan,  61.21774486,  65.41050637,
        24.73521879,  34.6240411 ,  70.17173873,  30.50905488,
        11.97237113,  44.59685961])
llh_GD_PWL_Renorm_K: array([-1.47878231e+02, -6.15807853e+01,             nan, -2.03689412e+03,
       -2.58862478e+02, -5.44457085e+03, -9.81303111e+02,             nan,
       -1.05587441e+02, -2.01147692e+02,             nan,             nan,
                   nan, -2.14760628e+02, -1.03078208e+02,             nan,
                   nan,             nan, -1.06359930e+02,             nan,
                   nan, -1.27126260e+02,             nan,             nan,
       -1.85492332e+02, -1.26129042e+02, -4.37840568e+02, -1.50606440e+02,
       -1.23899519e+02,             nan,             nan, -4.69291651e+02,
                   nan,             nan,             nan,             nan,
                   nan,             nan,             nan,             nan,
        2.22769117e+02,             nan,  7.34944606e+01,  8.28289118e+01,
       -1.67346753e+00, -4.22238105e+00,  6.82894042e+01,  7.40691142e+01,
        5.62339381e+01,  7.83115021e+01])
llh_GD_PWL_Renorm_c: array([           nan,  -165.0945951 ,            nan,            nan,
        -120.0384998 , -4562.69917857,            nan,            nan,
        -132.03043887,  -114.13826731,            nan,            nan,
                  nan,            nan,            nan,            nan,
                  nan,            nan,            nan,            nan,
                  nan,  -182.67747784,  -338.89119256,            nan,
        -134.47879737,  -155.51833338,            nan,  -202.34739567,
        -219.17565996,            nan,            nan,            nan,
                  nan,            nan,            nan,            nan,
                  nan,            nan,            nan,            nan,
                  nan,            nan,    64.53587377,    75.89564423,
          67.72657472,    75.21007303,    80.00980373,    62.68478873,
          78.54170622,    58.99618733])
lllh_GD_PWL_Renorm_p: array([ -129.24854181,  -214.33075467,            nan,  -139.99034684,
         -96.00374481, -5377.89551703,  -177.96738749,            nan,
        -101.11914441,  -103.2970402 ,            nan,            nan,
                  nan,   -88.77717167,   -98.07674381,            nan,
                  nan,            nan,  -205.63166542,            nan,
                  nan,  -135.89102943,            nan,            nan,
        -100.194409  ,  -117.57011048,  -116.97120967,  -151.5674951 ,
        -202.59768864,            nan,            nan,   383.92914224,
                  nan,            nan,            nan,            nan,
                  nan,            nan,            nan,            nan,
          40.27026892,            nan,    69.98542484,    73.12718836,
          35.57617157,    44.70321387,    66.88644481,    46.04478626,
          66.85269196,    62.87727952])
llh_GD_PWL_Renorm_Kc: array([           nan,            nan,            nan,            nan,
        -141.22512207,  -141.41784954,  -140.0597597 ,  -139.64619695,
        -140.64896281,  -143.3247167 ,  -168.20095839,  -166.36559949,
        -165.36508506,  -165.10422891,  -165.47795628,  -166.35783179,
        -167.55818258,  -168.73322243,  -168.95876638,  -163.7484093 ,
                  nan,            nan,            nan,            nan,
                  nan,            nan,            nan,            nan,
                  nan,            nan,            nan,            nan,
                  nan,            nan,            nan,            nan,
                  nan,            nan,            nan,            nan,
                  nan,            nan,  -148.13400172,  -153.64466445,
        -160.42022251,  -169.63230254,  -181.57134244,  -196.39208574,
        -214.18916683,  -235.01138933, -4673.6476263 , -4889.26991856,
       -4963.97033481, -5117.82725757, -5186.05674522, -5222.71965956,
       -5348.60562258, -5412.28201812, -5413.80395986, -5444.57084669,
                  nan,            nan,            nan,            nan,
                  nan,            nan,            nan,            nan,
                  nan,  -867.7261593 ,            nan,            nan,
                  nan,            nan,            nan,            nan,
                  nan,            nan,            nan,            nan,
        -129.62921371,  -126.69607112,  -123.85970656,  -121.12766184,
        -118.50761605,  -116.00738805,  -113.63493991,  -111.39838082,
        -109.30597184,  -107.36613129,  -136.54872002,  -139.23865961,
        -142.69439009,  -146.94777245,  -152.02739179,  -157.95919389,
        -164.76677815,  -172.47150298,  -181.0924745 ,  -190.64645278,
                  nan,            nan,            nan,            nan,
                  nan,            nan,            nan,            nan,
                  nan,            nan,            nan,            nan,
                  nan,            nan,            nan,            nan,
                  nan,            nan,            nan,            nan,
                  nan,            nan,            nan,            nan,
                  nan,            nan,            nan,            nan,
                  nan,            nan,            nan,            nan,
                  nan,            nan,            nan,            nan,
                  nan,            nan,  -179.82370182,  -197.73076876,
                  nan,            nan,            nan,            nan,
                  nan,            nan,   -78.40065464,   -99.22136603,
        -101.01073457,  -101.90576931,            nan,            nan,
                  nan,            nan,            nan,            nan,
                  nan,            nan,            nan,            nan,
                  nan,            nan,            nan,            nan,
                  nan,            nan,            nan,            nan,
                  nan,            nan,            nan,            nan,
                  nan,            nan,            nan,            nan,
                  nan,            nan,            nan,            nan,
                  nan,            nan,            nan,            nan,
                  nan,            nan,            nan,  -128.25392373,
        -121.83178066,  -113.55740589,            nan,            nan,
                  nan,            nan,            nan,            nan,
                  nan,            nan,            nan,            nan,
                  nan,            nan,            nan,            nan,
                  nan,            nan,            nan,            nan,
                  nan,            nan,  -177.93039758,  -172.06281026,
        -166.27413998,  -160.59832563,  -155.07057131,  -149.72725819,
        -144.60587545,  -139.7449731 ,  -135.18413912,  -130.9640021 ,
                  nan,            nan,            nan,            nan,
                  nan,            nan,            nan,            nan,
                  nan,            nan,            nan,            nan,
                  nan,            nan,            nan,            nan,
                  nan,            nan,            nan,            nan,
        -147.8204915 ,  -146.10324612,  -145.40066465,  -145.8079118 ,
        -147.4058907 ,  -150.26592745,  -154.45165822,  -160.01989695,
        -167.02104896,  -175.49925721,  -152.99229241,  -149.8878602 ,
        -146.85599417,  -143.90411885,  -141.03977634,  -138.2706253 ,
        -135.60444101,  -133.04911636,  -130.61266385,  -128.30321852,
                  nan,            nan,            nan,            nan,
                  nan,            nan,  -300.32357137,  -328.20174638,
        -359.90970963,  -396.50839677,  -203.10593762,  -197.90414365,
        -192.63999392,  -187.3305944 ,  -181.9943785 ,  -176.65107976,
        -171.32170271,  -166.02849389,  -160.79491503,  -155.64562043,
        -198.33684249,  -190.02718471,  -175.64210565,  -161.6600877 ,
        -148.76690989,  -137.52978531,  -128.47988468,  -122.12093723,
        -118.93269703,  -119.37614751,  -245.54946894,            nan,
                  nan,            nan,            nan,            nan,
                  nan,            nan,            nan,            nan,
                  nan,            nan,            nan,            nan,
                  nan,            nan,            nan,            nan,
                  nan,            nan,            nan,            nan,
                  nan,            nan,            nan,            nan,
                  nan,            nan,            nan,            nan,
                  nan,            nan,            nan,            nan,
                  nan,            nan,            nan,            nan,
                  nan,            nan,            nan,            nan,
                  nan,            nan,            nan,            nan,
                  nan,            nan,            nan,            nan,
                  nan,            nan,            nan,            nan,
                  nan,            nan,            nan,            nan,
                  nan,            nan,            nan,            nan,
                  nan,            nan,            nan,            nan,
                  nan,            nan,            nan,            nan,
                  nan,            nan,            nan,            nan,
                  nan,            nan,            nan,            nan,
                  nan,            nan,            nan,            nan,
                  nan,            nan,            nan,            nan,
                  nan,            nan,            nan,            nan,
                  nan,            nan,            nan,            nan,
                  nan,            nan,            nan,            nan,
                  nan,            nan,            nan,            nan,
                  nan,            nan,            nan,            nan,
                  nan,            nan,            nan,            nan,
                  nan,            nan,            nan,            nan,
                  nan,            nan,            nan,            nan,
                  nan,            nan,            nan,            nan,
                  nan,            nan,            nan,            nan,
                  nan,            nan,            nan,            nan,
          64.69038456,    65.66976072,    66.62815259,    67.56518965,
          68.480497  ,    69.37369534,    70.24440088,    71.09222534,
          71.91677586,    72.71765498,    77.0113372 ,    78.05491423,
          79.00334788,    79.85392202,    80.60386991,    81.25037349,
          81.79056268,    82.22151463,    82.54025302,    82.74374726,
          55.95162508,    51.98752024,    47.65248489,    42.93580598,
          37.82675326,    32.31456299,    26.3884278 ,    20.03749095,
          13.2508441 ,     6.0175275 ,    63.72435624,    59.72840187,
          55.17093244,    50.02907144,    44.28022697,    37.90190762,
          30.87161393,    23.16677518,    14.76471508,     5.64263637,
          80.87270286,    81.26827846,    81.33803316,    81.06680159,
          80.43920056,    79.43957244,    78.05194423,    76.25999715,
          74.04704303,    71.39600549,    70.59809308,    74.38608056,
          77.54989399,    80.04065908,    81.80741643,    82.79704001,
          82.9541703 ,    82.2211547 ,    80.53799062,    77.84226861,
          77.85761896,    77.65007119,    77.08121372,    76.11867898,
          74.73492467,    72.90484071,    70.60452189,    67.81059076,
          64.4998011 ,    60.64879356,    60.30273541,    62.57445408,
          64.7519005 ,    66.83135695,    68.80901358,    70.68096559,
          72.44321049,    74.09164544,    75.62206461,    77.03015665])
llh_GD_PWL_Renorm_Kp: array([-1.19245934e+02, -1.10695772e+02, -1.03946458e+02, -9.93337990e+01,
       -9.71588429e+01, -9.76603223e+01, -1.00986585e+02, -1.07184928e+02,
       -1.16269309e+02, -1.28622725e+02, -1.75385219e+02, -1.48511182e+02,
       -1.30642019e+02, -1.19438734e+02, -1.13095132e+02, -1.10194420e+02,
       -1.09602679e+02, -1.10388653e+02, -1.14240242e+02, -1.18225415e+02,
                   nan,             nan,             nan,             nan,
                   nan,             nan,             nan,             nan,
                   nan,             nan, -1.16721298e+02, -1.00434180e+02,
       -9.63438662e+01, -1.11530444e+02, -1.55650200e+02, -2.41816299e+02,
       -3.87501273e+02, -6.15041232e+02, -9.50732455e+02, -1.42034777e+03,
       -9.29208208e+01, -9.33665871e+01, -9.77702521e+01, -1.06441065e+02,
       -1.19501745e+02, -1.36815010e+02, -1.57915733e+02, -1.81969711e+02,
       -2.07787352e+02, -2.33921176e+02, -5.37827831e+03, -5.37884497e+03,
       -5.37987610e+03, -5.41187091e+03, -5.41242037e+03, -5.41402967e+03,
       -5.44457085e+03, -5.44457085e+03, -5.44457085e+03, -5.44457085e+03,
       -1.50152771e+02, -1.24227058e+02, -1.03822293e+02, -9.37650447e+01,
       -1.00380024e+02, -1.31798433e+02, -1.98027787e+02, -3.10264715e+02,
       -4.78517141e+02, -7.06243379e+02,             nan,             nan,
                   nan,             nan,             nan,             nan,
                   nan,             nan,             nan,             nan,
       -1.00447857e+02, -1.00001908e+02, -9.97765014e+01, -9.97675445e+01,
       -9.99717748e+01, -1.00386794e+02, -1.01011008e+02, -1.01843498e+02,
       -1.02883830e+02, -1.04131844e+02, -1.08882549e+02, -1.15560089e+02,
       -1.23240983e+02, -1.31804266e+02, -1.41097639e+02, -1.50940786e+02,
       -1.61131507e+02, -1.71454854e+02, -1.81695166e+02, -1.91650404e+02,
                   nan,             nan,             nan,             nan,
                   nan,             nan,             nan,             nan,
                   nan,             nan,             nan,             nan,
                   nan,             nan,             nan,             nan,
                   nan,             nan,             nan,             nan,
                   nan,             nan,             nan,             nan,
                   nan,             nan,             nan,             nan,
                   nan,             nan, -9.02454165e+01, -9.42257955e+01,
       -1.00765075e+02, -1.09813532e+02, -1.21206951e+02, -1.34654387e+02,
       -1.49736195e+02, -1.65917024e+02, -1.82577442e+02, -1.99064977e+02,
       -9.49099524e+01, -9.26793912e+01, -9.13476186e+01, -9.08512793e+01,
       -9.11054132e+01, -9.20106042e+01, -9.34625960e+01, -9.53633474e+01,
       -9.76318322e+01, -1.00212380e+02,             nan,             nan,
                   nan,             nan,             nan,             nan,
                   nan,             nan,             nan,             nan,
                   nan,             nan,             nan,             nan,
                   nan,             nan,             nan,             nan,
                   nan,             nan,             nan,             nan,
                   nan,             nan,             nan,             nan,
                   nan,             nan,             nan,             nan,
       -1.86692684e+02, -1.68137755e+02, -1.50784365e+02, -1.35408786e+02,
       -1.22641162e+02, -1.12872434e+02, -1.06208767e+02, -1.02505566e+02,
       -1.01478970e+02, -1.02838517e+02,             nan,             nan,
                   nan,             nan,             nan,             nan,
                   nan,             nan,             nan,             nan,
                   nan,             nan,             nan,             nan,
                   nan,             nan,             nan,             nan,
                   nan,             nan, -1.30489156e+02, -1.25886340e+02,
       -1.22137570e+02, -1.19282743e+02, -1.17349521e+02, -1.16359039e+02,
       -1.16334564e+02, -1.17312763e+02, -1.19357049e+02, -1.22572873e+02,
                   nan,             nan,             nan,             nan,
                   nan,             nan,             nan,             nan,
                   nan,             nan,             nan,             nan,
                   nan,             nan,             nan,             nan,
                   nan,             nan,             nan,             nan,
       -9.91715876e+01, -1.00108003e+02, -1.03099302e+02, -1.08175349e+02,
       -1.15283117e+02, -1.24272010e+02, -1.34885599e+02, -1.46765079e+02,
       -1.59470615e+02, -1.72526339e+02, -1.16716565e+02, -1.16171538e+02,
       -1.15937342e+02, -1.16017157e+02, -1.16415696e+02, -1.17139892e+02,
       -1.18199574e+02, -1.19608143e+02, -1.21383240e+02, -1.23547445e+02,
       -1.07094243e+02, -1.01402133e+02, -1.01214450e+02, -1.07983096e+02,
       -1.23237695e+02, -1.48471900e+02, -1.84939484e+02, -2.33326411e+02,
       -2.93278425e+02, -3.62818337e+02, -1.48271130e+02, -1.45644427e+02,
       -1.43696221e+02, -1.42424171e+02, -1.41816033e+02, -1.41851219e+02,
       -1.42502573e+02, -1.43738327e+02, -1.45524125e+02, -1.47824917e+02,
       -1.82692464e+02, -1.62511561e+02, -1.43206918e+02, -1.26074091e+02,
       -1.12413392e+02, -1.03324906e+02, -9.94443023e+01, -1.00684429e+02,
       -1.06136755e+02, -1.14330459e+02,             nan,             nan,
                   nan,             nan,             nan,             nan,
                   nan,             nan,             nan,             nan,
                   nan,             nan,             nan,             nan,
                   nan,             nan,             nan,             nan,
                   nan,             nan,  4.02438455e+02,  4.05440755e+02,
        3.90049427e+02,  3.53595900e+02,  2.93968059e+02,  2.10077845e+02,
        1.02442493e+02, -2.61920774e+01, -1.70340668e+02, -3.21628374e+02,
                   nan,             nan,             nan,             nan,
                   nan,             nan,             nan,             nan,
                   nan,             nan,             nan,             nan,
                   nan,             nan,             nan,             nan,
                   nan,             nan,             nan,             nan,
                   nan,             nan,             nan,             nan,
                   nan,             nan,             nan,             nan,
                   nan,             nan,             nan,             nan,
                   nan,             nan,             nan,             nan,
                   nan,             nan,             nan,             nan,
                   nan,             nan,             nan,             nan,
                   nan,             nan,             nan,             nan,
                   nan,             nan,             nan,             nan,
                   nan,             nan,             nan,             nan,
                   nan,             nan,             nan,             nan,
                   nan,             nan,             nan,             nan,
                   nan,             nan,             nan,             nan,
                   nan,             nan,             nan,             nan,
                   nan,             nan,             nan,             nan,
                   nan,             nan,             nan,             nan,
        3.73252832e+01,  3.44351648e+01,  3.16911032e+01,  2.92269096e+01,
        2.72482604e+01,  2.60907813e+01,  2.63474620e+01,  2.91895492e+01,
        3.73639134e+01,  5.97332959e+01,             nan,             nan,
                   nan,             nan,             nan,             nan,
                   nan,             nan,             nan,             nan,
        7.05563858e+01,  7.10805193e+01,  7.15567544e+01,  7.19839655e+01,
        7.23609707e+01,  7.26865293e+01,  7.29593378e+01,  7.31780249e+01,
        7.33411441e+01,  7.34471649e+01,  7.43779440e+01,  7.55575380e+01,
        7.66659196e+01,  7.77025622e+01,  7.86665013e+01,  7.95563861e+01,
        8.03705402e+01,  8.11070309e+01,  8.17637426e+01,  8.23384537e+01,
        3.20759268e+01,  2.84457889e+01,  2.47399744e+01,  2.10134368e+01,
        1.73203610e+01,  1.37124238e+01,  1.02368481e+01,  6.93429387e+00,
        3.83665057e+00,  9.64812226e-01,  4.09201330e+01,  3.66864267e+01,
        3.20999015e+01,  2.72682496e+01,  2.23059936e+01,  1.73303205e+01,
        1.24557514e+01,  7.78767427e+00,  3.41487460e+00, -5.98674991e-01,
        6.80904223e+01,  6.89670776e+01,  6.95626202e+01,  6.99247459e+01,
        7.00995488e+01,  7.01274571e+01,  7.00380262e+01,  6.98433561e+01,
        6.95297063e+01,  6.90463638e+01,  5.15959876e+01,  5.61959418e+01,
        5.99542916e+01,  6.30010858e+01,  6.54760394e+01,  6.75152478e+01,
        6.92368829e+01,  7.07280730e+01,  7.20354825e+01,  7.31617804e+01,
        6.78222045e+01,  6.82418144e+01,  6.81628994e+01,  6.76472347e+01,
        6.67645657e+01,  6.55879976e+01,  6.41858877e+01,  6.26077227e+01,
        6.08582942e+01,  5.88443135e+01,  6.54944970e+01,  6.79242752e+01,
        7.01598950e+01,  7.21910599e+01,  7.40028379e+01,  7.55742931e+01,
        7.68765984e+01,  7.78702058e+01,  7.85001750e+01,  7.86875723e+01])
max_PWL_Renorm: nan
llh_GD_QEXP: array([ 396.21632242,  333.40676217,  495.96479095,  402.27945056,
        406.15341995,  506.43630371,  484.10690241,  499.78285137,
        462.48200374,  558.21273957,  245.32715442,  343.716551  ,
        310.13930376,  212.49798327,  149.70255213,  164.83504923,
        360.69738511,  419.50068281,  410.86122067,  321.62590024,
        467.37232991,  334.98692668,  423.25667012,  443.02484962,
        338.99697916,  562.27152944,  219.68227182,  534.95691835,
        399.42576583,  426.4040526 , 1717.30567889, 1044.03441628,
       1658.84841687, 1306.31855112, 1737.40445135, 1806.38743235,
       1768.8222141 , 1710.90468939, 1792.29576213, 1623.46136823,
        480.35404469,  970.36223833,  990.90004057,  464.83707664,
        780.92648893,  877.03382334,  864.02524789,  915.4576206 ,
        835.43767694,  677.51074402])
llh_GD_QEXP_Renorm_a: array([ 133.98225349,  159.11988046,  229.97938149,  229.43942046,
        218.56736578,  156.9739357 ,  170.25489079,  226.50150454,
        168.94463846,  172.85130825,   76.08285208,   75.07351071,
         75.59650749,   76.78073209,   70.93463499,   62.79769025,
         76.46869265,   70.4768142 ,   69.89580211,   58.4679955 ,
        188.83135276,  167.89137052,  195.8698381 ,  214.70013236,
        126.41314038,  195.77084016,  125.53832884,  210.48985855,
        177.2420317 ,  188.16034033,  761.83294655,  759.15508665,
        757.10291195,  202.73273074, -211.87900053,  765.98096431,
        755.59250279,  765.41389012,  205.11588741,  766.80598714,
        260.34199505,  434.53650526,  445.07512399,  426.86346249,
        426.49731091,  449.97816159,  415.79807592,  427.86792489,
        406.44567082,  457.21181989])
lllh_GD_QEXP_Renorm_q: array([         nan,          nan,          nan,          nan,
                nan,          nan,          nan,          nan,
                nan,          nan,          nan,          nan,
                nan,          nan,          nan,          nan,
                nan,          nan,          nan,          nan,
                nan,          nan,          nan,          nan,
       418.94377017,          nan, 285.89699141,          nan,
                nan,          nan,          nan,          nan,
                nan, 961.64417855, 471.60766747,          nan,
                nan,          nan, 467.0776652 ,          nan,
       551.30099972,          nan,          nan, 459.95484725,
                nan,          nan,          nan,          nan,
                nan,          nan])
llh_GD_QEXP_Renorm_aq: array([          nan,           nan,           nan,  393.64728497,
        356.82852134,  319.60352597,  282.13257535,  244.60728089,
        207.2462036 ,  170.28796823,  360.97541398,  341.10685403,
        321.09512693,  300.96210038,  280.73282004,  260.43549193,
        240.10139859,  219.76474344,  199.46242013,  179.23370575,
                 nan,           nan,           nan,           nan,
                 nan,           nan,           nan,           nan,
                 nan,           nan,           nan,           nan,
                 nan,           nan,           nan,           nan,
                 nan,           nan,           nan,           nan,
                 nan,           nan,           nan,           nan,
                 nan,           nan,           nan,           nan,
                 nan,  243.35730487,           nan,           nan,
                 nan,           nan,           nan,           nan,
        349.69564657,  301.86771473,  253.51496635,  205.05012915,
                 nan,           nan,           nan,           nan,
                 nan,           nan,  342.89209504,  300.21912177,
        257.02732546,  213.59214337,           nan,           nan,
                 nan,           nan,           nan,           nan,
                 nan,           nan,           nan,           nan,
                 nan,           nan,           nan,           nan,
                 nan,           nan,  329.75922096,  289.89202047,
        249.63616354,  209.22619452,           nan,           nan,
                 nan,           nan,           nan,           nan,
                 nan,  329.41555896,  277.62979068,  225.25745473,
                 nan,           nan,           nan,           nan,
                 nan,           nan,           nan,           nan,
                 nan,           nan,           nan,           nan,
                 nan,           nan,           nan,           nan,
                 nan,           nan,           nan,           nan,
                 nan,           nan,           nan,           nan,
                 nan,           nan,           nan,           nan,
                 nan,           nan,           nan,           nan,
                 nan,           nan,           nan,           nan,
                 nan,           nan,           nan,           nan,
                 nan,           nan,           nan,           nan,
         96.55412863,   92.21745394,   87.90744346,   83.62413013,
         79.36754229,   75.13770397,           nan,           nan,
                 nan,  122.27242089,  113.466908  ,  104.76436935,
         96.16490047,   87.66853732,   79.27526313,   70.98501502,
                 nan,           nan,           nan,           nan,
                 nan,           nan,           nan,           nan,
                 nan,           nan,           nan,           nan,
                 nan,           nan,           nan,           nan,
                 nan,           nan,           nan,           nan,
                 nan,           nan,           nan,           nan,
                 nan,           nan,           nan,           nan,
                 nan,           nan,           nan,           nan,
                 nan,           nan,           nan,           nan,
                 nan,  143.89220998,  114.28934615,   85.81601082,
                 nan,           nan,           nan,           nan,
                 nan,           nan,  334.4216305 ,  298.90330068,
        262.71745812,  225.97414476,  363.03504584,  344.21687173,
        325.19661871,  305.98600716,  286.59998204,  267.05694022,
        247.37892068,  227.59174543,  207.72509831,  187.81252906,
                 nan,           nan,           nan,           nan,
                 nan,           nan,  313.39262517,  284.58670915,
        255.35463692,  225.75565853,           nan,           nan,
                 nan,           nan,           nan,           nan,
                 nan,           nan,  273.91163293,  244.50749906,
        393.36126155,  367.41418726,  341.13563943,  314.56898392,
        287.76839516,  260.7990716 ,  233.73705669,  206.66860418,
        179.68904945,  152.90118046,           nan,           nan,
                 nan,           nan,           nan,           nan,
                 nan,           nan,  292.13216986,  244.39938434,
        271.28077818,  256.62906206,  241.95466764,  227.27128705,
        212.59342763,  197.93634677,  183.31597406,  168.74882122,
        154.25188058,  139.84251334,           nan,           nan,
                 nan,           nan,           nan,           nan,
                 nan,           nan,           nan,  252.60787163,
                 nan,           nan,           nan,           nan,
        357.85044932,  328.73087323,  299.13226429,  269.10381117,
        238.71472805,  208.05610549,           nan,           nan,
                 nan,           nan,           nan,           nan,
        312.98784558,  282.37216055,  251.30475389,  219.86546843,
                 nan,           nan,           nan,           nan,
                 nan,           nan,           nan,           nan,
                 nan,  850.81311027,           nan,           nan,
                 nan,           nan,  904.26544973,  879.59702739,
        855.1213361 ,  830.8386643 ,  806.74953074,  782.85468154,
                 nan,           nan,           nan,           nan,
                 nan,           nan,           nan,           nan,
        923.08935533,  838.98658228,  934.21727859,  890.53168246,
        832.79833016,  764.51823839,  688.94912279,  608.77708806,
        526.16852814,  442.89154569,  360.42086949,  280.00999005,
        979.76760608,  957.22675723,  882.61412096,  757.73542947,
        605.9041492 ,  444.7987579 ,  286.42292789,  139.41720406,
          8.05084748, -115.90006285,           nan,           nan,
                 nan,           nan,           nan,           nan,
                 nan,           nan,           nan,           nan,
                 nan,           nan,           nan,           nan,
                 nan,           nan,           nan,           nan,
        939.31500062,  846.12431322,           nan,           nan,
                 nan,           nan,           nan,           nan,
                 nan,           nan,           nan,           nan,
        474.33483703,  978.66911336,  963.89945249,  924.16599332,
        854.29190675,  761.78147619,  655.39346149,  541.96511197,
        426.61016553,  313.2762601 ,           nan,           nan,
                 nan,           nan,           nan,           nan,
                 nan,           nan,           nan,           nan,
        522.82828117,  494.69773939,  466.93569564,  439.56563845,
        412.60818082,  386.0810943 ,  359.99941269,  334.37559551,
        309.21973963,  284.53982689,           nan,           nan,
                 nan,           nan,           nan,           nan,
                 nan,           nan,           nan,  501.91267921,
                 nan,           nan,           nan,           nan,
                 nan,           nan,           nan,           nan,
                 nan,           nan,  456.94750474,  453.93983154,
        450.93187266,  447.92367355,  444.91528011,  441.90673865,
        438.89809593,  435.88939913,  432.88069587,  429.87203417,
                 nan,           nan,           nan,           nan,
                 nan,           nan,           nan,           nan,
        516.40403443,  471.50955685,           nan,           nan,
                 nan,           nan,           nan,           nan,
                 nan,           nan,           nan,           nan,
                 nan,           nan,           nan,           nan,
                 nan,           nan,           nan,           nan,
        529.40300069,  472.65214214,           nan,           nan,
                 nan,           nan,           nan,           nan,
                 nan,           nan,           nan,  488.98704353,
                 nan,           nan,           nan,           nan,
                 nan,           nan,           nan,  569.32448508,
        515.16506163,  460.78605374,           nan,           nan,
                 nan,           nan,           nan,           nan,
                 nan,           nan,           nan,           nan])
max_QEXP_Renorm: nan
llh_GD_RAY: array([ -82.07168764,  -81.96259605,  -83.12646804,  -87.4337513 ,
        -81.7020167 ,  -82.64781966,  -82.82558754,  -82.69849208,
        -81.80622913,  -95.63156585,  -81.90107396,  -88.48278378,
        -78.55622071,  -85.82455101,  -79.592407  ,  -88.14407127,
        -89.2885199 , -100.89207541,  -78.61898692,  -89.16299083,
        -99.67570585,  -92.89014384,  -92.72247152,  -93.76581259,
        -90.82679127,  -93.46976254,  -90.89260007,  -93.67271129,
        -98.30725542,  -93.75555302,  386.07871637,  438.16756131,
        454.99020255,  434.22965937,  447.59092648,  453.09701839,
        436.12396386,  421.58304321,  460.11946397,  451.12886592,
         68.51022505,   72.88963435,   82.01263053,   15.30680797,
         47.20678682,   55.29829317,   77.12044508,   46.66880134,
         84.04876484,   81.17238151])
llh_GD_RAY_Renorm_gamma: array([ -86.69682112,  -86.98471471,  -90.87977531,  -89.64022893,
        -83.50258977,  -89.68458691,  -90.48241858,  -90.13442573,
        -86.87736786,  -83.84452305,  -88.53590933,  -88.32947455,
        -89.16602974,  -87.55286832,  -91.17789062,  -87.35579941,
        -86.86615387,  -85.71972363,  -87.50978483,  -86.92541521,
        -95.63703151,  -94.41586144,  -96.78907785, -106.66930407,
        -93.59239004,  -94.41850418,  -96.2283019 , -114.01902449,
        -94.84700116, -104.32890263,  386.82396536,  443.72299621,
        452.32440747,  431.14518486,  448.00756568,  451.82304874,
        436.74528369,  432.8801079 ,  456.99558276,  447.91536208,
         68.02810965,   75.13697731,   81.68571724,   15.29183205,
         51.54076492,   59.77900932,   77.83972872,   68.33930802,
         81.80121149,   81.64981015])
llh_GD_RAY_Renorm_eta: array([-83.83242888, -84.44455964, -84.30062889, -88.70863829,
       -83.34301362, -84.16968755, -84.72704519, -84.33132579,
       -84.10466164, -85.36427249, -87.32688886, -88.12071632,
       -86.82187155, -87.15594995, -88.04851177, -87.55508532,
       -86.71447653, -85.82135206, -86.30853737, -87.25007816,
       -96.50148865, -94.28541983, -95.20136757, -97.18606426,
       -93.21525011, -93.56740591, -93.67154375, -97.27628379,
       -91.61140053, -94.93656021, 386.07171235, 444.17421476,
       448.59649292, 429.63827724, 447.57513942, 447.37710956,
       437.57208021, 434.73288515, 455.5023136 , 445.94718588,
        67.78484074,  70.52238686,  80.84354765,  10.87394402,
        55.68334292,  49.68314656,  75.85556883,  54.12242118,
        80.98130071,  80.09207468])
llh_GD_RAY_Renorm_gammaeta: array([ -83.9740188 ,  -84.1369506 ,  -84.32215893,  -84.53050782,
        -84.76279131,  -85.0197383 ,  -85.30202171,  -85.61027122,
        -85.94508945,  -86.30707057,  -84.60606001,  -84.78065957,
        -84.96864366,  -85.17028133,  -85.38582808,  -85.61552916,
        -85.85962328,  -86.11834673,  -86.39193783,  -86.68064162,
        -84.60911654,  -84.96920603,  -85.38306769,  -85.85266596,
        -86.37986606,  -86.9665646 ,  -87.61483567,  -88.32708456,
        -89.10619977,  -89.95568848,  -88.7895832 ,  -88.87126469,
        -88.95368674,  -89.03685343,  -89.1207689 ,  -89.20543738,
        -89.29086319,  -89.37705072,  -89.46400446,  -89.55172898,
        -83.33888953,  -83.33796302,  -83.34039994,  -83.34637229,
        -83.35605763,  -83.36963831,  -83.38730073,  -83.40923448,
        -83.43563152,  -83.46668527,  -84.43102305,  -84.73535131,
        -85.08451436,  -85.4801655 ,  -85.92382754,  -86.41696989,
        -86.96109916,  -87.557859  ,  -88.20913427,  -88.91715428,
        -85.041116  ,  -85.39336362,  -85.78493921,  -86.21694548,
        -86.69049086,  -87.20674958,  -87.76702524,  -88.37281547,
        -89.02587451,  -89.72826867,  -84.61741648,  -84.94699923,
        -85.32175248,  -85.74320439,  -86.21280061,  -86.73198694,
        -87.30230236,  -87.925478  ,  -88.60353772,  -89.3388934 ,
        -84.26181109,  -84.43648907,  -84.62924534,  -84.84058979,
        -85.07099603,  -85.32090687,  -85.59074131,  -85.88090305,
        -86.19179012,  -86.5238054 ,  -85.18991519,  -85.02272789,
        -84.86270037,  -84.70985612,  -84.56423656,  -84.42588708,
        -84.29484785,  -84.17115152,  -84.05482943,  -83.94592637,
        -87.40867687,  -87.49527368,  -87.58696448,  -87.684031  ,
        -87.78674919,  -87.8953869 ,  -88.01020168,  -88.13143863,
        -88.25932853,  -88.39408623,  -88.138967  ,  -88.15736111,
        -88.17589934,  -88.19458237,  -88.21341089,  -88.23238558,
        -88.2515071 ,  -88.27077611,  -88.29019326,  -88.3097592 ,
        -86.93612386,  -87.0629978 ,  -87.20481191,  -87.36401289,
        -87.5431176 ,  -87.74464008,  -87.97100832,  -88.22447889,
        -88.50706003,  -88.82045429,  -87.18763843,  -87.22012916,
        -87.25344752,  -87.28761907,  -87.32266944,  -87.35862436,
        -87.39550959,  -87.43335091,  -87.47217406,  -87.51200468,
        -88.24274947,  -88.45344947,  -88.68133922,  -88.92704031,
        -89.19106715,  -89.47383193,  -89.77565597,  -90.09678685,
        -90.43742072,  -90.79772931,  -87.53586715,  -87.51687702,
        -87.49811233,  -87.47957051,  -87.46124896,  -87.44314508,
        -87.42525626,  -87.4075799 ,  -87.39011338,  -87.37285409,
        -86.72746089,  -86.74059326,  -86.7538778 ,  -86.76731876,
        -86.78092043,  -86.79468717,  -86.8086234 ,  -86.82273362,
        -86.83702236,  -86.85149422,  -85.79900496,  -85.77870751,
        -85.7606539 ,  -85.74503974,  -85.73205981,  -85.72190572,
        -85.71476364,  -85.71081204,  -85.71021946,  -85.71314246,
        -86.38244146,  -86.45942371,  -86.54036516,  -86.62639523,
        -86.71887366,  -86.81937378,  -86.92966596,  -87.05169857,
        -87.18757257,  -87.33950582,  -87.2168033 ,  -87.18435554,
        -87.1527094 ,  -87.12183961,  -87.09172107,  -87.06232895,
        -87.03363868,  -87.00562597,  -86.97826686,  -86.9515377 ,
        -96.4150956 ,  -96.33031058,  -96.24711868,  -96.16550461,
        -96.08545275,  -96.00694712,  -95.92997142,  -95.85450904,
        -95.7805431 ,  -95.7080564 ,  -94.29688085,  -94.30841997,
        -94.32003766,  -94.33173434,  -94.34351049,  -94.35536656,
        -94.36730299,  -94.37932024,  -94.39141876,  -94.40359901,
        -95.319543  ,  -95.44258984,  -95.5706343 ,  -95.70380014,
        -95.84220834,  -95.98597676,  -96.13521971,  -96.29004756,
        -96.45056643,  -96.61687774,  -97.7675427 ,  -98.40398056,
        -99.0965438 ,  -99.84590269, -100.65227734, -101.51552202,
       -102.43523987, -103.41091387, -104.44203737, -105.52822691,
        -93.24411463,  -93.27381534,  -93.30443013,  -93.33603937,
        -93.36872589,  -93.40257482,  -93.43767361,  -93.47411186,
        -93.51198125,  -93.55137546,  -93.62438592,  -93.68466578,
        -93.74849652,  -93.81613411,  -93.88783897,  -93.96387548,
        -94.04451151,  -94.13001798,  -94.22066832,  -94.31673803,
        -93.79788585,  -93.93941528,  -94.09809327,  -94.27592675,
        -94.4749548 ,  -94.6972343 ,  -94.94482362,  -95.21976333,
        -95.52405283,  -95.85962256,  -98.17590255,  -99.19925716,
       -100.34875113, -101.62465454, -103.02579958, -104.55050376,
       -106.19746476, -107.96638253, -109.85817751, -111.87483486,
        -91.52835052,  -91.61948365,  -91.83434081,  -92.11288692,
        -92.40241983,  -92.67272582,  -92.92391012,  -93.18813852,
        -93.53005191,  -94.04435793,  -95.36733797,  -95.86899351,
        -96.44814459,  -97.1106595 ,  -97.86136939,  -98.70383667,
        -99.64024491, -100.67145956, -101.79727159, -103.01678945,
        386.1401406 ,  386.20856062,  386.27697237,  386.34537584,
        386.41377098,  386.48215777,  386.55053617,  386.61890616,
        386.68726771,  386.75562079,  444.13336332,  444.09247828,
        444.0515596 ,  444.01060726,  443.96962123,  443.92860149,
        443.88754801,  443.84646077,  443.80533974,  443.76418489,
        448.94846957,  449.29775085,  449.64436391,  449.98833579,
        450.32969336,  450.66846327,  451.0046719 ,  451.33834526,
        451.66950897,  451.99818816,  429.77652443,  429.91452141,
        430.05226785,  430.18976346,  430.32700792,  430.46400096,
        430.60074227,  430.73723159,  430.87346864,  431.00945315,
        447.61461755,  447.65406224,  447.69347353,  447.73285146,
        447.77219606,  447.81150736,  447.8507854 ,  447.89003022,
        447.92924185,  447.96842033,  447.7996917 ,  448.21846277,
        448.63346612,  449.04474525,  449.45234372,  449.85630496,
        450.25667217,  450.65348819,  451.04679531,  451.4366352 ,
        437.49739037,  437.4226059 ,  437.34772679,  437.272753  ,
        437.19768451,  437.1225213 ,  437.04726335,  436.97191063,
        436.89646313,  436.82092082,  434.56658967,  434.39986589,
        434.23271394,  434.06513399,  433.89712621,  433.7286908 ,
        433.55982799,  433.39053802,  433.22082116,  433.05067768,
        455.6403952 ,  455.77800709,  455.91515062,  456.05182709,
        456.18803774,  456.32378378,  456.45906634,  456.59388651,
        456.72824532,  456.86214377,  446.12953161,  446.31118411,
        446.49214636,  446.67242139,  446.85201223,  447.03092195,
        447.20915363,  447.38671037,  447.56359527,  447.73981146,
         67.80704677,   67.82923467,   67.85140443,   67.87355605,
         67.89568955,   67.9178049 ,   67.93990213,   67.96198121,
         67.98404216,   68.00608498,   70.99155751,   71.45059395,
         71.89955804,   72.33851621,   72.76753811,   73.18669523,
         73.59605958,   73.99570238,   74.38569289,   74.76609721,
         80.93482724,   81.02316155,   81.10855017,   81.19099312,
         81.27049091,   81.34704452,   81.4206554 ,   81.49132548,
         81.55905717,   81.62385332,   11.28377339,   11.6919021 ,
         12.09834789,   12.5031296 ,   12.9062672 ,   13.30778185,
         13.70769583,   14.10603263,   14.50281687,   14.89807436,
         55.31505942,   54.94496058,   54.5730958 ,   54.19951526,
         53.8242699 ,   53.44741133,   53.06899176,   52.68906394,
         52.30768108,   51.92489677,   50.64892512,   51.60750494,
         52.55805571,   53.49975314,   54.43178651,   55.3533657 ,
         56.26372774,   57.16214278,   58.04791933,   58.92040883,
         76.05089778,   76.24322165,   76.43254688,   76.61887917,
         76.8022235 ,   76.98258409,   77.15996445,   77.33436735,
         77.50579487,   77.67424841,   55.5941988 ,   57.03690069,
         58.44764629,   59.82382857,   61.16315146,   62.46365427,
         63.72372357,   64.94209365,   66.11783698,   67.25034608,
         81.07188071,   81.15924775,   81.2434022 ,   81.32434495,
         81.4020775 ,   81.47660189,   81.54792075,   81.61603722,
         81.680955  ,   81.74267822,   80.27166137,   80.44367288,
         80.60809789,   80.76492706,   80.91415334,   81.05577229,
         81.18978233,   81.31618493,   81.4349847 ,   81.54618946])
max_RAY_Renorm: 456.9955827561684
llh_GD_GSS: array([ -94.71536758,  -86.66832296,  -85.11661734,  -91.14899366,
       -110.55082796,  -87.51644264,  -82.86255199, -102.83299483,
       -113.96416414,  -87.94041911,  -78.8262155 ,  -97.05987677,
        -86.11531227,  -97.82596364,  -79.83843701,  -89.4377072 ,
       -122.59808201,  -91.72486423,  -86.72522708,  -80.32708753,
        -97.51159715, -119.59834966,  -93.04160857,  -91.98075627,
        -90.99722116, -100.97644131,  -95.37444872, -108.23018596,
       -158.78465366, -114.5115615 ,  401.24734821,  468.90335441,
        453.3358237 ,  453.09309964,  470.43479979,  467.50798488,
        476.12212363,  410.3140425 , -138.02158217,  254.70328106,
         62.29736832,   38.26371366,   76.54662506,   86.98984279,
         82.01840334,   85.54408637,  -79.24526252,   84.41241626,
         87.37423655,   57.53133473])
llh_GD_GSS_Renorm_kappa: array([ -93.24206563, -159.21897759, -147.0664862 , -111.27677837,
       -126.86895029, -107.58871936,  -95.0578178 , -128.85187679,
       -105.39157733, -116.9934623 , -137.36420287, -110.63353539,
        -95.11682281, -123.23109929, -129.14461068, -101.9971355 ,
       -110.25967689, -210.73194002, -120.77207783, -114.12260269,
       -362.4453925 , -111.80017025, -131.04100531, -103.65791049,
       -117.36924276, -120.46630492, -173.85706005, -100.44379481,
       -147.96276024, -106.88425856,  457.06405384,  468.12861223,
        469.03004553,  463.59353022,  473.91261571,  473.99313963,
        474.08627155,  474.06580169,  399.81420684,  472.59084588,
         79.08217935,   74.76383023,   80.17232529,   80.27655166,
         79.42292376,   83.36261028,   78.21779509,   82.26093364,
         83.35873766,   66.1782543 ])
llh_GD_GSS_Renorm_tau: array([-102.78452463, -189.10090622, -233.83214383, -116.50311205,
       -108.50560515, -172.49535104, -154.08204257, -111.84140359,
       -297.93547616, -174.13902035, -202.37772112, -112.44005594,
       -108.67611152, -141.98512276, -214.5709914 , -301.33376992,
       -117.43231654, -177.3674362 , -180.86117255, -249.94005453,
       -295.82339555, -115.24437639, -191.21871616, -157.84025583,
       -274.72092763, -153.69242299, -177.83815924, -122.77831127,
       -103.90274457, -103.69590235,  335.8074203 ,  463.07423213,
        471.01219469,  466.22703468,  473.75841269,  474.11843235,
        472.80288151,  197.91272724,  111.56315941,  155.60795837,
        -28.45026086,  -70.46318   ,   79.69409347,   80.32157688,
         80.51543195,  -87.88425422,  -85.05437217,  -68.62283636,
         79.84676476,   13.44608161])
llh_GD_GSS_Renorm_kappatau: array([-1.05464035e+02, -1.00242284e+02, -1.00933161e+02, -1.02547478e+02,
       -1.00641605e+02, -9.58565105e+01, -9.33054375e+01, -9.32254735e+01,
       -9.31876019e+01, -9.31928009e+01, -1.99396993e+02, -1.99990486e+02,
       -1.79908049e+02, -1.73036665e+02, -1.66853549e+02, -1.61579010e+02,
       -1.57466676e+02, -1.54809026e+02, -1.53943978e+02, -1.55262723e+02,
       -3.14654292e+02, -2.50595319e+02, -2.24861021e+02, -1.86421933e+02,
       -1.74748189e+02, -1.63932660e+02, -1.54526858e+02, -1.47205756e+02,
       -1.42798678e+02, -1.42329251e+02, -1.15407362e+02, -1.12034572e+02,
       -1.04967201e+02, -9.27770839e+01, -1.15434862e+02, -1.13815922e+02,
       -1.12527643e+02, -1.11598538e+02, -1.11058771e+02, -1.10940257e+02,
       -1.01295963e+02, -1.05143657e+02, -1.08385855e+02, -1.11139419e+02,
       -1.13510195e+02, -1.15583590e+02, -1.17426872e+02, -1.19093224e+02,
       -1.20625392e+02, -1.22058674e+02, -1.70252521e+02, -1.54227315e+02,
       -1.37306303e+02, -1.43064904e+02, -1.34492132e+02, -1.26649536e+02,
       -1.19766527e+02, -1.14103156e+02, -1.09954474e+02, -1.07655756e+02,
       -1.63355607e+02, -1.47466634e+02, -1.26343387e+02, -1.19596940e+02,
       -1.13389021e+02, -1.07838639e+02, -1.03077048e+02, -9.92491657e+01,
       -9.65152047e+01, -9.50525355e+01, -1.07259975e+02, -1.05747625e+02,
       -9.53232486e+01, -8.77856660e+01, -8.66875301e+01, -9.19605502e+01,
       -1.30351957e+02, -1.29005104e+02, -1.28260735e+02, -1.28185660e+02,
       -3.14654292e+02, -3.14654292e+02, -3.14654292e+02, -3.14654292e+02,
       -2.26426758e+02, -2.13795713e+02, -1.86582221e+02, -1.58277395e+02,
       -1.31951280e+02, -1.12140191e+02, -1.78372261e+02, -1.49698305e+02,
       -1.34783789e+02, -1.17547663e+02, -1.49929945e+02, -1.40523482e+02,
       -1.32135303e+02, -1.25130168e+02, -1.19930974e+02, -1.17028525e+02,
       -2.13018397e+02, -1.94166696e+02, -1.71234825e+02, -1.62501646e+02,
       -1.54478247e+02, -1.47404259e+02, -1.41553267e+02, -1.37238070e+02,
       -1.34816978e+02, -1.34701302e+02, -1.06073182e+02, -1.08982298e+02,
       -1.08771997e+02, -1.05973428e+02, -9.90322953e+01, -1.11833650e+02,
       -1.11105807e+02, -1.10607938e+02, -1.10353691e+02, -1.10357285e+02,
       -1.14676402e+02, -1.06408698e+02, -1.03202304e+02, -9.85825221e+01,
       -9.75869243e+01, -9.67446876e+01, -9.60636187e+01, -9.55517941e+01,
       -9.52175706e+01, -9.50695964e+01, -1.43214655e+02, -1.38570269e+02,
       -1.35389358e+02, -1.31878397e+02, -1.28812422e+02, -1.26247771e+02,
       -1.24244983e+02, -1.22869155e+02, -1.22190323e+02, -1.22283892e+02,
       -2.23181653e+02, -2.04409785e+02, -1.96480214e+02, -1.66508581e+02,
       -1.56234257e+02, -1.46897300e+02, -1.38858170e+02, -1.32535181e+02,
       -1.28414704e+02, -1.27063650e+02, -3.34794573e+02, -3.34794573e+02,
       -3.34794573e+02, -2.56750844e+02, -2.14823922e+02, -1.90476485e+02,
       -1.65449450e+02, -1.41409120e+02, -1.20627798e+02, -1.06141047e+02,
       -1.15386995e+02, -1.14681389e+02, -1.13949395e+02, -1.13189932e+02,
       -1.12402035e+02, -1.11584880e+02, -1.10737808e+02, -1.09860350e+02,
       -1.08952264e+02, -1.08013579e+02, -1.69999275e+02, -1.63027362e+02,
       -1.40774993e+02, -1.36667158e+02, -2.07549901e+02, -2.04557088e+02,
       -2.02637689e+02, -2.02019244e+02, -2.02959963e+02, -2.05753088e+02,
       -1.78314802e+02, -1.66675009e+02, -1.58645876e+02, -1.50121498e+02,
       -1.42225788e+02, -1.35152202e+02, -1.29118330e+02, -1.24369084e+02,
       -1.21180470e+02, -1.19864039e+02, -3.34794573e+02, -2.56733830e+02,
       -1.98113220e+02, -1.75435536e+02, -1.89028508e+02, -1.70700265e+02,
       -1.53077382e+02, -1.37173747e+02, -1.24258992e+02, -1.15916242e+02,
       -3.08089429e+02, -3.08105615e+02, -3.08113161e+02, -3.08113717e+02,
       -2.43518419e+02, -2.57513481e+02, -2.98283956e+02, -3.01480128e+02,
       -3.10173362e+02, -3.28381542e+02, -1.06325674e+02, -1.05928346e+02,
       -1.05504975e+02, -1.05049835e+02, -1.04555437e+02, -1.04011717e+02,
       -1.03404691e+02, -1.02714087e+02, -1.01908899e+02, -1.00938114e+02,
       -1.96894529e+02, -1.65967757e+02, -1.55624274e+02, -1.77206357e+02,
       -1.66853476e+02, -1.57065051e+02, -1.48187996e+02, -1.40628960e+02,
       -1.34863840e+02, -1.31449910e+02, -1.58449170e+02, -1.38919032e+02,
       -1.37828343e+02, -1.31082003e+02, -1.24789296e+02, -1.19061742e+02,
       -1.14022015e+02, -1.09805139e+02, -1.06559882e+02, -1.04450366e+02,
       -3.08113717e+02, -3.08113717e+02, -3.08113717e+02, -2.18571743e+02,
       -2.12474447e+02, -1.92593214e+02, -1.71984070e+02, -1.51990731e+02,
       -1.34454652e+02, -1.21830224e+02, -1.45590845e+02, -1.36717163e+02,
       -1.28644466e+02, -1.18170839e+02, -1.42425163e+02, -1.36231181e+02,
       -1.30793578e+02, -1.26289109e+02, -1.22915071e+02, -1.20891917e+02,
       -1.73030298e+02, -1.64217906e+02, -1.39506100e+02, -1.51442385e+02,
       -1.87820156e+02, -1.81850507e+02, -1.76863947e+02, -1.73174587e+02,
       -1.71148046e+02, -1.71210099e+02, -1.05875425e+02, -1.04373673e+02,
       -1.02872848e+02, -1.01375135e+02, -9.98893980e+01, -9.84363027e+01,
       -9.70543417e+01, -9.58047645e+01, -9.47715347e+01, -9.40515405e+01,
       -1.03924757e+02, -1.04031534e+02, -9.40148342e+01, -9.76123354e+01,
       -1.05973621e+02, -1.13727543e+02, -1.20879815e+02, -1.27595598e+02,
       -1.34489446e+02, -1.47368457e+02, -9.87219270e+01, -1.00922134e+02,
       -1.04495585e+02, -1.06092117e+02, -1.03754771e+02, -1.04792722e+02,
       -1.07012512e+02, -1.06953765e+02, -1.06912622e+02, -1.06889361e+02,
        2.03976677e+02,  2.63088791e+02,  4.28174179e+02,  4.34917903e+02,
        4.40882869e+02,  4.46014456e+02,  4.50255370e+02,  4.53545490e+02,
        4.55821707e+02,  4.57017760e+02,  4.43499867e+02,  4.43267793e+02,
        4.42762765e+02,  4.41880122e+02,  4.40428486e+02,  4.38011393e+02,
        4.33606339e+02,  4.22833198e+02,  2.23141179e+02,  2.33696475e+02,
        4.59510816e+02,  4.58958617e+02,  4.58343202e+02,  4.57650727e+02,
        4.56862883e+02,  4.55954849e+02,  4.54891938e+02,  4.53623837e+02,
        4.52074030e+02,  4.50118676e+02,  4.53535749e+02,  4.52998729e+02,
        4.52414120e+02,  4.51772955e+02,  4.51063901e+02,  4.50272374e+02,
        4.49379203e+02,  4.48358565e+02,  4.47174633e+02,  4.45775860e+02,
        4.72594605e+02,  4.72623434e+02,  4.72651850e+02,  4.72679742e+02,
        4.72706999e+02,  4.72733516e+02,  4.72759188e+02,  4.72783913e+02,
        4.72807586e+02,  4.72830101e+02,  4.71853467e+02,  4.71804473e+02,
        4.71753406e+02,  4.71699844e+02,  4.71643336e+02,  4.71583394e+02,
        4.71519484e+02,  4.71451023e+02,  4.71377364e+02,  4.71297785e+02,
        4.64578507e+02,  4.64983214e+02,  4.65302415e+02,  4.65536284e+02,
        4.65681390e+02,  4.65729250e+02,  4.65663581e+02,  4.65454789e+02,
        4.65048016e+02,  4.64333675e+02,  1.62859856e+02,  2.17935940e+02,
        2.78341625e+02,  3.41693101e+02,  3.92263002e+02,  4.33021319e+02,
        4.58406937e+02,  4.65087056e+02,  4.70030835e+02,  4.73080062e+02,
        4.09977067e+01,  1.47740514e+02,  2.55103187e+02,  2.64061418e+02,
        2.97229428e+02,  3.27455443e+02,  3.53882192e+02,  3.75532517e+02,
        3.91289666e+02,  3.99873806e+02, -4.37947435e+02,  3.13525634e+02,
        4.23061293e+02,  4.45742186e+02,  4.49878978e+02,  4.48329411e+02,
        4.32462175e+02,  4.49154831e+02,  4.61851827e+02,  4.69904578e+02,
       -8.46988113e+01, -6.29648947e+01, -4.44718978e+01, -2.78185347e+01,
       -1.31831142e+01,  9.55379177e-01,  1.21943774e+01,  2.06676159e+01,
        3.00475524e+01,  4.51146697e+01, -3.80855905e+02,  4.23565573e+01,
        8.04941602e+01,  8.33549400e+01,  8.20540903e+01,  8.05462866e+01,
        7.92619632e+01,  7.80417089e+01,  7.43704335e+01,  7.51344385e+01,
        7.97324862e+01,  7.97829767e+01,  7.98338777e+01,  7.98850610e+01,
        7.99364132e+01,  7.99878345e+01,  8.00392368e+01,  8.00905427e+01,
        8.01416841e+01,  8.01926018e+01,  6.86475069e+01,  6.65649972e+01,
        5.89883512e+01, -4.57778965e+01, -3.37242879e+01, -2.26596062e+01,
       -1.19219803e+01, -1.03407919e+00,  8.47033846e+00,  1.59954119e+01,
        6.99610690e+01,  6.76970475e+01,  6.19263238e+01, -4.11693680e+01,
       -3.20486235e+01, -2.33165159e+01, -1.41630109e+01, -5.03553166e+00,
        2.90425129e+00,  9.06216539e+00, -1.15506822e+02, -1.11841995e+02,
       -1.08680586e+02, -1.00749084e+02, -8.51497089e+01, -6.59133328e+01,
       -4.55139739e+01, -2.41344772e+01, -2.27837410e-01,  4.16029532e+01,
       -1.60948091e+02, -8.97130938e+01, -2.06643760e+01,  3.53538603e+01,
        4.62657693e+01,  5.59806903e+01,  6.42859103e+01,  7.09439787e+01,
        7.56894323e+01,  7.82250804e+01, -1.12003927e+02, -9.41748042e+01,
       -6.25484721e+01, -3.44913633e+01, -1.12116971e+01,  9.34420670e+00,
        2.64506310e+01,  4.34469992e+01,  8.23518746e+01,  8.24075021e+01,
        6.77294838e+01,  6.74590410e+01,  6.61377503e+01,  6.19598732e+01,
       -7.43685712e+01, -5.95934635e+01, -4.49564175e+01, -3.12400135e+01,
       -1.80969502e+01, -5.06896781e+00, -3.87568552e+01, -2.15371502e+01,
        3.67999491e+00,  6.47142989e+01,  6.56895809e+01,  6.64283128e+01,
        6.69196193e+01,  6.71522118e+01,  6.71143712e+01,  6.67939301e+01])
max_GSS_Renorm: 474.118432349491
