llh_GD_EXP: array([-188.31760439, -179.16524623, -199.57701032, -190.75677387,
       -228.04450197, -193.30831235, -188.31529886, -200.25750262,
       -187.53022008, -197.04006541, -185.67991894, -175.58812514,
       -187.94230379, -442.23663354, -185.32343859, -181.51824789,
       -170.71525496, -187.22537564, -177.97651195, -184.62029417,
       -196.02725491, -214.28500445, -196.31721138, -219.13294151,
       -218.27470443, -216.76652248, -198.17416008, -195.16924181,
       -199.74768161, -244.3092367 , 6550.27318128, 6566.50897133,
       6583.7629737 , 6540.39972755, 6585.92886968, 6589.54519677,
       6588.98694589, 3112.43245571, 6577.16555329, 6587.54356949,
       -171.25698574, -167.58964226, -171.31779324, -174.37421567,
       -168.23036653, -166.87013829, -167.88281353, -165.71174141,
       -174.95488329, -167.90664109])
llh_GD_EXP_Renorm_alpha: array([-212.07124723, -192.0652913 , -203.01128918, -227.3321408 ,
       -198.91397116, -198.81124183, -210.93682432, -203.20860337,
       -203.85556937, -197.71372305, -195.83871096, -203.92451609,
       -210.47356595, -174.90762399, -198.95631039, -213.03556568,
       -182.39910245, -196.14118104, -200.7451286 , -187.9288762 ,
       -204.8023643 , -242.00001869, -203.88769179, -237.04753718,
       -216.9309415 , -222.76346875, -241.27379693, -196.20717349,
       -207.01127464, -212.09559163, 6518.78048927, 6541.23077078,
       6551.25636087, 6506.35982379, 6558.53695741, 6560.42507534,
       6560.71332203, 6552.54312315, 6544.79998658, 6555.75723756,
       -183.37810309, -184.74018586, -180.92338159, -170.39567287,
       -187.69388255, -180.79691507, -184.94239018, -175.95669983,
       -170.75185338, -185.38959433])
llh_GD_EXP_Renorm_beta: array([-192.33387111, -183.41675518, -202.70868082, -198.32442069,
       -204.46247133, -197.53136413, -185.76017897, -201.94477641,
       -186.2902909 , -197.68015938, -187.33068179, -178.6408556 ,
       -194.72289556, -201.07664357, -191.38382317, -187.75361402,
       -174.66166894, -191.40699497, -182.78178628, -188.07324556,
       -198.2996757 , -217.05115837, -198.62340603, -230.28785917,
       -218.66904226, -221.23220595, -205.11758935, -196.19405883,
       -202.90373574, -225.0485642 , 6531.99702117, 6543.06983268,
       6556.14146878, 6515.91622365, 6561.93483406, 6563.33668005,
       6563.45871228, 6016.01044658, 6550.9277985 , 6559.64028096,
       -179.6155702 , -173.91232037, -170.51217545, -178.26790846,
       -175.08551185, -171.41484741, -175.37516062, -170.90595047,
       -173.54621076, -172.22007968])
llh_GD_EXP_Renorm_alphabeta: array([-194.35264941, -196.60658376, -199.11385897, -201.89371533,
       -204.96623438, -208.35195203, -184.19144613, -185.09971236,
       -186.1528584 , -187.36286273, -188.74243398, -190.30509622,
       -202.75172664, -202.79483367, -202.83800198, -202.88123163,
       -202.92452267, -202.96787517, -201.29662009, -204.61616939,
       -208.3101333 , -212.40545034, -216.92751787, -221.89808445,
       -203.60335362, -202.76709684, -201.95327703, -201.16147213,
       -200.39126282, -199.64223313, -197.71010296, -197.89019674,
       -198.07165266, -198.25447789, -198.43867966, -198.62426522,
       -187.69191489, -190.07026863, -192.95348554, -196.40647085,
       -200.50141605, -205.31722932, -202.12208319, -202.30046243,
       -202.47991863, -202.6604563 , -202.84207996, -203.02479415,
       -187.84450871, -189.66830908, -191.78852174, -194.23431505,
       -197.03743727, -200.23227264, -197.68495128, -197.68974415,
       -197.694538  , -197.69933281, -197.70412858, -197.70892533,
       -188.39660628, -189.50952764, -190.67107989, -191.88296618,
       -193.14695956, -194.46490337, -180.8873399 , -183.51007085,
       -186.54982804, -190.05349621, -194.07496563, -198.67565908,
       -196.61886114, -198.62374522, -200.74281567, -202.9815572 ,
       -205.34565635, -207.84098269, -195.12458915, -190.07851285,
       -185.82137861, -182.25348285, -179.29086039, -176.86255039,
       -192.36185505, -193.37289138, -194.41785273, -195.49768702,
       -196.61336923, -197.76590108, -190.39666306, -193.3192796 ,
       -196.5453544 , -200.10095591, -204.01423652, -208.31523407,
       -175.46898613, -176.3666811 , -177.35980539, -178.45371322,
       -179.65410051, -180.96705315, -192.04045075, -192.68776693,
       -193.34919367, -194.02498602, -194.71540398, -195.42071242,
       -184.6872829 , -186.78659013, -189.09411394, -191.62566931,
       -194.39855856, -197.43160424, -188.05256981, -188.03191127,
       -188.01126991, -187.99064574, -187.97003874, -187.94944889,
       -198.97739587, -199.73068774, -200.56364791, -201.48113204,
       -202.48883693, -203.59338046, -219.96380789, -223.14975021,
       -226.60383468, -230.30103329, -234.18460928, -238.14723569,
       -199.2057661 , -199.84011212, -200.5288171 , -201.27460701,
       -202.0805921 , -202.95029787, -231.23090334, -232.18429017,
       -233.14658362, -234.11612063, -235.09098291, -236.06896486,
       -218.41458062, -218.16218278, -217.91184326, -217.66355606,
       -217.41731472, -217.17311231, -221.44718642, -221.66342686,
       -221.88092587, -222.09968178, -222.31969254, -222.54095578,
       -208.15247672, -211.81279693, -216.20681481, -221.42742247,
       -227.50224318, -234.29255965, -196.19592703, -196.197797  ,
       -196.19966875, -196.20154227, -196.20341757, -196.20529464,
       -203.42002813, -203.9583929 , -204.51964041, -205.10462753,
       -205.71425706, -206.34947626, -222.86197555, -220.7881001 ,
       -218.82855994, -216.98259049, -215.24770478, -213.62020677,
       6530.2577615 , 6528.4705007 , 6526.63431828, 6524.74825197,
       6522.81129717, 6520.82240646, 6542.81141006, 6542.55156029,
       6542.29027961, 6542.02756419, 6541.76341018, 6541.49781369,
       6555.49347901, 6554.82902801, 6554.14802009, 6553.45035553,
       6552.7359304 , 6552.00463644, 6514.61401877, 6513.29128294,
       6511.94774143, 6510.58311379, 6509.19711385, 6507.7894497 ,
       6561.48993489, 6561.03161627, 6560.55982955, 6560.07452405,
       6559.5756471 , 6559.06314388, 6562.95687142, 6562.5650809 ,
       6562.16127209, 6561.74540719, 6561.31744689, 6560.8773504 ,
       6563.09951151, 6562.72936569, 6562.34824349, 6561.95611239,
       6561.55293864, 6561.13868728, 6174.81477771, 6298.79398625,
       6390.3827238 , 6455.54187274, 6500.85596634, 6531.92557526,
       6550.11103813, 6549.27499688, 6548.41952168, 6547.54445291,
       6546.64962422, 6545.73486228, 6559.12725976, 6558.60044247,
       6558.05976933, 6557.50517819, 6556.93660443, 6556.35398083,
       -180.10935983, -180.61754209, -181.14022521, -181.67751662,
       -182.22952294, -182.79635005, -174.97554391, -176.19224338,
       -177.56715159, -179.1049157 , -180.81007715, -182.68706205,
       -170.34978867, -170.66819562, -171.50873093, -172.91285007,
       -174.92237861, -177.57900335, -176.54927651, -174.967217  ,
       -173.55922881, -172.36323077, -171.41548367, -170.74944553,
       -176.35658221, -177.79612776, -179.4092115 , -181.20077497,
       -183.17562974, -185.33846653, -172.12763018, -173.0361242 ,
       -174.1484592 , -175.47274758, -177.01702404, -178.78918126,
       -176.407344  , -177.54684252, -178.79622981, -180.15803117,
       -181.63471936, -183.22871473, -171.29113949, -171.78260639,
       -172.38384498, -173.09836379, -173.92967736, -174.88129382,
       -172.5059588 , -171.64578034, -170.98731158, -170.55054674,
       -170.35406595, -170.41547024, -173.27443871, -174.5859645 ,
       -176.16597091, -178.02561499, -180.1757897 , -182.62704854])
max_EXP_Renorm: 6563.458712283083
llh_GD_PWL: array([          nan,           nan,           nan,           nan,
                 nan,           nan,           nan,           nan,
                 nan,           nan,           nan, -167.40486672,
                 nan,           nan,           nan,           nan,
                 nan,           nan,           nan,           nan,
                 nan,           nan,           nan,           nan,
                 nan,           nan,           nan,           nan,
                 nan,           nan, 5393.79378628, 5316.84526311,
       5406.0846947 , 5463.93400271, 6131.13008962, 5454.85746021,
       5212.53875024, 5409.1571917 , 5479.93805678, 5338.61453514,
       -187.70627772, -181.13381266, -172.79529938, -180.26785974,
       -179.65485098, -178.52470298, -177.27824132, -183.31981542,
       -174.0188001 ,           nan])
llh_GD_PWL_Renorm_K: array([            nan,             nan,             nan,             nan,
                   nan,             nan,             nan,             nan,
                   nan,             nan,             nan,   -270.4036747 ,
                   nan,             nan,             nan,             nan,
                   nan,             nan,             nan,             nan,
                   nan,             nan,             nan,             nan,
                   nan,             nan,             nan,             nan,
                   nan,             nan,   5237.00897288, -58250.87682921,
         4359.77176011,   5379.19014739,   6534.90749732,   6038.40040836,
       -81698.69625471,  -8118.3371486 ,   5900.95069045,   6538.53051026,
        -1101.68825892,   -199.42695796,  -2963.83130072,   -182.57772247,
        -1073.26483379,   -220.9673466 ,   -205.01566897,   -217.56972656,
         -188.41518689,             nan])
llh_GD_PWL_Renorm_c: array([          nan,           nan,           nan,           nan,
                 nan,           nan,           nan,           nan,
                 nan,           nan,           nan,           nan,
                 nan,           nan,           nan,           nan,
                 nan,           nan,           nan,           nan,
                 nan,           nan,           nan,           nan,
                 nan,           nan,           nan,           nan,
                 nan,           nan, 6494.25008742, 5644.05215302,
       6476.34109471, 6481.76927257, 6527.19384324, 6435.40074091,
                 nan,           nan, 6516.53308979, 6405.58263223,
                 nan, -233.13690008,           nan, -212.07649644,
                 nan, -210.03128012, -222.0903748 , -264.59846169,
       -211.67945591,           nan])
lllh_GD_PWL_Renorm_p: array([          nan,           nan,           nan,           nan,
                 nan,           nan,           nan,           nan,
                 nan,           nan,           nan, -235.96869734,
                 nan,           nan,           nan,           nan,
                 nan,           nan,           nan,           nan,
                 nan,           nan,           nan,           nan,
                 nan,           nan,           nan,           nan,
                 nan,           nan, 6151.2501206 , 6066.63611496,
       6150.96522122, 6214.04718538, 6505.13130833, 5890.6051436 ,
       5890.24548019, 5875.81245276, 6254.8583017 , 6194.65174531,
       -248.98321776, -190.13556558, -175.81362733, -177.46947953,
       -190.56173519, -177.42607017, -197.12174039, -212.72947427,
       -182.61210718,           nan])
llh_GD_PWL_Renorm_Kc: array([            nan,             nan,             nan,             nan,
                   nan,             nan,             nan,             nan,
                   nan,             nan,             nan,             nan,
                   nan,             nan,             nan,             nan,
                   nan,             nan,             nan,             nan,
                   nan,             nan,             nan,             nan,
                   nan,             nan,             nan,             nan,
                   nan,             nan,             nan,             nan,
                   nan,             nan,             nan,             nan,
                   nan,             nan,             nan,             nan,
                   nan,             nan,             nan,             nan,
                   nan,             nan,             nan,             nan,
                   nan,             nan,             nan,             nan,
                   nan,             nan,             nan,             nan,
                   nan,             nan,             nan,             nan,
                   nan,             nan,             nan,             nan,
                   nan,             nan,             nan,             nan,
                   nan,             nan,             nan,             nan,
                   nan,             nan,             nan,             nan,
                   nan,             nan,             nan,             nan,
                   nan,             nan,             nan,             nan,
                   nan,             nan,             nan,             nan,
                   nan,             nan,             nan,             nan,
                   nan,             nan,             nan,             nan,
                   nan,             nan,             nan,             nan,
                   nan,             nan,             nan,             nan,
                   nan,             nan,             nan,             nan,
                   nan,             nan,             nan,             nan,
                   nan,             nan,             nan,             nan,
                   nan,             nan,             nan,             nan,
                   nan,             nan,             nan,             nan,
                   nan,             nan,             nan,             nan,
                   nan,             nan,             nan,             nan,
                   nan,             nan,             nan,             nan,
                   nan,             nan,             nan,             nan,
                   nan,             nan,             nan,             nan,
                   nan,             nan,             nan,             nan,
                   nan,             nan,             nan,             nan,
                   nan,             nan,             nan,             nan,
                   nan,             nan,             nan,             nan,
                   nan,             nan,             nan,             nan,
                   nan,             nan,             nan,             nan,
                   nan,             nan,             nan,             nan,
                   nan,             nan,             nan,             nan,
                   nan,             nan,             nan,             nan,
         6427.7461398 ,   6334.50090102,   6202.87499117,   6030.05232375,
         5813.24410164,   5549.74634497,             nan,             nan,
                   nan,             nan,             nan, -67358.85918948,
         6214.97867482,   6064.52308871,   5857.67281893,   5589.33426149,
         5254.08355016,   4846.20794875,   6321.75153449,   6225.61222487,
         6106.85699853,   5964.17500687,   5796.2338461 ,   5601.68822059,
         6529.2888787 ,   6530.82359768,   6532.11596185,   6533.16826551,
         6533.98278565,   6534.56178202,   6449.70325957,   6442.34399679,
         6413.08377354,   6360.09258797,   6281.40835045,   6174.92822512,
                   nan,             nan,             nan,             nan,
                   nan,             nan,             nan,             nan,
                   nan,             nan,  -2636.49224261,  -5210.66330249,
         6472.09297922,   6424.5554706 ,   6359.42486681,   6275.62332711,
         6172.04080622,   6047.53810521,   6441.46119573,   6469.66129849,
         6493.37436923,   6512.3658919 ,   6526.39246236,   6535.2014265 ,
                   nan,             nan,             nan,             nan,
         -683.67055958,   -882.20968495,   -224.05387271,   -215.92065766,
         -209.06979592,   -203.73895402,   -200.17739373,   -198.64768697,
                   nan,             nan,             nan,             nan,
                   nan,  -2675.74328264,   -204.47884438,   -198.11156148,
         -192.6645361 ,   -188.25833086,   -185.01923584,   -183.07951609,
                   nan,             nan,             nan,             nan,
         -727.99377768,   -890.1482997 ,   -206.7079687 ,   -201.99110536,
         -199.63219526,   -199.98315465,   -203.40488332,   -210.27052483,
         -220.69287722,   -217.9233791 ,   -215.2118363 ,   -212.56171146,
         -209.97654658,   -207.45996423,   -261.36427548,   -253.5579185 ,
         -245.89805204,   -238.42495265,   -231.18157522,   -224.21363938,
         -208.67976244,   -204.79688696,   -201.09666183,   -197.59339225,
         -194.30183327,   -191.23720134,             nan,             nan,
                   nan,             nan,             nan,             nan])
llh_GD_PWL_Renorm_Kp: array([            nan,             nan,             nan,             nan,
                   nan,             nan,             nan,             nan,
                   nan,             nan,             nan,             nan,
                   nan,             nan,             nan,             nan,
                   nan,             nan,             nan,             nan,
                   nan,             nan,             nan,             nan,
                   nan,             nan,             nan,             nan,
                   nan,             nan,             nan,             nan,
                   nan,             nan,             nan,             nan,
                   nan,             nan,             nan,             nan,
                   nan,             nan,             nan,             nan,
                   nan,             nan,             nan,             nan,
                   nan,             nan,             nan,             nan,
                   nan,             nan,             nan,             nan,
                   nan,             nan,             nan,             nan,
                   nan,             nan,             nan,             nan,
                   nan,             nan,   -201.44166957,   -181.32150355,
         -178.0482313 ,   -191.03561947,   -215.77368095,   -244.71381355,
                   nan,             nan,             nan,             nan,
                   nan,             nan,             nan,             nan,
                   nan,             nan,             nan,             nan,
                   nan,             nan,             nan,             nan,
                   nan,             nan,             nan,             nan,
                   nan,             nan,             nan,             nan,
                   nan,             nan,             nan,             nan,
                   nan,             nan,             nan,             nan,
                   nan,             nan,             nan,             nan,
                   nan,             nan,             nan,             nan,
                   nan,             nan,             nan,             nan,
                   nan,             nan,             nan,             nan,
                   nan,             nan,             nan,             nan,
                   nan,             nan,             nan,             nan,
                   nan,             nan,             nan,             nan,
                   nan,             nan,             nan,             nan,
                   nan,             nan,             nan,             nan,
                   nan,             nan,             nan,             nan,
                   nan,             nan,             nan,             nan,
                   nan,             nan,             nan,             nan,
                   nan,             nan,             nan,             nan,
                   nan,             nan,             nan,             nan,
                   nan,             nan,             nan,             nan,
                   nan,             nan,             nan,             nan,
                   nan,             nan,             nan,             nan,
                   nan,             nan,             nan,             nan,
                   nan,             nan,             nan,             nan,
         6156.76942564,   6095.97331498,   5975.91728765,   5809.99824193,
         5617.15851834,   5419.29154489,   5556.35032442,   3930.86341109,
          503.08344653,  -5763.45336494, -16354.37497284, -33191.63798708,
         6265.74898313,   6280.14377185,   6176.78983218,   5941.30474273,
         5565.84932914,   5051.84857426,   6162.71851473,   6076.63566294,
         5960.84960076,   5822.87433948,   5672.4628698 ,   5520.83625655,
         6512.25171831,   6518.28455652,   6523.2725847 ,   6527.25669211,
         6530.27598739,   6532.36788543,   6070.26907964,   6214.01825568,
         6316.16387138,   6371.32033935,   6374.63462489,   6321.16401345,
         6126.07768742,   5293.69351067,   2452.30567964,  -4041.20085129,
       -16986.06276926, -40844.52762356,   6208.06932284,   6185.3967015 ,
         5614.31455371,   4234.35548033,   1716.86411802,  -2296.93246454,
         6247.50576733,   6216.69477674,   6166.90671994,   6103.90762753,
         6034.29882554,   5964.75023674,   6262.87842303,   6323.70738183,
         6377.62302933,   6425.25997375,   6467.35740735,   6504.67807846,
         -201.5888195 ,   -177.44309651,   -196.57591575,   -284.53914556,
         -467.22148797,   -753.2930986 ,   -181.09855952,   -175.36919513,
         -172.93983612,   -173.64943753,   -177.39716719,   -184.79693113,
         -195.73614417,   -275.11191298,   -446.41049741,   -753.6012717 ,
        -1249.98847951,  -1984.53953097,   -174.11371794,   -172.28248344,
         -171.79538549,   -172.51992399,   -174.43510918,   -177.68162492,
         -175.58957692,   -189.3727785 ,   -245.38852022,   -358.40696665,
         -540.03108003,   -788.5805477 ,   -173.40568978,   -173.84523726,
         -178.37356436,   -186.2039644 ,   -196.29330128,   -207.79760192,
         -197.65130526,   -198.37865151,   -199.30512194,   -200.43171684,
         -201.75901994,   -203.28713975,   -208.76037651,   -206.14825389,
         -204.98298365,   -205.38091738,   -207.48803119,   -211.48066211,
         -182.29262845,   -182.34642515,   -182.778792  ,   -183.59605112,
         -184.8045834 ,   -186.4098015 ,             nan,             nan,
                   nan,             nan,             nan,             nan])
max_PWL_Renorm: nan
llh_GD_QEXP: array([ 3.54129020e+02,  2.35042216e+02,  3.62592683e+02, -1.77261529e+02,
        1.75674026e+02, -1.71756438e+02,             nan, -8.25338442e+01,
        2.97241531e+02,             nan,  4.30113765e+02,  2.31183869e+02,
        2.11352244e+01,  1.20467448e+02,  7.38012106e+01,  9.36374513e+00,
        2.33594711e+01, -1.78638561e+02,  2.74677968e+02,  3.82692939e+02,
                   nan,  7.36967536e+01,             nan,             nan,
        1.05830173e+02, -8.00609536e-01,             nan,             nan,
                   nan,             nan,  2.62197469e+04,  2.73662508e+04,
        2.66061429e+04,  2.71395465e+04,  2.48122092e+04,  2.61795607e+04,
        2.62090187e+04,  2.43559886e+04,  2.66704289e+04,  2.54227505e+04,
        2.95604757e+02, -1.65761503e+02,  9.51013683e+02,  2.51907813e+02,
       -4.03431761e+01,  5.04820346e+02,  8.31635421e+01,  2.23309428e+02,
        6.87161127e+01, -4.56306217e+01])
llh_GD_QEXP_Renorm_a: array([ 9.54808510e+01,  7.66665225e+01,  9.34437248e+01,  8.22688812e+01,
        9.50295573e+01,  9.17442388e+01,             nan,  9.70540143e+01,
        9.44018531e+01,             nan,  5.86143275e+01,  1.22251912e+02,
        3.96943555e+01, -1.45450286e+02,  1.06632840e+02,  1.01672524e+02,
       -2.14999885e+02, -1.41558558e+02,  9.46535452e+01,  1.07463330e+02,
                   nan,  1.95696342e+01,             nan,             nan,
        8.47150326e+00,  1.84572698e+01,             nan,             nan,
                   nan,             nan,  1.37310251e+04,  1.36776819e+04,
        1.33596077e+04,  1.38140138e+04,  1.36772484e+04,  1.37911562e+04,
        1.37278730e+04,  1.36609352e+04,  1.37497377e+04,  1.37030393e+04,
       -7.50072653e+01,  2.36081600e+01,  3.61212566e+02,  9.17892863e+00,
        1.98258422e+01,  5.51780993e+01,  2.20542282e+01, -3.41513566e+01,
        6.48681478e+00,  3.28430114e+01])
lllh_GD_QEXP_Renorm_q: array([-228.08279102,   76.93587598,   79.88636296,           nan,
         83.79358731,           nan,   75.15908592,           nan,
       -226.78987711,           nan,  113.22838658, -225.51836971,
         37.82094655,   34.44455534,  116.52599203,  115.02400835,
       -162.60709694, -213.97433751,  121.11072836,  105.66595791,
         16.52312309,           nan,   31.70438347,           nan,
         25.07070322,           nan,           nan,   28.50692236,
         25.30032658,           nan,           nan,           nan,
                 nan,           nan,           nan,           nan,
                 nan,           nan,           nan,           nan,
         32.30257839,   -9.26277262,           nan,   27.31463498,
         11.4673409 ,  724.72402827,   32.24229224,   37.0900157 ,
         83.21087858,  -16.9161713 ])
llh_GD_QEXP_Renorm_aq: array([ 7.71075420e+01,  8.43712506e+01,  9.00254677e+01,  9.41057254e+01,
        9.65054475e+01,  9.70261064e+01,  7.68975143e+01,  7.68591135e+01,
        7.68206736e+01,  7.67821946e+01,  7.67436764e+01,  7.67051191e+01,
        8.59360568e+01,  9.07168680e+01,  9.42346290e+01,  9.64033321e+01,
        9.70791670e+01,  9.61223260e+01,             nan,             nan,
        7.52789999e+01,  9.10871966e+01,  9.70322519e+01,  9.35490507e+01,
        8.59533881e+01,  8.79283660e+01,  8.97205201e+01,  9.13298645e+01,
        9.27542834e+01,  9.39895494e+01,             nan,             nan,
                   nan,             nan,             nan,             nan,
        8.85934107e+01,  9.59144259e+01,  9.63117105e+01,  8.86334023e+01,
        7.29206043e+01,             nan,             nan,             nan,
                   nan,             nan,  7.49078781e+01,  9.11251755e+01,
        7.45536920e+01,  7.91704645e+01,  8.32386501e+01,  8.67866956e+01,
        8.98309602e+01,  9.23737786e+01,             nan,             nan,
                   nan,             nan,             nan,             nan,
        1.21171436e+02,  1.24893501e+02,  1.23271763e+02,  1.15518287e+02,
        1.01689979e+02,  8.24292383e+01,  1.01070054e+02,  1.06001137e+02,
        1.10328668e+02,  1.14099058e+02,  1.17342969e+02,  1.20067748e+02,
        3.80893899e+01,  3.83575632e+01,  3.86254658e+01,  3.88930971e+01,
        3.91604562e+01,  3.94275426e+01,  1.14866295e+01, -1.28562581e+01,
       -3.82705230e+01, -6.44756028e+01, -9.12203975e+01, -1.18279586e+02,
        1.21846320e+02,  1.24588750e+02,  1.24862094e+02,  1.22928805e+02,
        1.19125636e+02,  1.13692249e+02,  1.13455761e+02,  1.11780110e+02,
        1.09994337e+02,  1.08094993e+02,  1.06078032e+02,  1.03938895e+02,
       -1.70160953e+02, -1.77697286e+02, -1.85212683e+02, -1.92703825e+02,
       -2.00167484e+02, -2.07600520e+02, -2.03769577e+02, -1.93503941e+02,
       -1.83185557e+02, -1.72822874e+02, -1.62424673e+02, -1.52000075e+02,
        1.18836365e+02,  1.16040941e+02,  1.12732334e+02,  1.08922643e+02,
        1.04627310e+02,  9.98643295e+01,  1.14052845e+02,  1.20179988e+02,
        1.23978747e+02,  1.24985580e+02,  1.22693843e+02,  1.16842694e+02,
        2.55752223e+01,  3.11489594e+01,             nan,             nan,
                   nan,             nan,             nan,             nan,
        3.11334392e+01,  2.92053531e+01,  2.66150219e+01,  2.33982288e+01,
                   nan,             nan,             nan,             nan,
                   nan,             nan,             nan,             nan,
                   nan,             nan,             nan,             nan,
        2.32457174e+01,  2.12433429e+01,  1.90626283e+01,  1.67005777e+01,
        1.41524315e+01,  1.14119385e+01,             nan,             nan,
                   nan,             nan,  2.96794141e+01,  2.50065027e+01,
                   nan,             nan,             nan,             nan,
                   nan,             nan,  3.15994987e+01,             nan,
                   nan,             nan,             nan,             nan,
                   nan,             nan,             nan,             nan,
                   nan,             nan,             nan,             nan,
                   nan,             nan,             nan,             nan,
                   nan,             nan,             nan,             nan,
                   nan,             nan,             nan,             nan,
                   nan,             nan,             nan,             nan,
                   nan,             nan,             nan,             nan,
                   nan,  1.56977813e+04,             nan,             nan,
                   nan,             nan,             nan,             nan,
                   nan,             nan,             nan,             nan,
                   nan,             nan,             nan,             nan,
                   nan,             nan,             nan,             nan,
                   nan,             nan,             nan,             nan,
                   nan,             nan,             nan,             nan,
                   nan,             nan,             nan,  1.54692161e+04,
                   nan,             nan,             nan,             nan,
                   nan,             nan,             nan,             nan,
                   nan,             nan,             nan,             nan,
        3.70877728e+01,  3.40458943e+01,  2.30856416e+01,  5.24858487e+00,
       -1.79713804e+01, -4.51321516e+01,  7.85832355e+00,  2.16301924e+01,
        3.13465877e+01,  3.64300731e+01,  3.66577712e+01,  3.22774487e+01,
                   nan,             nan,             nan,             nan,
                   nan,             nan,  3.32833142e+01,  3.65545964e+01,
        3.69452773e+01,  3.42939921e+01,  2.86261569e+01,  2.01493479e+01,
        2.28876569e+01,  3.11815849e+01,  3.59707025e+01,  3.70780423e+01,
        3.46119434e+01,  2.88344389e+01,  6.18319284e+02,  5.12864862e+02,
        4.10328518e+02,  3.12390571e+02,  2.20222571e+02,  1.34434973e+02,
        3.11221578e+01,  2.98909721e+01,  2.85485594e+01,  2.70944000e+01,
        2.55277763e+01,  2.38479333e+01,  3.59897287e+01,  3.13797603e+01,
        2.34208026e+01,  1.24599930e+01, -1.07477860e+00, -1.67475880e+01,
        7.19505143e+01,  6.07911736e+01,  4.97320674e+01,  3.87725388e+01,
        2.79120624e+01,  1.71502430e+01, -3.19642882e-01,  1.38412455e+01,
        2.50440026e+01,  3.27853283e+01,  3.66868645e+01,  3.66376315e+01])
max_QEXP_Renorm: nan
llh_GD_RAY: array([  -175.26800085,   -183.74270661,   -176.73934241,   -174.09027533,
         -183.94081766,   -185.9058117 ,   -387.46630109,   -206.51624047,
         -175.76549744,   -294.06160788,   -167.15495785,   -163.93732073,
         -166.93664348,   -166.02098383,   -166.12065221,   -165.36019113,
         -173.72220104,   -166.35702893,   -169.17388715,   -165.76282409,
         -197.73945473,   -197.93862509,   -190.68798581,   -191.78341227,
         -192.48565884,   -191.28505684,   -288.30022639,   -192.09067153,
         -189.84746699,   -192.74724879,   5968.93839726,   5273.08071164,
         6494.48743672,   4683.92609861,   6402.75844199,   6538.65143817,
         6548.42631646,   5995.24753294,   6475.78422402,   6556.45656752,
         -169.39648661,   -166.13193487,   -167.80322848,   -165.47160339,
         -164.63109922, -78744.65956554,   -178.64417155,   -166.87062876,
         -168.97560132,   -165.90600192])
llh_GD_RAY_Renorm_gamma: array([-191.51088291, -192.89899606, -193.30071552, -194.23083121,
       -190.59678996, -192.82612345, -203.75782937, -190.7135736 ,
       -189.08683397, -187.05735466, -196.8351766 , -177.02338641,
       -196.27947093, -175.32237611, -208.43802908, -195.43878365,
       -177.19132825, -185.06246983, -196.7627285 , -179.85389228,
       -213.76812797, -204.12455726, -199.91031527, -212.83288484,
       -214.53154885, -218.50041455, -202.41115532, -237.57983224,
       -205.35031216, -207.61489347, 6550.98521248, 6556.92952287,
       6548.81887274, 6551.40893168, 6531.37615224, 6518.45129712,
       6533.11500954, 6097.05872951, 6497.57877258, 6536.82265827,
       -202.79620775, -192.83491996, -198.36100038, -189.2205585 ,
       -180.9021327 , -233.7724133 , -202.64971666, -193.15704865,
       -204.81738452, -182.75339171])
llh_GD_RAY_Renorm_eta: array([-184.32827485, -190.67836571, -187.64598987, -184.59510022,
       -187.66315549, -190.45583286, -185.45333078, -185.2487833 ,
       -184.40361445, -182.1337878 , -176.34841872, -170.99642561,
       -175.96830672, -170.45427068, -172.79050556, -171.77709867,
       -175.52301849, -173.66636418, -179.30411831, -173.17223022,
       -206.89678018, -203.20133994, -200.03011991, -202.38612039,
       -203.37389438, -201.57378666, -199.97797096, -199.84160726,
       -199.79041287, -202.26872419, 6525.00719782, 6509.96733958,
       6544.05898749, 6469.05254814, 6516.3624575 , 6524.6486747 ,
       6534.222476  , 6071.88141836, 6513.40177322, 6539.54783047,
       -184.96619472, -182.10642932, -182.61268372, -180.95779936,
       -178.0978459 , -186.74478175, -177.69758588, -184.76657189,
       -186.91466458, -179.66285177])
llh_GD_RAY_Renorm_gammaeta: array([-185.00881346, -185.7874735 , -186.67074395, -187.66801394,
       -188.7928772 , -190.06479041, -190.9702766 , -191.27008454,
       -191.57810082, -191.89465185, -192.22007878, -192.55473711,
       -188.28594308, -188.972916  , -189.71128386, -190.50635809,
       -191.3644869 , -192.29310558, -185.4445909 , -186.43238209,
       -187.571682  , -188.88284177, -190.39678819, -192.15881977,
       -188.03150416, -188.41532083, -188.8153714 , -189.23251839,
       -189.66772971, -190.12208654, -190.76545305, -191.08406792,
       -191.41205863, -191.74982719, -192.09779607, -192.45640766,
       -186.77745055, -188.37129297, -190.2913297 , -192.63193055,
       -195.5346185 , -199.17953954, -185.83490082, -186.47766095,
       -187.18065462, -187.94860191, -188.78768113, -189.70591578,
       -184.90063043, -185.44977334, -186.05332175, -186.71424958,
       -187.43646564, -188.22509699, -182.43103477, -182.84476363,
       -183.38832352, -184.07219786, -184.90480561, -185.89534901,
       -178.23796148, -180.45901471, -183.02813275, -185.95236403,
       -189.23111194, -192.85999233, -171.52646391, -172.14332529,
       -172.86102193, -173.69388611, -174.65620284, -175.76177172,
       -177.81205871, -179.99098678, -182.5243053 , -185.42116732,
       -188.68213809, -192.30301223, -170.8853915 , -171.38349038,
       -171.96077063, -172.63008088, -173.40464342, -174.29774557,
       -174.96335688, -177.96944883, -181.95666765, -186.99923927,
       -193.10007524, -200.24113839, -173.22597846, -175.1769718 ,
       -177.74426399, -181.01996192, -185.05723114, -189.86740682,
       -175.74408388, -175.9707709 , -176.20316177, -176.44133653,
       -176.68537284, -176.93534589, -174.71543173, -175.93495642,
       -177.34122561, -178.94818705, -180.76662256, -182.80360504,
       -181.14922071, -183.20987597, -185.48867886, -187.98537263,
       -190.6980092 , -193.62428359, -173.85263257, -174.61413283,
       -175.46336927, -176.40661036, -177.44958306, -178.59729812,
       -207.68647194, -208.53602291, -209.44792504, -210.42463566,
       -211.46859576, -212.58225874, -203.32407121, -203.4497773 ,
       -203.57850431, -203.71029878, -203.84520757, -203.9832779 ,
       -200.05984291, -200.02033065, -199.93821155, -199.84749295,
       -199.78643666, -199.79451101, -203.24458237, -204.27808048,
       -205.50808046, -206.95675948, -208.64620438, -210.59790703,
       -204.35839642, -205.51613992, -206.86528772, -208.42392544,
       -210.20968477, -212.23977911, -202.61847022, -204.00870587,
       -205.80988334, -208.09147052, -210.92215735, -214.36855826,
       -199.86567303, -199.78582973, -199.81193658, -200.01576752,
       -200.4668549 , -201.23756189, -200.39175569, -201.7713522 ,
       -204.36124771, -208.66132423, -215.22021876, -224.60850146,
       -199.90142103, -200.16432971, -200.61989897, -201.31174697,
       -202.28983072, -203.6132091 , -202.79328195, -203.38775162,
       -204.05782808, -204.80945593, -205.64873966, -206.58184278,
       6529.51694843, 6533.74263426, 6537.69441328, 6541.38292481,
       6544.81945826, 6548.01601556, 6519.18926801, 6527.48153885,
       6534.89588366, 6541.48628767, 6547.31153968, 6552.43651581,
       6544.77104677, 6545.4722124 , 6546.16260428, 6546.84234351,
       6547.51155235, 6548.17035405, 6485.98903562, 6501.03215901,
       6514.26246256, 6525.78963941, 6535.73493047, 6544.22674776,
       6518.69362355, 6520.96114154, 6523.16592482, 6525.30889146,
       6527.39096426, 6529.41307206, 6523.79304678, 6522.92761234,
       6522.05231284, 6521.16708984, 6520.27188501, 6519.36664013,
       6534.06549444, 6533.90810457, 6533.75030578, 6533.59209748,
       6533.43347907, 6533.27444996, 6075.56352113, 6079.21691719,
       6082.8417603 , 6086.43820569, 6090.00641003, 6093.54653145,
       6511.28949175, 6509.12870479, 6506.91887131, 6504.65946325,
       6502.34996867, 6499.98989505, 6539.1668073 , 6538.7830419 ,
       6538.39652209, 6538.00723579, 6537.615171  , 6537.22031578,
       -186.72587285, -188.75302816, -191.04908152, -193.60900388,
       -196.42493195, -199.48927736, -183.12236238, -184.29586533,
       -185.64009511, -187.16384936, -188.87132334, -190.76262723,
       -184.01966108, -185.69332342, -187.65208511, -189.90295931,
       -192.44350895, -195.26586039, -181.72943815, -182.61761702,
       -183.63670157, -184.79897729, -186.11373938, -187.58680925,
       -178.38620887, -178.70489056, -179.05710035, -179.44709738,
       -179.88022365, -180.36283705, -177.92601745, -177.05142754,
       -183.21632555, -195.71667074, -213.27143846, -225.98535953,
       -178.70319302, -180.15127132, -182.29387796, -185.46865947,
       -189.9134566 , -195.66446039, -185.7099088 , -186.73729745,
       -187.85022372, -189.04922418, -190.33402431, -191.70373028,
       -188.80642467, -190.92857202, -193.27711174, -195.84584456,
       -198.62857319, -201.62031685, -180.00163258, -180.36930175,
       -180.76894928, -181.20384106, -181.67733209, -182.19276954])
max_RAY_Renorm: 6556.929522873223
llh_GD_GSS: array([-196.31120115, -196.04552285, -179.10717509, -223.55463998,
       -194.33451498, -186.28469556, -192.78625162, -176.94027834,
       -222.70699067, -183.88779015, -165.04124139, -177.63215893,
       -165.80127582, -196.39905439, -178.84612575, -244.10858436,
       -209.09481529, -175.37019519, -190.27816276, -212.83403704,
       -201.44116103, -199.47060492, -189.33882552, -187.23101514,
       -195.77832595, -194.69266736, -195.03104556, -196.39503652,
       -192.82328143, -215.48564684, 6588.60431004, 6589.69261595,
       5866.23577582, 6500.41072691, 6593.17827757, 6433.20088986,
       6596.11757618, 6581.57090498, 6535.24690821, 6535.00901912,
       -186.1525425 , -180.35082672, -175.8554762 , -175.48151951,
       -167.59695917, -179.0900827 , -199.13857318, -192.78427873,
       -173.42100271, -177.44008946])
llh_GD_GSS_Renorm_kappa: array([-205.19534419, -232.22252699, -261.91035083, -348.43537667,
       -223.39784156, -195.42348847, -221.44103215, -207.78073464,
       -250.61722474, -259.74093384, -184.78249436, -199.50487238,
       -189.37215641, -212.1569529 , -204.8971263 , -249.66992812,
       -206.73533232, -222.94972   , -222.0893883 , -207.33270102,
       -228.36093688, -230.32436075, -241.53497525, -208.51228312,
       -218.9441603 , -207.12810457, -209.21881443, -213.11219508,
       -259.21129812, -246.35248459, 6570.75370633, 6572.03668192,
       6535.10253774, 6570.47423516, 6572.82699963, 6570.9879216 ,
       6570.50934045, 6556.68700935, 6568.80781358, 6573.26382467,
       -253.76930277, -219.75899336, -213.91454969, -208.92865057,
       -202.11248613, -234.41910072, -204.46140858, -368.05839549,
       -216.82209212, -234.26682601])
llh_GD_GSS_Renorm_tau: array([ -215.23071108,  -213.43278971,  -931.09867561,  -204.32622311,
        -225.85918543,  -234.00057569,  -225.59148212,  -262.6661307 ,
        -249.04410592,  -277.8356049 ,  -238.5996129 ,  -235.92669641,
        -256.1369294 ,  -235.7915397 ,  -210.71824749,  -218.16722686,
        -196.01301412,  -242.45406812,  -210.342405  ,  -197.44605141,
        -259.84469161,  -246.99467985,  -355.03958707,  -292.99509933,
        -249.02660359,  -245.45829543,  -241.26813577, -1553.15979948,
        -584.22428349,  -246.9788553 ,  6571.16723581,  6572.91864242,
        5779.69194801,  6571.85987512,  6573.29738704,  6561.35471015,
        6572.2781403 ,  6567.12802706,  6573.03854299,  6573.29159315,
        -236.51638566,  -249.84386146,  -268.4082063 ,  -237.31607528,
        -249.77214046,  -239.56572833,  -219.02831823,  -385.84860471,
        -244.66609115,  -232.29396705])
llh_GD_GSS_Renorm_kappatau: array([-224.69086673, -214.74398797, -212.72454567, -205.12216482,
       -205.35580655, -205.08027148, -219.04082224, -214.21873361,
       -210.88988772, -201.85939502, -201.2991465 , -204.23896993,
                 nan,           nan,           nan,           nan,
                 nan,           nan, -223.16430588, -217.63746936,
       -223.23052429, -218.39963742, -229.91840758, -260.54034446,
       -225.24826226, -217.11885195, -198.19416019, -228.08591142,
       -224.84250993, -223.21417117, -241.48733855, -225.07918747,
       -202.84124733, -199.44432301, -197.01307233, -195.63995047,
       -228.40527475, -229.68999744, -210.07010642, -221.23950939,
       -220.97333215, -221.0352794 , -252.07480964, -229.83885867,
       -221.71517381, -215.18425491, -210.49688736, -207.92827058,
       -242.73828452, -243.51190466, -244.18298826, -244.77178269,
       -245.29362667, -245.76034204, -283.38016338, -246.34548472,
       -273.83853014, -265.47839246, -259.93985948, -257.8064918 ,
       -236.24467514, -211.42901689, -202.32932954, -194.85460194,
       -189.2532467 , -185.79681203, -228.72159628, -213.19285117,
       -208.04443285, -203.97888274, -201.11444526, -199.57782336,
       -248.98918929, -229.32782351, -215.93605755, -204.75484347,
       -196.24599629, -190.92573852, -233.70600023, -222.83074921,
       -218.41557867, -215.0293041 , -212.77942112, -211.78093472,
       -210.08695995, -203.36020541, -211.52336542, -208.28119066,
       -206.03309512, -204.87207793, -205.45300776, -201.59717479,
       -178.29902679, -256.4606081 , -251.25021412, -248.83160655,
       -183.34201186, -183.80594788, -183.98716361, -183.69580362,
       -182.41937249, -177.43155303, -223.36701624, -215.14193861,
       -232.65700016, -227.55655297, -224.0934009 , -222.48055848,
       -196.17545148, -204.54987571, -198.94156873, -222.15869978,
       -221.68521072, -221.65409212, -198.97597368, -190.33100853,
       -199.50352101, -207.75003661, -207.27632958, -207.13212995,
       -262.43994813, -282.01616758, -227.67845245, -227.61444972,
       -227.70328645, -227.95029209, -261.55223609, -246.70996073,
       -231.85445051, -230.61450535, -229.9193864 , -229.80875725,
       -333.26928658, -296.29916495, -276.88663291, -260.34684077,
       -247.90589482, -241.04033319, -282.28204948, -240.76209328,
       -229.49139456, -220.1685941 , -213.22771111, -209.15802158,
       -232.70279543, -238.76590166, -224.63841015, -221.79499175,
       -219.83797918, -218.85608917, -229.88137129, -239.33702312,
       -211.284766  , -209.28189361, -207.88905689, -207.15424552,
       -227.73052982, -235.3347371 , -213.42348148, -211.39429568,
       -209.98384479, -209.24135859,           nan,           nan,
                 nan,           nan,           nan,           nan,
                 nan,           nan,           nan,           nan,
                 nan,           nan, -257.54863178, -255.97969102,
       -253.97909652, -247.43266981, -245.77839918, -246.04115624,
       6567.21185166, 6567.26951996, 6567.30867017, 6567.3283445 ,
       6567.32723745, 6567.30360469, 6569.65420271, 6569.43998518,
       6569.21619625, 6568.97787024, 6568.71958746, 6568.43530796,
       5548.48082293, 6173.84491995, 6288.67141722, 6385.12691062,
       6460.44792961, 6511.57260328, 6574.30102798, 6574.7603605 ,
       6574.84510641, 6574.26734222, 6572.55944351, 6569.06894964,
       6572.42328151, 6572.2241576 , 6572.03966998, 6571.86760171,
       6571.70522952, 6571.54945914, 6543.68004597, 6548.32980536,
       6537.62046832, 6360.69110622, 6386.90901763, 6393.4201763 ,
       6569.58513721, 6569.13509643, 6568.66923076, 6568.18293947,
       6567.67088467, 6567.12693554, 6555.9029917 , 6553.93917006,
       6551.70137672, 6549.12839848, 6546.14168668, 6542.63872735,
       6574.30688474, 6574.15702118, 6573.51310391, 6572.18981065,
       6569.93381717, 6566.38197754, 6568.01690904, 6571.51086803,
       6573.17709455, 6573.93539202, 6574.22860886, 6574.25852748,
       -240.29668567, -241.27833677, -223.58396173, -205.60276979,
       -205.02314461, -217.61734666, -258.76266998, -255.25622947,
       -217.27453488, -217.27217613, -217.66874073, -218.48901057,
       -267.62991864, -242.80660969, -223.69331163, -217.30103763,
       -213.21384274, -211.90455323, -249.25196869, -240.69291133,
       -238.15605282, -207.42307166, -207.77962114, -208.27984116,
       -256.25403695, -243.56805788, -201.36632946, -200.72675569,
       -200.61187173, -201.06020468, -222.3341935 , -197.0940791 ,
       -213.9315745 , -221.84326109, -232.05434248, -231.47331839,
       -209.96529953, -207.71706869, -205.4192035 , -203.07912968,
       -200.70809885, -198.3233794 , -393.73984922, -329.39584482,
       -359.10768456, -346.88580849, -341.50610859, -346.79307995,
       -241.09479648, -224.77132842, -200.25731844, -217.14904346,
       -215.10611594, -214.90598276, -237.06016515, -225.22445865,
       -205.1159448 , -192.41918123, -201.18914283, -232.07705608])
max_GSS_Renorm: nan
