llh_GD_EXP: array([-4.23495312e+02, -4.42044196e+02, -4.32660897e+02, -4.38519010e+02,
       -4.60031336e+02, -4.33598357e+02, -4.44649096e+02, -4.91331777e+02,
       -4.60970429e+02, -4.59008541e+02, -4.40240052e+02, -4.45633340e+02,
       -4.68935662e+02, -4.59468255e+02, -4.48166510e+02, -4.25364708e+02,
       -4.50673742e+02, -4.32258231e+02, -4.59128971e+02, -4.61741288e+02,
       -5.35955164e+02, -4.90868979e+02, -6.04322472e+02, -5.17255018e+02,
       -4.85589773e+02, -5.03028473e+02, -5.21562721e+02, -5.33660319e+02,
       -5.25698266e+02, -5.03614104e+02,  1.66270603e+04,  1.51722680e+04,
        1.63849850e+04,  1.71474271e+04,  1.69205160e+04,  1.70403005e+04,
        1.70779364e+04,  1.75147020e+04,  1.74939263e+04,  1.76899160e+04,
       -4.02727326e+01, -2.91108443e+02, -8.99339802e+01,  8.07616610e+00,
       -5.99807342e+01,  8.57085777e+00,  1.67957830e+01,  1.30218319e+01,
       -5.84099266e+01, -2.66733802e+01])
llh_GD_EXP_Renorm_alpha: array([-4.43242826e+02, -4.46926160e+02, -4.97034471e+02, -4.98732924e+02,
       -4.46642510e+02, -4.46291387e+02, -4.72721080e+02, -5.14228301e+02,
       -4.65163690e+02, -4.86078206e+02, -4.75063759e+02, -5.81867091e+02,
       -5.01189786e+02, -4.73081717e+02, -4.95554003e+02, -4.41041991e+02,
       -5.12328185e+02, -4.70303181e+02, -4.93716002e+02, -4.61659598e+02,
       -5.59102407e+02, -4.95884204e+02, -5.01047998e+02, -5.19097474e+02,
       -5.27581738e+02, -5.06605137e+02, -5.45892752e+02, -5.08240426e+02,
       -5.96103959e+02, -5.82453606e+02,  1.67945380e+04,  1.50105413e+04,
        1.63542377e+04,  1.71472533e+04,  1.68971243e+04,  1.71340481e+04,
        1.70758160e+04,  1.74739738e+04,  1.74725245e+04,  1.76555591e+04,
        9.06736496e-01, -1.69170500e+02, -3.91529110e+01,  2.75985392e-01,
       -1.42825947e+00,  1.16218457e+00, -9.27943140e+00, -1.08930331e+00,
       -2.88456193e+01, -3.26136241e+00])
llh_GD_EXP_Renorm_beta: array([-4.33592130e+02, -4.45812725e+02, -4.40971023e+02, -4.44493121e+02,
       -4.54631149e+02, -4.41006817e+02, -4.56212929e+02, -4.94474155e+02,
       -4.58601620e+02, -4.61034970e+02, -4.49422116e+02, -4.46301028e+02,
       -4.72001946e+02, -4.64331203e+02, -4.52679480e+02, -5.61152417e+02,
       -4.66322115e+02, -4.40394940e+02, -4.73004091e+02, -4.62065046e+02,
       -5.41511680e+02, -4.95892967e+02, -4.97851444e+02, -5.08448515e+02,
       -4.97584275e+02, -5.06357030e+02, -5.22012456e+02, -5.02291898e+02,
       -5.24032873e+02, -5.17267681e+02,  1.66416684e+04,  1.55177989e+04,
        1.65774126e+04,  1.71287245e+04,  1.70090549e+04,  1.70650535e+04,
        1.70611327e+04,  1.75019652e+04,  1.74734291e+04,  1.76647339e+04,
       -8.67054624e+00, -2.99975289e+02, -5.84450676e+01, -3.51353980e+00,
       -1.91050118e+01, -2.47495487e+00, -1.88508180e+00,  1.03242142e+00,
       -5.02242359e+01, -4.59283075e-01])
llh_GD_EXP_Renorm_alphabeta: array([-4.34036063e+02, -4.35077987e+02, -4.36842654e+02, -4.39495453e+02,
       -4.46030083e+02, -4.46250084e+02, -4.46472750e+02, -4.46698102e+02,
       -4.46430638e+02, -4.54174834e+02, -4.64757037e+02, -4.78803644e+02,
       -4.50490963e+02, -4.58488919e+02, -4.68886794e+02, -4.82131967e+02,
       -4.52815664e+02, -4.51113800e+02, -4.49520758e+02, -4.48031853e+02,
       -4.41914579e+02, -4.42893425e+02, -4.43946795e+02, -4.45078233e+02,
       -4.59008566e+02, -4.62043537e+02, -4.65331251e+02, -4.68885614e+02,
       -4.98095700e+02, -5.01876634e+02, -5.05822141e+02, -5.09937543e+02,
       -4.59827036e+02, -4.61094964e+02, -4.62406382e+02, -4.63762288e+02,
       -4.65132332e+02, -4.69655185e+02, -4.74632887e+02, -4.80096351e+02,
       -4.53190899e+02, -4.57550465e+02, -4.62583954e+02, -4.68385972e+02,
       -4.56958485e+02, -4.72974527e+02, -4.96739012e+02, -5.31576197e+02,
       -4.76800025e+02, -4.82072962e+02, -4.87863913e+02, -4.94219468e+02,
       -4.65946020e+02, -4.67626011e+02, -4.69373603e+02, -4.71191305e+02,
       -4.58407827e+02, -4.65318413e+02, -4.73632443e+02, -4.83609866e+02,
       -5.17828125e+02, -4.86861584e+02, -4.65258584e+02, -4.50587645e+02,
       -4.73059167e+02, -4.80863645e+02, -4.89890282e+02, -5.00313434e+02,
       -4.44020288e+02, -4.48593466e+02, -4.54319799e+02, -4.61453056e+02,
       -4.76590669e+02, -4.80437280e+02, -4.84561276e+02, -4.88981038e+02,
       -4.61983603e+02, -4.61902336e+02, -4.61821247e+02, -4.61740334e+02,
       -5.44681599e+02, -5.48018363e+02, -5.51529136e+02, -5.55221289e+02,
       -4.95891214e+02, -4.95889461e+02, -4.95887708e+02, -4.95885956e+02,
       -4.98426167e+02, -4.99032128e+02, -4.99670349e+02, -5.00341920e+02,
       -5.10258088e+02, -5.12216775e+02, -5.14335267e+02, -5.16624863e+02,
       -4.92538853e+02, -4.91868501e+02, -4.95484227e+02, -5.05451357e+02,
       -5.06406400e+02, -5.06455895e+02, -5.06505516e+02, -5.06555264e+02,
       -5.25909707e+02, -5.30210537e+02, -5.34949724e+02, -5.40164129e+02,
       -5.03328923e+02, -5.04437875e+02, -5.05623040e+02, -5.06888960e+02,
       -5.33357989e+02, -5.44814217e+02, -5.58791460e+02, -5.75726691e+02,
       -5.25402547e+02, -5.35555129e+02, -5.48131323e+02, -5.63591643e+02,
        1.66728954e+04,  1.67038185e+04,  1.67344148e+04,  1.67646618e+04,
        1.54209327e+04,  1.53220547e+04,  1.52208417e+04,  1.51170508e+04,
        1.65334128e+04,  1.64890372e+04,  1.64443455e+04,  1.63993946e+04,
        1.71324572e+04,  1.71361764e+04,  1.71398822e+04,  1.71435745e+04,
        1.69873298e+04,  1.69652676e+04,  1.69428744e+04,  1.69201574e+04,
        1.70791946e+04,  1.70931656e+04,  1.71069654e+04,  1.71205932e+04,
        1.70640839e+04,  1.70670278e+04,  1.70699644e+04,  1.70728938e+04,
        1.74965277e+04,  1.74910102e+04,  1.74854124e+04,  1.74797338e+04,
        1.74732483e+04,  1.74730675e+04,  1.74728866e+04,  1.74727056e+04,
        1.76629626e+04,  1.76611595e+04,  1.76593246e+04,  1.76574579e+04,
       -5.72715893e+00, -3.28149446e+00, -1.35038797e+00,  5.04482194e-02,
       -2.79469197e+02, -2.56492839e+02, -2.30383945e+02, -2.01051526e+02,
       -5.43581899e+01, -5.03810162e+01, -4.65181204e+01, -4.27739633e+01,
       -2.52953190e+00, -1.65705710e+00, -8.97665923e-01, -2.52845922e-01,
       -1.43506563e+01, -1.01790536e+01, -6.61741992e+00, -3.69212531e+00,
       -1.03789422e+00,  5.14024000e-02,  7.85489051e-01,  1.15767951e+00,
       -3.01625386e+00, -4.32282231e+00, -5.80352886e+00, -7.45655042e+00,
        8.01747819e-01,  4.74512181e-01,  5.03895661e-02, -4.70843945e-01,
       -4.55847098e+01, -4.11195387e+01, -3.68363379e+01, -3.27425765e+01,
       -9.13858135e-01, -1.42183132e+00, -1.98273187e+00, -2.59607490e+00])
max_EXP_Renorm: 17664.73393276114
llh_GD_PWL: array([           nan,            nan,            nan,            nan,
                  nan,            nan,            nan,            nan,
                  nan,            nan,  -460.13259556,  -463.27244433,
        -481.57242158,  -586.4385211 ,  -434.94775736,  -443.07237092,
        -444.05988094,  -456.67160789,  -540.24418562,  -426.30286035,
        -502.56515393,            nan,  -514.14641821,  -553.29624046,
        -491.81084284,  -494.66467875,  -494.15162392,            nan,
        -537.26808321,            nan, 17320.80859943, 16934.90414152,
       17307.96839971, 15558.36302006, 16129.8045413 , 15531.88832436,
       15764.32815104, 15532.02992873, 15079.92658192, 12668.1537405 ,
                  nan,            nan,            nan,            nan,
                  nan,            nan,            nan,            nan,
                  nan,            nan])
llh_GD_PWL_Renorm_K: array([             nan,              nan,              nan,
                    nan,              nan,              nan,
                    nan,              nan,              nan,
                    nan,    -638.15734652,    -539.7124236 ,
          -929.55532907,   -1998.91801679,    -520.97907772,
          -693.60030489,    -570.55158667,    -919.58686936,
          -702.75065932,   -8989.48764194,    -686.96414586,
                    nan,    -714.02632155,    -657.52665765,
          -652.74570564,    -811.24288438,    -748.52494282,
                    nan,    -702.49944194,              nan,
         16859.76244614,   15053.43943344,   16799.31486676,
         11042.02962022,   16484.7728779 ,    2765.49201527,
         17232.11087344,   11630.86982968, -106032.81009968,
       -138973.25412253,              nan,              nan,
                    nan,              nan,              nan,
                    nan,              nan,              nan,
                    nan,              nan])
llh_GD_PWL_Renorm_c: array([           nan,            nan,            nan,            nan,
                  nan,            nan,            nan,            nan,
                  nan,            nan,  -916.24540035,  -561.22877685,
        -563.31381193,            nan,  -693.9818707 ,  -943.30531984,
        -695.97171377,  -574.7607841 ,  -764.67312834,            nan,
                  nan,            nan,            nan,  -770.68786144,
                  nan, -1036.9189112 ,  -940.1633754 ,            nan,
        -606.0345823 ,            nan, 17065.62054309, 15889.98142463,
       17216.50720066, 17340.11453547, 17454.09598171, 17321.13118001,
       16635.19555646, 16921.25338403,            nan,            nan,
                  nan,            nan,            nan,            nan,
                  nan,            nan,            nan,            nan,
                  nan,            nan])
lllh_GD_PWL_Renorm_p: array([           nan,            nan,            nan,            nan,
                  nan,            nan,            nan,            nan,
                  nan,            nan,  -605.68621377,  -469.44660209,
        -553.13356878,  -475.71372586,  -466.50696756,  -632.22778318,
        -518.16899977,  -477.75841511,  -480.11180942, -1472.42501891,
        -651.12656976,            nan,  -517.56303191,  -551.51619441,
        -643.73769541,  -742.77821157,  -674.64297006,            nan,
        -568.62391453,            nan, 17187.79466949, 14981.34217826,
       17406.62117903, 16209.07982532, 16742.35758484, 16234.03295152,
       16774.56842925, 16170.69637335, 15224.47234198, 15993.5217407 ,
                  nan,            nan,            nan,            nan,
                  nan,            nan,            nan,            nan,
                  nan,            nan])
llh_GD_PWL_Renorm_Kc: array([            nan,             nan,             nan,             nan,
                   nan,             nan,             nan,             nan,
                   nan,             nan,             nan,             nan,
                   nan,             nan,             nan,             nan,
                   nan,             nan,             nan,             nan,
                   nan,             nan,             nan,             nan,
                   nan,             nan,             nan,             nan,
                   nan,             nan,             nan,             nan,
                   nan,             nan,             nan,             nan,
                   nan,             nan,             nan,             nan,
         -848.00029802,   -783.39103973,   -725.01924083,   -675.62611196,
         -550.37666037,   -540.87983465,   -535.69306534,   -535.17840852,
         -653.69915393,   -690.70432271,   -747.76989969,   -826.7468317 ,
                   nan,             nan,             nan,  -1660.78812917,
         -633.21227703,   -584.44038301,   -547.68859125,   -525.59478014,
         -899.55080524,   -844.94049099,   -791.69862387,   -740.87027385,
         -671.46949855,   -643.29302165,   -616.90120159,   -592.56118806,
         -638.49870436,   -661.05417531,   -712.92507794,   -797.81883492,
         -746.13991847,   -721.18381631,   -704.66813992,   -698.03590501,
                   nan,             nan,             nan,             nan,
         -856.5344198 ,   -831.22692336,   -778.82804182,   -729.76034303,
                   nan,             nan,             nan,             nan,
                   nan,   -665.50564918,   -667.47504978,   -682.48451854,
         -744.94632355,   -719.32658266,   -695.77811219,   -674.99332414,
                   nan,             nan,   -673.70577507,   -659.09796242,
        -1012.32657238,   -963.23446815,   -912.75257516,   -861.74743941,
         -915.63505922,   -873.14276995,   -830.71074546,   -788.94632279,
                   nan,             nan,             nan,             nan,
         -627.63213077,   -634.36172973,   -648.63583873,   -671.12227347,
                   nan,             nan,             nan,             nan,
        17051.23852906,  17005.4106812 ,  16958.19973664,  16909.63930347,
        15968.43294824,  15750.9439045 ,  15525.43082074,  15292.68026966,
        17185.58760227,  17097.86317283,  17004.04464851,  16904.43193588,
        17236.18825979,  16550.12659651,  15351.02878499,  13547.16277902,
        17545.03489571,  17451.97048649,  17252.44070793,  16934.35416862,
        14294.33568038,  12356.2786497 ,   9813.2568452 ,   6622.19853372,
        16718.52971936,  16863.74852229,  16998.26958477,  17121.32486998,
        15630.01450593,  14886.04574392,  13980.97487704,  12900.80046931,
                   nan,             nan,             nan, -95892.18870086,
                   nan,             nan,             nan,             nan,
                   nan,             nan,             nan,             nan,
                   nan,             nan,             nan,             nan,
                   nan,             nan,             nan,             nan,
                   nan,             nan,             nan,             nan,
                   nan,             nan,             nan,             nan,
                   nan,             nan,             nan,             nan,
                   nan,             nan,             nan,             nan,
                   nan,             nan,             nan,             nan,
                   nan,             nan,             nan,             nan,
                   nan,             nan,             nan,             nan])
llh_GD_PWL_Renorm_Kp: array([            nan,             nan,             nan,             nan,
                   nan,             nan,             nan,             nan,
                   nan,             nan,             nan,             nan,
                   nan,             nan,             nan,             nan,
                   nan,             nan,             nan,             nan,
                   nan,             nan,             nan,             nan,
                   nan,             nan,             nan,             nan,
                   nan,             nan,             nan,             nan,
                   nan,             nan,             nan,             nan,
                   nan,             nan,             nan,             nan,
         -545.50113149,   -510.08438313,   -501.96903216,   -526.92104092,
         -479.98554176,   -492.21071075,   -506.04206272,   -521.70815678,
         -627.09587045,   -709.60063357,   -791.97168129,   -866.64352091,
         -541.58092092,   -722.69053395,  -1037.40816213,  -1476.6911132 ,
         -453.95600279,   -457.07294459,   -470.79331026,   -492.01487579,
         -600.38401609,   -585.46935155,   -590.03584261,   -619.80277587,
         -521.86375312,   -528.98783986,   -539.47500632,   -553.31500586,
         -543.12605419,   -635.28872326,   -739.1365347 ,   -837.66725251,
         -480.1022154 ,   -496.64590114,   -529.48927631,   -582.02540242,
        -1176.97829748,   -671.36756116,   -500.40457447,  -2378.56063881,
         -607.29899672,   -583.42411223,   -581.92448952,   -608.73377359,
                   nan,             nan,             nan,             nan,
         -539.03278067,   -573.70908207,   -616.29640127,   -662.63216961,
         -552.36550274,   -560.55022348,   -577.52875616,   -606.86243144,
         -563.68162395,   -524.91146803,   -529.79323285,   -570.26442108,
         -719.37205465,   -713.52702293,   -726.11341208,   -757.95783886,
         -669.67688295,   -674.89025797,   -689.93839175,   -714.51370526,
                   nan,             nan,             nan,             nan,
         -595.7392806 ,   -623.67355664,   -651.03622358,   -677.21197371,
                   nan,             nan,             nan,             nan,
        17096.84020374,  17001.27726269,  16901.65834577,  16877.14594267,
        15040.6638739 ,  15069.75152553,  15080.20544154,  15074.75675081,
        17283.8115016 ,  17132.27123076,  16957.83180135,  16765.16648698,
        16570.3858565 ,  16052.01369887,  14663.27224526,  12762.2795708 ,
        16736.12927532,  16671.62940458,  16589.71261706,  16522.28054819,
        15226.08084719,  13123.43708199,  10011.89387705,   6315.04413878,
        16896.96056693,  17004.18650262,  17096.09577701,  17172.2804334 ,
        15509.38623461,  14639.15443366,  13626.56116315,  12578.29386194,
        16099.8362784 ,  11761.64212463,  -3744.24720408, -40057.28262702,
        11249.96816262,   -197.12155516, -23214.85919037, -65536.4065475 ,
                   nan,             nan,             nan,             nan,
                   nan,             nan,             nan,             nan,
                   nan,             nan,             nan,             nan,
                   nan,             nan,             nan,             nan,
                   nan,             nan,             nan,             nan,
                   nan,             nan,             nan,             nan,
                   nan,             nan,             nan,             nan,
                   nan,             nan,             nan,             nan,
                   nan,             nan,             nan,             nan,
                   nan,             nan,             nan,             nan])
max_PWL_Renorm: nan
llh_GD_QEXP: array([ 1526.68189315,  1633.52162383,   755.98016248,  1151.32781858,
        1193.36409038,  1051.9241341 ,  1810.35650284,   712.65283755,
         794.33103739,   253.65489249,  2698.06837725,  2507.16292258,
        3657.95659986,  3134.92976698,  2653.43407344,  2753.1000282 ,
        2742.75107922,  2528.77978711,  1067.99873254,  3093.88034427,
        1813.38395733,  1361.54085006,  -162.29586106,  1492.64404162,
        1530.10463597,  2173.90000561,  1755.94581956,   844.67980021,
        -197.41478437,  2333.90029124, 24203.55618223, 45765.29184301,
       41154.61729065, 41253.66649913, 36511.64428604, 48366.66960507,
       47702.91502336, 49707.82648445, 27761.61972234, 54670.63721533,
                  nan,  1485.21616501,            nan,            nan,
                  nan,   400.73114244,  1248.77059594,  1595.68288027,
                  nan,            nan])
llh_GD_QEXP_Renorm_a: array([-2.22518222e+02,  9.52563943e+00, -4.52709228e+02, -4.41358598e+02,
       -4.14784222e+02, -4.05750931e+02, -3.98381288e+02, -4.58612363e+02,
       -3.93010641e+02, -1.83395885e+02,  1.92121766e+03,  1.47388666e+03,
        1.68535853e+03,  1.73936786e+03,  1.51663676e+03,  1.62922626e+03,
        1.51788974e+03,  1.67171999e+03,  1.06525652e+03,  1.64806935e+03,
        8.06400559e+02,  1.14135627e+03,  9.96538865e+02,  1.12318601e+03,
        9.81741392e+02,  1.15603776e+03,  9.94676852e+02,  1.12417899e+03,
        2.64890739e+02,  1.12505468e+03,  3.83757949e+04,  3.27790711e+04,
        2.54539098e+04,  2.39223956e+04,  2.36367685e+04,  3.36207263e+04,
        3.50248053e+04,  3.55452970e+04,  2.40426029e+04,  3.54993513e+04,
                   nan,  8.16310780e+02,             nan,             nan,
                   nan,  8.20516156e+02,  8.17988603e+02,  8.16955392e+02,
                   nan,             nan])
lllh_GD_QEXP_Renorm_q: array([-5.75216557e+02, -6.52279863e+02,  2.90149028e+02,  3.04411658e+02,
        2.88992067e+02,  3.00509957e+02, -6.75360743e+02,  2.64738088e+02,
        2.50393483e+02, -8.04250671e+01,             nan,  3.38212287e+03,
                   nan,             nan,             nan,             nan,
                   nan,  3.19870321e+03,  8.65236459e+02,             nan,
                   nan,             nan, -1.06510742e+03,             nan,
                   nan,             nan,             nan,  6.26302941e+02,
       -6.79772123e+02,             nan,  1.51713009e+04,  5.47553579e+04,
        5.21842923e+04,  5.08830964e+04,  4.18800756e+04,  5.76124433e+04,
        5.54031967e+04,  5.75817802e+04,  2.92328732e+04,             nan,
                   nan, -8.13921618e+01,             nan,  8.20267745e+02,
                   nan,             nan,  8.30438714e+02, -5.23333575e+01,
                   nan,             nan])
llh_GD_QEXP_Renorm_aq: array([ 2.93167850e+02,  2.97122892e+02,  1.95230696e+02,  8.58850033e+00,
        2.54336058e+02,  3.04205132e+02,  2.84944748e+02,  1.79581173e+02,
        2.11285119e+02,  8.02351393e+01, -8.42876731e+01, -2.66116773e+02,
        2.82825551e+02,  1.71588131e+02, -5.55368507e+00, -2.17819710e+02,
        3.01658682e+02,  2.14958239e+02,  4.27308344e+01, -1.77423049e+02,
        2.38160976e+02,  1.18695401e+02, -3.93543992e+01, -2.18690425e+02,
        2.74331223e+02,  2.99980084e+02,  1.63933378e+02, -9.39018719e+01,
        1.71650571e+02,  3.94993719e+01, -1.17194983e+02, -2.86391077e+02,
        1.62394169e+02,  4.47590292e+01, -9.24269533e+01, -2.40646801e+02,
       -1.00646089e+02, -1.21074000e+02, -1.41688172e+02, -1.62468602e+02,
                   nan,  2.73496000e+03,  2.47090600e+03,  2.19914255e+03,
        3.02209139e+03,  2.64660789e+03,  2.25937844e+03,  1.86603841e+03,
                   nan,             nan,  3.10335376e+03,  2.41368799e+03,
                   nan,             nan,  2.75759928e+03,  2.25726997e+03,
        3.16955656e+03,  2.77333285e+03,  2.36131848e+03,  1.93958093e+03,
        3.26540008e+03,  2.87820518e+03,  2.47283945e+03,  2.05403046e+03,
        3.32167389e+03,  2.89353677e+03,  2.44480745e+03,  1.98265271e+03,
        2.91029230e+03,  2.61134092e+03,  2.30346600e+03,  1.98914626e+03,
        9.04574828e+02,  9.44252422e+02,  9.84263012e+02,  1.02460002e+03,
                   nan,  3.21526427e+03,  2.71576073e+03,  2.18913738e+03,
                   nan,             nan,  1.51246920e+03,  1.15276964e+03,
                   nan,             nan,             nan,             nan,
       -8.44877077e+02, -5.49578850e+02, -1.42236411e+02,  3.80842676e+02,
                   nan,             nan,             nan,             nan,
                   nan,             nan,             nan,  1.18444045e+03,
                   nan,             nan,             nan,             nan,
                   nan,             nan,             nan,  1.28395937e+03,
        7.23457507e+02,  8.22053805e+02,  9.21862301e+02,  1.02264908e+03,
       -5.27664479e+02, -3.57275193e+02, -1.68688287e+02,  3.83986680e+01,
                   nan,             nan,             nan,             nan,
        1.91546237e+04,  2.37055936e+04,  2.85876912e+04,  3.35459227e+04,
        5.08029150e+04,  4.65830607e+04,  4.21174769e+04,  3.74754462e+04,
        4.63784757e+04,  4.05764227e+04,  3.50419107e+04,  2.99732117e+04,
        4.44768331e+04,  3.84535522e+04,  3.30149890e+04,  2.81934505e+04,
        3.75746871e+04,  3.36164981e+04,  2.99975330e+04,  2.66839675e+04,
        5.34264745e+04,  4.89118677e+04,  4.40585499e+04,  3.89168299e+04,
        5.17955691e+04,  4.79462280e+04,  4.38460882e+04,  3.95169653e+04,
        5.37489409e+04,  4.96384806e+04,  4.52208268e+04,  4.05015290e+04,
        2.81336188e+04,  2.70661327e+04,  2.60292431e+04,  2.50217777e+04,
        5.90207374e+04,  5.39155586e+04,  4.83086207e+04,  4.21417796e+04,
                   nan,             nan,             nan,             nan,
       -3.74826754e+01,  8.16859662e+02,  8.29041019e+02,  8.28988087e+02,
                   nan,             nan,             nan,             nan,
        8.30487347e+02,  8.20801569e+02,             nan,             nan,
                   nan,             nan,             nan,             nan,
                   nan,             nan,             nan,             nan,
        8.29730816e+02,  8.28174682e+02,  8.25731378e+02,  8.22352920e+02,
       -2.26850106e+01,  8.22648255e+02,  8.30053381e+02,  8.28355575e+02,
                   nan,             nan,             nan,             nan,
                   nan,             nan,             nan,             nan])
max_QEXP_Renorm: nan
llh_GD_RAY: array([-4.36013953e+02, -4.11786235e+02, -4.13997270e+02, -4.38212237e+02,
       -4.14667450e+02, -4.54489045e+02, -4.12233225e+02, -4.35565801e+02,
       -1.11727843e+03, -4.22536865e+02, -4.39149412e+02, -4.21348796e+02,
       -4.37356862e+02, -4.34312784e+02, -4.23368877e+02, -4.19229734e+02,
       -4.34953907e+02, -4.37689042e+02, -8.36198146e+03, -4.21841199e+02,
       -4.78482191e+02, -5.00048301e+02, -4.78735839e+02, -4.83998668e+02,
       -5.05007577e+02, -4.81847546e+02, -4.78770596e+02, -4.97781204e+02,
       -4.77130159e+02, -4.80839311e+02,  1.75294608e+04,  1.70161382e+04,
        1.75387350e+04,  1.74442474e+04,  1.76566989e+04,  1.75702975e+04,
        1.74654851e+04,  1.76224531e+04,  1.75499178e+04,  1.68001741e+04,
        2.78425588e-01, -5.73507450e+01, -4.44461026e+00, -1.73575296e+00,
       -1.30484007e+01, -2.48858368e+01, -1.19607440e+02,  2.43456632e+00,
        7.26831906e+00, -2.27094763e+01])
llh_GD_RAY_Renorm_gamma: array([-4.66670779e+02, -4.29636641e+02, -4.55123713e+02, -4.28279698e+02,
       -4.56484137e+02, -4.25964247e+02, -4.54621070e+02, -4.51169619e+02,
       -4.31887972e+02, -4.41830504e+02, -4.57750762e+02, -5.12533376e+02,
       -4.41970947e+02, -4.44206260e+02, -4.47440454e+02, -4.53121808e+02,
       -4.55589963e+02, -4.54246580e+02, -4.37411657e+02, -4.46209550e+02,
       -4.99651064e+02, -4.92178600e+02, -5.36497107e+02, -4.92641901e+02,
       -5.51112201e+02, -5.33268520e+02, -4.93384779e+02, -4.91921955e+02,
       -5.33511567e+02, -4.92888281e+02,  1.75154989e+04,  1.70290171e+04,
        1.75623156e+04,  1.74346673e+04,  1.76536471e+04,  1.75636265e+04,
        1.74849593e+04,  1.76084530e+04,  1.75422254e+04,  1.70780453e+04,
       -1.50560101e+01, -5.53437503e+01, -2.14006153e+01, -1.77992593e+01,
       -2.09588468e+01, -2.41650635e+01, -8.20235951e+01, -4.05394990e+01,
       -1.43464955e+01, -1.30563166e+01])
llh_GD_RAY_Renorm_eta: array([-4.52277623e+02, -4.25875534e+02, -4.36681848e+02, -4.28877854e+02,
       -4.36864433e+02, -4.25894872e+02, -4.31867172e+02, -4.52098976e+02,
       -4.55290761e+02, -4.34894776e+02, -4.54663697e+02, -4.51123391e+02,
       -4.39403308e+02, -4.41739665e+02, -4.43724595e+02, -4.45004715e+02,
       -4.52006177e+02, -4.51921042e+02, -4.38487019e+02, -4.42443296e+02,
       -4.93431161e+02, -4.92952647e+02, -4.98439665e+02, -4.92157542e+02,
       -5.24448336e+02, -5.02837110e+02, -4.92068192e+02, -4.92305068e+02,
       -4.94907503e+02, -4.92011266e+02,  1.75357073e+04,  1.70782543e+04,
        1.75714859e+04,  1.74565755e+04,  1.76504804e+04,  1.75765602e+04,
        1.75113095e+04,  1.76138544e+04,  1.75421628e+04,  1.69710821e+04,
       -1.31994289e+01, -8.02560312e+01, -1.59668673e+01, -1.46558009e+01,
       -2.97590385e+01, -2.75793933e+01, -1.54546037e+02, -1.98250915e+01,
       -1.24751677e+01, -1.43448580e+01])
llh_GD_RAY_Renorm_gammaeta: array([-4.54776861e+02, -4.57455405e+02, -4.60323498e+02, -4.63391681e+02,
       -4.26156773e+02, -4.26655774e+02, -4.27389126e+02, -4.28375556e+02,
       -4.39378502e+02, -4.42510394e+02, -4.46134814e+02, -4.50315903e+02,
       -4.28752347e+02, -4.28629804e+02, -4.28510198e+02, -4.28393505e+02,
       -4.39701125e+02, -4.43012675e+02, -4.46864070e+02, -4.51328085e+02,
       -4.25825955e+02, -4.25797342e+02, -4.25810062e+02, -4.25865270e+02,
       -4.34667041e+02, -4.38191828e+02, -4.42576330e+02, -4.47987387e+02,
       -4.51905139e+02, -4.51728144e+02, -4.51555138e+02, -4.51373164e+02,
       -4.51277753e+02, -4.44660957e+02, -4.32232151e+02, -4.25841208e+02,
       -4.29129955e+02, -4.26109903e+02, -4.26414013e+02, -4.30988638e+02,
       -4.55233423e+02, -4.55825972e+02, -4.56442348e+02, -4.57083586e+02,
       -4.56041552e+02, -4.63225983e+02, -4.73814371e+02, -4.89514494e+02,
       -4.39841544e+02, -4.40317409e+02, -4.40829196e+02, -4.41378343e+02,
       -4.42164273e+02, -4.42617062e+02, -4.43103742e+02, -4.43630986e+02,
       -4.44325446e+02, -4.44987303e+02, -4.45719811e+02, -4.46533549e+02,
       -4.46132916e+02, -4.47456754e+02, -4.49021358e+02, -4.50884811e+02,
       -4.52649034e+02, -4.53326588e+02, -4.54041036e+02, -4.54794687e+02,
       -4.52353307e+02, -4.52801303e+02, -4.53265708e+02, -4.53747226e+02,
       -4.37390402e+02, -4.36382545e+02, -4.35953127e+02, -4.36117877e+02,
       -4.43041242e+02, -4.43701417e+02, -4.44438432e+02, -4.45268509e+02,
       -4.94244104e+02, -4.95255562e+02, -4.96481809e+02, -4.97940471e+02,
       -4.92758853e+02, -4.92585150e+02, -4.92430936e+02, -4.92295616e+02,
       -5.02566713e+02, -5.08090451e+02, -5.15320240e+02, -5.24642206e+02,
       -4.92235961e+02, -4.92323397e+02, -4.92420059e+02, -4.92526157e+02,
       -5.28852689e+02, -5.33692417e+02, -5.38996836e+02, -5.44794394e+02,
       -5.06829438e+02, -5.11712959e+02, -5.17633726e+02, -5.24758697e+02,
       -4.91856102e+02, -4.91845572e+02, -4.92072213e+02, -4.92572700e+02,
       -4.92203426e+02, -4.92114649e+02, -4.92038382e+02, -4.91974268e+02,
       -4.98299141e+02, -5.03359994e+02, -5.10508879e+02, -5.20319547e+02,
       -4.92125373e+02, -4.92268841e+02, -4.92442952e+02, -4.92648997e+02,
        1.75317527e+04,  1.75277546e+04,  1.75237130e+04,  1.75196278e+04,
        1.70686061e+04,  1.70588594e+04,  1.70490131e+04,  1.70390660e+04,
        1.75696744e+04,  1.75678516e+04,  1.75660175e+04,  1.75641722e+04,
        1.74522665e+04,  1.74479212e+04,  1.74435396e+04,  1.74391217e+04,
        1.76511193e+04,  1.76517554e+04,  1.76523888e+04,  1.76530193e+04,
        1.75740192e+04,  1.75714553e+04,  1.75688686e+04,  1.75662590e+04,
        1.75061695e+04,  1.75009646e+04,  1.74956946e+04,  1.74903595e+04,
        1.76127848e+04,  1.76117099e+04,  1.76106296e+04,  1.76095439e+04,
        1.75421753e+04,  1.75421879e+04,  1.75422004e+04,  1.75422129e+04,
        1.69934041e+04,  1.70152515e+04,  1.70366341e+04,  1.70575620e+04,
       -1.26124416e+01, -1.24884415e+01, -1.28439162e+01, -1.36948086e+01,
       -7.49081279e+01, -6.97366560e+01, -6.47480628e+01, -5.99484776e+01,
       -1.68474740e+01, -1.78305305e+01, -1.89167373e+01, -2.01066415e+01,
       -1.51710261e+01, -1.57425980e+01, -1.63709207e+01, -1.70563641e+01,
       -2.77755488e+01, -2.59017442e+01, -2.41396179e+01, -2.24912566e+01,
       -2.68649292e+01, -2.61661560e+01, -2.54831809e+01, -2.48161130e+01,
       -1.38771230e+02, -1.23556791e+02, -1.08972172e+02, -9.50981580e+01,
       -2.28927220e+01, -2.65079405e+01, -3.06648975e+01, -3.53497079e+01,
       -1.25442896e+01, -1.27632915e+01, -1.31349138e+01, -1.36618063e+01,
       -1.33781443e+01, -1.27546207e+01, -1.24856293e+01, -1.25824915e+01])
max_RAY_Renorm: 17653.647122364404
llh_GD_GSS: array([-4.26553740e+02, -4.37072261e+02, -5.24754238e+02, -6.84190536e+02,
       -4.42635533e+02, -4.55335554e+02, -4.39645616e+02, -4.56703436e+02,
       -5.85898443e+02, -5.56027146e+02, -4.66941499e+02, -4.79803471e+02,
       -4.58967853e+02, -5.80006372e+02, -4.33936041e+02, -4.38895894e+02,
       -4.50016234e+02, -5.52659900e+02, -4.63103864e+02, -6.22200571e+02,
       -5.07879984e+02, -7.38858164e+02, -4.82184752e+02, -4.93811287e+02,
       -6.75838215e+02, -6.34458344e+02, -4.92881691e+02, -5.82659026e+02,
       -4.90028149e+02, -4.76691388e+02,  1.76978070e+04,  1.73143429e+04,
        1.77512232e+04,  1.77215772e+04,  1.36914882e+04,  1.45512139e+04,
        1.75569847e+04,  1.55394189e+04,  1.48833552e+04,  1.44922814e+04,
        4.48745627e+00, -1.32235863e+00, -8.58451304e+01, -1.56391865e+02,
       -1.64997416e+01, -4.52876132e+02, -5.77091409e+02,  1.15767041e+01,
       -1.45830120e+03, -2.00418594e+01])
llh_GD_GSS_Renorm_kappa: array([ -535.50216285,  -659.58567661,  -757.88475592,  -495.58060556,
        -802.6320049 ,  -471.80335016,  -630.51356634, -1235.14385383,
        -705.94657552,  -584.7951006 ,  -508.37739937,  -540.38345786,
        -596.64422551,  -637.51529275,  -557.67780704,  -637.69062574,
        -480.60946956,  -543.49271511,  -610.9221385 ,  -511.04214632,
        -652.47836533, -1046.62692351, -1090.20522234,  -872.7854048 ,
        -778.16704724,  -570.54499124,  -674.2965997 ,  -752.68442311,
        -606.52627921,  -566.59024327, 17695.98175885, 17674.47745366,
       17735.25703978, 17733.93577692, 17652.86213625, 17491.57876176,
       17715.43271259, 17713.50913395, 17718.75332001, 17518.38595207,
         -56.0307845 ,   -46.53742384,   -25.39218287,   -18.39944664,
        -151.05180382,   -83.31187371,  -188.63751836,   -32.81445739,
        -140.1316273 ,   -91.40140908])
llh_GD_GSS_Renorm_tau: array([-1257.94465813, -1307.42014383,  -791.01415031,  -594.39527058,
       -1109.15460184,  -493.62169523,  -650.05629719, -1091.9219042 ,
        -495.93696494,  -531.68941051,  -588.50400278,  -569.0722667 ,
        -570.20761015,  -581.53571076,  -881.74815524,  -856.07592504,
        -564.41253623,  -569.21125866,  -678.38518453,  -587.86704546,
        -691.00936016,  -826.24077454, -1185.11217258, -1115.00351547,
        -565.52750787,  -730.06385568, -1129.0671669 , -1240.48871383,
        -779.35930762, -1005.33657129, 17682.36760547, 17694.79255438,
       17735.7845527 , 17733.93736256, 13395.98091452, 16003.27471646,
       17010.81333758, 15936.699389  , 15529.72431298, 16694.25339056,
        -442.09767366,  -412.12236817,   -38.32897822,  -766.48340122,
        -322.51816514,  -519.22266473, -1189.87347299,  -475.41074189,
       -1044.85994289,  -375.4299897 ])
llh_GD_GSS_Renorm_kappatau: array([-1155.58305038,  -907.38898209,  -726.65764515,  -582.13596857,
       -1604.78981817,  -883.60700368,  -890.24023729,  -716.52355854,
        -660.55464073,  -626.19465567,  -809.04147607,  -756.56509214,
        -558.37854494,  -535.87464976,  -512.42816685,  -498.35456548,
        -973.17023045,  -791.49970511,  -917.37221162,  -812.56028393,
        -511.89860453,  -493.82204942,  -495.67157774,  -484.39381511,
        -546.11940106,  -482.57674997,  -674.36002089,  -635.60572173,
       -1002.03330367, -1165.67208863, -1136.00617487, -1149.48312316,
        -486.75280872,  -471.81199545,  -481.45557423,  -552.98799151,
        -512.40282347,  -526.94792749,  -539.60158716,  -550.87565392,
        -552.24306783,  -551.81642053,  -526.93531212,  -511.76872947,
        -547.61073079,  -504.17650585,  -550.93612376,  -541.19548395,
        -527.21269222,  -478.24209092,  -620.79681661,  -599.2346302 ,
        -576.144814  ,  -607.38967978,  -620.51570145,  -628.2507606 ,
        -773.2435376 ,  -733.09325349,  -640.33943455,  -575.86139499,
        -766.09328054,  -745.05773078,  -680.18960676,  -640.29432752,
        -558.07791197,  -488.25553169,  -483.24197158,  -480.62559414,
        -551.1476279 ,  -545.19724291,  -539.14460531,  -532.99912736,
        -611.9139249 ,  -688.23467113,  -641.92385079,  -613.92127873,
        -566.22626883,  -542.35076179,  -523.69584657,  -512.79607941,
        -631.9816472 ,  -554.56569026,  -676.30427636,  -654.04253277,
        -767.39225132,  -997.56336249,  -992.52401599, -1006.56790833,
       -1156.0443006 , -1058.12080111, -1012.60839213, -1010.52167622,
        -995.58362255,  -855.19481421,  -939.07308178,  -864.30556006,
        -560.55015859,  -538.14094668,  -530.81842099,  -770.89901571,
        -672.18898963,  -647.56225873,  -604.99555398,  -577.46446478,
       -1004.71607399,  -846.02095398,  -825.63955308,  -709.79424074,
       -1284.53278142,  -947.11533741,  -890.05454079,  -772.0737546 ,
        -709.19493837,  -706.70518582,  -651.25518282,  -614.79114669,
        -916.55633134,  -772.56312702,  -667.93255155,  -590.79226522,
       17580.87030773, 17570.98906863, 17549.24411156, 17484.38518956,
       17653.61716512, 17687.71075136, 17680.33351711, 17678.19543165,
       17715.43039889, 17713.11089005, 17709.3366932 , 17703.34117992,
       17701.93864248, 17694.16949866, 17677.39398252, 17589.51369845,
       13775.67339932, 16384.05030707, 17025.02466831, 17469.67361256,
       16554.879865  , 16662.28569498, 17099.28120495, 17388.32375567,
       16704.87824141, 16991.67750542, 17325.37163256, 17709.35349792,
       16382.10672641, 17305.68199548, 17379.96421445, 17619.10058365,
       16121.46773719, 17252.77407191, 17284.36197384, 17595.37661928,
       17411.87223578, 17034.62146985, 17215.12584583, 17388.18566421,
        -483.73763017,  -342.87776137,  -236.72221102,   -92.95696787,
        -484.23487313,  -348.5162519 ,  -220.61983208,   -44.45715382,
         -26.59227777,   -24.02455401,   -21.56769976,   -19.27245555,
        -732.55896167,  -193.83953227,   -99.52646999,   -36.11383723,
        -345.36247949,  -193.8971547 ,  -140.45771108,  -143.28756402,
        -440.76874848,   -68.90651743,  -108.79040815,   -82.29589419,
       -1650.9192978 ,  -627.03456906,  -413.07824206,  -222.628161  ,
        -534.84714496,  -436.11468394,  -332.42703836,  -232.23997185,
       -1650.91929732,  -399.71875735,  -352.21493719,  -179.92653518,
        -384.69809962,  -138.66912763,   -89.38479495,   -86.36944814])
max_GSS_Renorm: 17735.784552697383
