llh_GD_EXP: array([-180.75535192, -176.56486064, -198.05775801, -186.26960945,
       -180.31923155, -189.68473984, -178.17984271, -189.43892415,
       -176.11524242, -189.55202832, -170.71736599, -171.80328278,
       -186.32059984, -196.39935089, -182.4343082 , -172.44672355,
       -166.32088279, -195.70808314, -172.06783615, -179.71826391,
       -192.37429401, -204.00536883, -191.4116224 , -214.07703566,
       -199.26110538, -212.1289478 , -193.01669706, -196.49372159,
       -194.65266414, -201.4540503 , 6399.60974786, 6546.61432212,
       6581.28903123, 6513.3180164 , 6585.6975415 , 6589.10217579,
       6595.51953484, 4737.33171515, 6441.28417868, 6588.36237055,
       -171.56842845, -166.70266501, -167.61807255, -168.20731332,
       -167.30561978, -175.05431614, -170.58629427, -165.68039175,
       -167.65149207, -167.82278468])
llh_GD_EXP_Renorm_alpha: array([-197.51269314, -181.48408669, -190.4188739 , -223.64195204,
       -182.47690405, -198.41406464, -191.92204089, -194.2452926 ,
       -181.0788307 , -191.51781264, -176.55942559, -204.88003609,
       -171.06593792, -170.86537497, -191.72689773, -170.83925504,
       -171.73973847, -170.59040495, -184.59735773, -188.89617302,
       -196.07032692, -236.89099679, -195.686791  , -237.9950453 ,
       -199.11583545, -220.37542244, -247.36776537, -195.25492455,
       -197.07286599, -209.0854219 , 6377.67388985, 6518.28504768,
       6548.64631237, 6478.33238967, 6556.95204337, 6558.96337258,
       6567.75686931, 4799.73202981, 6428.38142232, 6556.34283033,
       -180.62321151, -180.20991084, -182.71543307, -170.36535419,
       -170.86855304, -171.28057395, -170.90232102, -172.7237019 ,
       -170.35389407, -185.31471844])
llh_GD_EXP_Renorm_beta: array([-191.62531326, -182.07856555, -194.7730334 , -188.52621862,
       -181.08569058, -191.25141829, -182.25591487, -191.55105232,
       -181.12033483, -189.63338677, -173.25313515, -174.85842413,
       -174.21973865, -170.93177113, -184.276782  , -170.82061517,
       -170.56028531, -171.62326293, -174.39101699, -176.9890969 ,
       -241.01991518, -203.836039  , -195.34614401, -223.25940354,
       -199.01819606, -216.28285373, -197.23970426, -195.39428546,
       -196.54700158, -200.07838453, 6394.50195966, 6523.52899916,
       6554.87618208, 6498.9198641 , 6561.87602584, 6563.20837524,
       6568.57414937, 4910.0154671 , 6427.46536282, 6560.58505867,
       -176.08734453, -171.23336713, -171.19700321, -174.04978373,
       -171.45042312, -170.6584863 , -171.62038953, -170.34617446,
       -173.46284032, -173.63651137])
llh_GD_EXP_Renorm_alphabeta: array([-186.05916575, -182.78646684, -181.15674953, -181.06209468,
       -182.97802144, -187.94770582, -181.59739724, -181.23964013,
       -181.00628346, -180.902506  , -180.9377231 , -181.12561031,
       -194.08089512, -193.41308072, -192.76900641, -192.14810104,
       -191.54980599, -190.97357499, -191.27489899, -194.62960094,
       -198.67325352, -203.49805926, -209.20324689, -215.88869439,
       -180.9426634 , -180.89802721, -180.95879287, -181.13429625,
       -181.43618428, -181.87836412, -192.11977661, -193.03671455,
       -194.0040017 , -195.02346576, -196.09699271, -197.22652602,
       -182.96515288, -183.86055506, -184.9630161 , -186.2951112 ,
       -187.881142  , -189.74731674, -191.91069095, -192.2785404 ,
       -192.65472307, -193.03936304, -193.43258604, -193.83451951,
       -181.01916788, -180.94787572, -180.90735193, -180.89871893,
       -180.92332855, -180.98276224, -189.88751303, -190.14656431,
       -190.41060042, -190.67968184, -190.9538697 , -191.2332258 ,
       -173.63169672, -174.03979534, -174.47842708, -174.94862231,
       -175.45144641, -175.98800097, -176.98580744, -179.67392578,
       -183.00168737, -187.06245495, -191.96849293, -197.8546923 ,
       -173.57655933, -173.00233456, -172.49377359, -172.04802418,
       -171.66268436, -171.33581282, -170.92190836, -170.91217153,
       -170.90256059, -170.89307551, -170.88371623, -170.87448273,
       -185.20636719, -186.17836106, -187.19419663, -188.25537087,
       -189.36344689, -190.52005574, -170.82324136, -170.82587976,
       -170.82853038, -170.83119322, -170.83386827, -170.83655555,
       -170.54167677, -170.58171397, -170.68214454, -170.84521062,
       -171.07363495, -171.37060252, -171.28109325, -171.00454486,
       -170.79251718, -170.64455814, -170.56087041, -170.54231409,
       -175.37440531, -176.49816165, -177.77216245, -179.20703693,
       -180.8142937 , -182.60647922, -178.21837722, -179.58798913,
       -181.1072193 , -182.7861408 , -184.63573627, -186.66802345,
       -223.67761584, -211.6039542 , -203.59382029, -198.61072621,
       -195.96560136, -195.21319602, -206.54074676, -209.7950316 ,
       -213.69808987, -218.34907662, -223.81632742, -230.07660675,
       -195.25648073, -195.21459487, -195.21930628, -195.26960458,
       -195.36466521, -195.50386425, -225.17080334, -227.16338974,
       -229.23114182, -231.36474023, -233.5505842 , -235.7695021 ,
       -199.03206007, -199.04595219, -199.05987246, -199.07382089,
       -199.08779751, -199.10180236, -216.83453264, -217.39706634,
       -217.97055007, -218.55506659, -219.15068479, -219.75745803,
       -195.25762412, -196.05760816, -199.42802768, -205.94754082,
       -217.31887109, -235.43340419, -195.36861277, -195.3448527 ,
       -195.32301008, -195.30309013, -195.28509849, -195.26904117,
       -196.61669387, -196.68818567, -196.76148311, -196.83659272,
       -196.91352143, -196.9922766 , -201.01665502, -202.0560382 ,
       -203.20424886, -204.47028957, -205.86451134, -207.39859615,
       6392.17258396, 6389.8186523 , 6387.43997101, 6385.03634679,
       6382.60758673, 6380.15349839, 6522.80174362, 6522.06728866,
       6521.32557868, 6520.57655727, 6519.82016717, 6519.05635028,
       6554.05904892, 6553.21794997, 6552.35270438, 6551.46312223,
       6550.5490041 , 6549.61014068, 6496.20538303, 6493.41840179,
       6490.5571475 , 6487.61980217, 6484.60450393, 6481.50934832,
       6561.25129046, 6560.60056237, 6559.9237069 , 6559.22058177,
       6558.49103672, 6557.73491309, 6562.67196852, 6562.11239886,
       6561.52956523, 6560.9233611 , 6560.2936742 , 6559.64038623,
       6568.47577343, 6568.37128008, 6568.26066438, 6568.14392109,
       6568.02104471, 6567.89202947, 4894.21195217, 4878.43031758,
       4862.66740693, 4846.91983361, 4831.18399056, 4815.45606094,
       6427.59651388, 6427.7275697 , 6427.85853035, 6427.98939588,
       6428.12016634, 6428.2508418 , 6560.03224976, 6559.4618416 ,
       6558.87375281, 6558.26789829, 6557.64418907, 6557.00253216,
       -176.64686579, -177.23528442, -177.85295743, -178.50023849,
       -179.17747764, -179.88502116, -171.89045362, -172.74232456,
       -173.79720229, -175.06330762, -176.5488015 , -178.26171936,
       -171.97145198, -173.01440282, -174.33907629, -175.95866037,
       -177.88617496, -180.13433188, -173.19253059, -172.42983345,
       -171.77166456, -171.22747891, -170.80617828, -170.51614922,
       -171.00149594, -170.6637533 , -170.44388008, -170.34827442,
       -170.38313564, -170.55454848, -170.46737207, -170.36349582,
       -170.35056254, -170.43220822, -170.61203207, -170.89362227,
       -171.49888201, -171.38376711, -171.27499446, -171.17251374,
       -171.0762747 , -170.98622716, -170.37590371, -170.50285122,
       -170.73066416, -171.06298787, -171.50348056, -172.05581979,
       -172.72151822, -172.06698567, -171.50700496, -171.0489304 ,
       -170.69971051, -170.46593243, -174.74345192, -176.02780514,
       -177.4955246 , -179.15245232, -181.00428862, -183.05657818])
max_EXP_Renorm: 6568.574149369333
llh_GD_PWL: array([          nan,           nan,           nan,           nan,
                 nan,           nan,           nan,           nan,
                 nan,           nan,           nan, -171.05363774,
                 nan,           nan,           nan,           nan,
                 nan,           nan,           nan,           nan,
                 nan,           nan,           nan,           nan,
                 nan,           nan,           nan,           nan,
                 nan,           nan, 6040.81446485, 2965.59477324,
       4768.06153761, 5934.26011144, 6096.34455803, 3151.60746235,
       5408.12101302, 5140.94358199, 5001.94082566, 5098.70423035,
       -185.14540645, -218.43882825, -181.71906156, -188.57576395,
       -192.83575222, -178.15807712, -173.63148712, -190.78428382,
       -185.36651165,           nan])
llh_GD_PWL_Renorm_K: array([            nan,             nan,             nan,             nan,
                   nan,             nan,             nan,             nan,
                   nan,             nan,             nan, -2.49467779e+02,
                   nan,             nan,             nan,             nan,
                   nan,             nan,             nan,             nan,
                   nan,             nan,             nan,             nan,
                   nan,             nan,             nan,             nan,
                   nan,             nan,  6.16879535e+03, -1.18762601e+04,
        6.26356743e+03,  4.94927940e+03,  4.12072457e+03, -9.69049795e+03,
       -1.80763457e+04, -3.89137557e+06,  2.32475308e+03,  5.09350521e+03,
       -6.70531337e+02, -2.89031465e+02, -8.19679242e+02, -2.58279396e+02,
       -2.26018587e+02, -2.01407255e+02, -2.03731516e+02, -2.04644880e+02,
       -2.01368290e+02,             nan])
llh_GD_PWL_Renorm_c: array([          nan,           nan,           nan,           nan,
                 nan,           nan,           nan,           nan,
                 nan,           nan,           nan,           nan,
                 nan,           nan,           nan,           nan,
                 nan,           nan,           nan,           nan,
                 nan,           nan,           nan,           nan,
                 nan,           nan,           nan,           nan,
                 nan,           nan, 6475.66629166,           nan,
                 nan, 6501.57981071, 6496.04172358,           nan,
                 nan,           nan, 5667.35980403, 6501.20489212,
                 nan,           nan,           nan, -191.14266139,
       -211.71435532, -237.97572698, -213.14611051, -248.79320521,
       -184.02202488,           nan])
lllh_GD_PWL_Renorm_p: array([          nan,           nan,           nan,           nan,
                 nan,           nan,           nan,           nan,
                 nan,           nan,           nan, -177.44105716,
                 nan,           nan,           nan,           nan,
                 nan,           nan,           nan,           nan,
                 nan,           nan,           nan,           nan,
                 nan,           nan,           nan,           nan,
                 nan,           nan, 6228.46994422, 5028.69478809,
       1907.29983665, 6152.29582544, 6192.72637132, 5220.94622261,
       5279.49026807, 6289.46723827, 5695.58572669, 6196.59343593,
       -221.81791203, -175.55474356, -209.94515492, -190.54034046,
       -177.43810855, -191.74745962, -198.5889017 , -199.4782761 ,
       -183.22672816,           nan])
llh_GD_PWL_Renorm_Kc: array([            nan,             nan,             nan,             nan,
                   nan,             nan,             nan,             nan,
                   nan,             nan,             nan,             nan,
                   nan,             nan,             nan,             nan,
                   nan,             nan,             nan,             nan,
                   nan,             nan,             nan,             nan,
                   nan,             nan,             nan,             nan,
                   nan,             nan,             nan,             nan,
                   nan,             nan,             nan,             nan,
                   nan,             nan,             nan,             nan,
                   nan,             nan,             nan,             nan,
                   nan,             nan,             nan,             nan,
                   nan,             nan,             nan,             nan,
                   nan,             nan,             nan,             nan,
                   nan,             nan,             nan,             nan,
                   nan,             nan,             nan,             nan,
                   nan,             nan,             nan,             nan,
                   nan,             nan,             nan,             nan,
                   nan,             nan,             nan,             nan,
                   nan,             nan,             nan,             nan,
                   nan,             nan,             nan,             nan,
                   nan,             nan,             nan,             nan,
                   nan,             nan,             nan,             nan,
                   nan,             nan,             nan,             nan,
                   nan,             nan,             nan,             nan,
                   nan,             nan,             nan,             nan,
                   nan,             nan,             nan,             nan,
                   nan,             nan,             nan,             nan,
                   nan,             nan,             nan,             nan,
                   nan,             nan,             nan,             nan,
                   nan,             nan,             nan,             nan,
                   nan,             nan,             nan,             nan,
                   nan,             nan,             nan,             nan,
                   nan,             nan,             nan,             nan,
                   nan,             nan,             nan,             nan,
                   nan,             nan,             nan,             nan,
                   nan,             nan,             nan,             nan,
                   nan,             nan,             nan,             nan,
                   nan,             nan,             nan,             nan,
                   nan,             nan,             nan,             nan,
                   nan,             nan,             nan,             nan,
                   nan,             nan,             nan,             nan,
                   nan,             nan,             nan,             nan,
                   nan,             nan,             nan,             nan,
                   nan,             nan,             nan,             nan,
         6503.52721538,   6488.71862772,   6458.79156054,   6412.80780016,
         6349.80532752,   6268.80123541,             nan,             nan,
                   nan,             nan,  -8147.85094906,  -9977.14179769,
                   nan,             nan,   5918.25324554,   6218.23406218,
         6401.36908176,   6431.23335197,   6400.96202645,   6289.08988181,
         6130.3040338 ,   5920.75805923,   5656.58326045,   5333.97194787,
         6177.69319168,   5990.2520133 ,   5746.31109323,   5441.56677827,
         5071.74479082,   4632.73025762,             nan,             nan,
                   nan,             nan,  -6406.04147966,  -7990.01006469,
                   nan,             nan,             nan,             nan,
       -10531.23149909, -14671.59226392,             nan,             nan,
                   nan,             nan,             nan,             nan,
         4675.15859255,   4367.63815778,   4027.74050753,   3654.41200046,
         3246.68368457,   2803.70043489,   6362.17691122,   6262.17274215,
         6122.30029996,   5939.16742089,   5709.1890453 ,   5428.60492579,
                   nan,             nan,             nan,   -361.91209186,
         -439.5791206 ,   -540.82185418,             nan,             nan,
                   nan,   -255.41261705,   -269.92031628,   -278.93590044,
                   nan,             nan,             nan,             nan,
         -543.09201201,   -666.54693431,   -206.13475578,   -210.60767886,
         -216.6383073 ,   -224.32323984,   -233.75971937,   -245.04562477,
         -209.57424059,   -205.17288796,   -203.13787585,   -203.83173689,
         -207.62197922,   -214.88694839,   -232.98213014,   -226.94996741,
         -221.17619604,   -215.69660162,   -210.54871818,   -205.77187579,
         -212.39479292,   -210.89412222,   -209.4152493 ,   -207.95885658,
         -206.52563523,   -205.11628529,   -240.93405417,   -233.3001355 ,
         -226.17061254,   -219.63864563,   -213.80296878,   -208.76815586,
         -187.42089871,   -188.54510147,   -190.12424641,   -192.17701627,
         -194.72238338,   -197.77961699,             nan,             nan,
                   nan,             nan,             nan,             nan])
llh_GD_PWL_Renorm_Kp: array([            nan,             nan,             nan,             nan,
                   nan,             nan,             nan,             nan,
                   nan,             nan,             nan,             nan,
                   nan,             nan,             nan,             nan,
                   nan,             nan,             nan,             nan,
                   nan,             nan,             nan,             nan,
                   nan,             nan,             nan,             nan,
                   nan,             nan,             nan,             nan,
                   nan,             nan,             nan,             nan,
                   nan,             nan,             nan,             nan,
                   nan,             nan,             nan,             nan,
                   nan,             nan,             nan,             nan,
                   nan,             nan,             nan,             nan,
                   nan,             nan,             nan,             nan,
                   nan,             nan,             nan,             nan,
                   nan,             nan,             nan,             nan,
                   nan,             nan, -1.79365933e+02, -1.86173577e+02,
       -1.96802009e+02, -2.09854548e+02, -2.23823254e+02, -2.37362385e+02,
                   nan,             nan,             nan,             nan,
                   nan,             nan,             nan,             nan,
                   nan,             nan,             nan,             nan,
                   nan,             nan,             nan,             nan,
                   nan,             nan,             nan,             nan,
                   nan,             nan,             nan,             nan,
                   nan,             nan,             nan,             nan,
                   nan,             nan,             nan,             nan,
                   nan,             nan,             nan,             nan,
                   nan,             nan,             nan,             nan,
                   nan,             nan,             nan,             nan,
                   nan,             nan,             nan,             nan,
                   nan,             nan,             nan,             nan,
                   nan,             nan,             nan,             nan,
                   nan,             nan,             nan,             nan,
                   nan,             nan,             nan,             nan,
                   nan,             nan,             nan,             nan,
                   nan,             nan,             nan,             nan,
                   nan,             nan,             nan,             nan,
                   nan,             nan,             nan,             nan,
                   nan,             nan,             nan,             nan,
                   nan,             nan,             nan,             nan,
                   nan,             nan,             nan,             nan,
                   nan,             nan,             nan,             nan,
                   nan,             nan,             nan,             nan,
                   nan,             nan,             nan,             nan,
                   nan,             nan,             nan,             nan,
        6.24409322e+03,  6.24575657e+03,  6.23719086e+03,  6.22215986e+03,
        6.20407752e+03,  6.18567525e+03,  4.17166744e+03,  2.99931231e+03,
        1.44104516e+03, -5.92284971e+02, -3.22338542e+03, -6.66892715e+03,
        2.53025935e+03,  3.27906899e+03,  4.11080318e+03,  4.95383503e+03,
        5.70765602e+03,  6.24414828e+03,  6.19043610e+03,  6.13966062e+03,
        6.00121298e+03,  5.78595557e+03,  5.51614881e+03,  5.22460245e+03,
        6.19438896e+03,  6.08549447e+03,  5.86004310e+03,  5.52223434e+03,
        5.09129267e+03,  4.60534137e+03,  4.47173835e+03,  3.44600723e+03,
        2.08372111e+03,  3.08921980e+02, -1.98424174e+03, -4.98938651e+03,
        5.92647464e+03,  6.13373029e+03,  5.53584502e+03,  3.58253559e+03,
       -4.95895564e+02, -7.57466105e+03,  3.72759694e+03, -8.32473573e+03,
       -4.70161293e+04, -1.60105057e+05, -4.80781077e+05, -1.38029696e+06,
        5.40123495e+03,  5.03685488e+03,  4.60324443e+03,  4.10460453e+03,
        3.54943762e+03,  2.95095950e+03,  6.27243566e+03,  6.27200247e+03,
        6.18865981e+03,  6.02039928e+03,  5.77248935e+03,  5.45955061e+03,
       -1.88922920e+02, -1.76653459e+02, -1.96015787e+02, -2.57662195e+02,
       -3.66828099e+02, -5.14573398e+02, -1.76198631e+02, -1.79990799e+02,
       -1.87184816e+02, -1.98047157e+02, -2.13016757e+02, -2.33520584e+02,
       -1.82019161e+02, -1.77168029e+02, -2.07518959e+02, -2.85995627e+02,
       -4.21726509e+02, -6.10158394e+02, -1.98835444e+02, -2.08236071e+02,
       -2.18331441e+02, -2.28699833e+02, -2.38963528e+02, -2.48854201e+02,
       -1.73388096e+02, -1.73941300e+02, -1.78810235e+02, -1.87274369e+02,
       -1.98311860e+02, -2.11073842e+02, -1.88764862e+02, -1.86886758e+02,
       -1.86224039e+02, -1.86958455e+02, -1.89379824e+02, -1.93945806e+02,
       -1.99148740e+02, -1.99767231e+02, -2.00444197e+02, -2.01179412e+02,
       -2.01972598e+02, -2.02823427e+02, -1.91424285e+02, -1.85304439e+02,
       -1.81262468e+02, -1.79537698e+02, -1.80710064e+02, -1.86477495e+02,
       -1.85558990e+02, -1.87992722e+02, -1.90505869e+02, -1.93088806e+02,
       -1.95745641e+02, -1.98494732e+02,             nan,             nan,
                   nan,             nan,             nan,             nan])
max_PWL_Renorm: nan
llh_GD_QEXP: array([-1.92539737e+02,  4.32369512e+02,  4.34285044e+02,  4.07426838e+01,
        3.39089441e+02, -1.09382673e+02,             nan,  1.52151609e+00,
        4.64796444e+02,             nan,  5.96168035e+02,  6.67285423e+02,
        1.65851172e+02,  2.04090315e+02,  4.53700177e+02,  6.97372754e+02,
        9.43349458e+01, -9.00419913e+01,  4.44835136e+02,  6.31090541e+02,
                   nan,  1.31823476e+02,             nan,             nan,
        2.15333095e+02,  8.91857346e+01,             nan,             nan,
                   nan,             nan,  1.59404221e+04,  1.41638390e+04,
        1.16418594e+04,  1.72283311e+04,  1.41194318e+04,  1.80681430e+04,
        1.59498191e+04,  1.34166015e+04,  1.54296297e+04,  1.77341932e+04,
        8.53144698e+02,  4.99607425e+02,  6.35413734e+02,  6.40367010e+02,
        1.22266312e+02,  3.55046929e+02,  4.22404766e+02,  5.85623609e+02,
       -2.58180614e+01,  1.69954716e+02])
llh_GD_QEXP_Renorm_a: array([ 7.40175973e+01,  9.13041254e+01,  7.27876790e+01,  7.36338694e+01,
        7.91370160e+01,  7.41237597e+01,             nan,  7.48759386e+01,
        7.58845929e+01,             nan,  9.97563171e+01,  9.91282367e+01,
        1.01534311e+02,  1.03373671e+02, -1.27101944e+02,  9.18618295e+01,
        1.04896266e+02,  9.85022296e+01,  9.15071812e+01,  9.80206798e+01,
                   nan,  3.03305468e+01,             nan,             nan,
        3.15268686e+01,  2.89053576e+01,             nan,             nan,
                   nan,             nan,  1.19446271e+04,  8.34859980e+03,
        8.37965709e+03,  1.12806117e+04,  1.14132169e+04,  1.21874572e+04,
        1.19259373e+04,  1.11736397e+04,  1.17982204e+04,  1.20336301e+04,
        3.68263111e+02,  2.46342468e+02,  3.80305915e+02,  2.71104593e+02,
        9.15666539e+00,  3.29393921e+02,  4.21092475e+01,  2.87809401e+02,
        2.66910926e+02,  4.07721742e+01])
lllh_GD_QEXP_Renorm_q: array([            nan, -2.39857465e+02, -2.23987381e+02,             nan,
        7.69083346e+01,             nan,  7.51590859e+01,             nan,
       -2.47918039e+02,             nan,             nan,             nan,
                   nan,             nan,  1.24508681e+02,             nan,
       -9.22037399e+01, -1.47568918e+02,             nan,             nan,
        1.65231231e+01,             nan,  3.17043835e+01,             nan,
        1.26631796e+01,             nan,             nan,  2.85069224e+01,
        2.53003266e+01,             nan,  1.76207430e+04,  1.68466500e+04,
        1.29208838e+04,  1.97524412e+04,  1.55904253e+04,             nan,
        1.76437352e+04,  1.47438933e+04,  1.70862461e+04,  1.96855498e+04,
                   nan,  6.57864481e+02,             nan,             nan,
        3.60098971e+01,  3.47936217e+02,  5.68864283e+02,             nan,
       -1.36881612e+02,  2.15754262e+02])
llh_GD_QEXP_Renorm_aq: array([            nan,             nan,             nan,             nan,
                   nan,             nan, -2.25552388e+02,  8.13965248e+01,
        8.93723084e+01,  9.46525736e+01,  9.70037482e+01,  9.59873020e+01,
        8.34972363e+01,  9.14730635e+01,  9.60908788e+01,  9.68823017e+01,
        9.33102987e+01,  8.52032200e+01,             nan,             nan,
                   nan,             nan,             nan,             nan,
        8.59033044e+01,  9.23269607e+01,  9.61403310e+01,  9.69964749e+01,
        9.45163423e+01,  8.85339714e+01,             nan,             nan,
                   nan,             nan,             nan,             nan,
        8.85934107e+01,  9.59144259e+01,  9.63117105e+01,  8.86334023e+01,
        7.29206043e+01,             nan,             nan,             nan,
                   nan,             nan,             nan,             nan,
       -2.27710301e+02,  8.26058373e+01,  9.19866909e+01,  9.66844197e+01,
        9.58989586e+01,  8.89424146e+01,             nan,             nan,
                   nan,             nan,             nan,             nan,
                   nan,             nan,             nan,             nan,
                   nan,             nan,             nan,             nan,
                   nan,             nan,             nan,             nan,
                   nan,             nan,             nan,  1.37295496e+02,
        1.25287226e+02,  1.13366848e+02,             nan,             nan,
                   nan,             nan,             nan,  1.16528851e+02,
        1.21225381e+02,  1.02917880e+02,  7.11645241e+01,  2.92981078e+01,
       -1.94179803e+01, -7.22745009e+01,             nan,             nan,
                   nan,             nan,  2.72209216e+02,  1.79974835e+02,
       -6.58845477e+01, -3.89394332e+01, -1.13780723e+01,  1.67914398e+01,
        4.55628170e+01,  7.49317866e+01, -1.15389789e+02, -8.21724251e+01,
       -4.79483913e+01, -1.27463968e+01,  2.34086479e+01,  6.04964800e+01,
                   nan,             nan,  2.81228172e+02,  2.32105167e+02,
        1.84111211e+02,  1.37241962e+02,             nan,             nan,
                   nan,             nan,             nan,  1.76486354e+02,
        2.55752223e+01,  3.11489594e+01,             nan,             nan,
                   nan,             nan,             nan, -1.73740562e+02,
        3.16956936e+01,  3.14025647e+01,  3.10770219e+01,  3.07195274e+01,
                   nan,             nan,             nan,             nan,
                   nan,             nan,             nan,             nan,
                   nan,             nan,             nan,             nan,
        1.66377591e+01,  2.01778729e+01,  2.32988905e+01,  2.60058668e+01,
        2.82921656e+01,  3.01405694e+01,             nan,             nan,
                   nan,             nan,  2.17678418e+01,  3.05788246e+01,
                   nan,             nan,             nan,             nan,
                   nan,             nan,  3.15994987e+01,             nan,
                   nan,             nan,             nan,             nan,
                   nan,             nan,             nan,             nan,
                   nan,             nan,             nan,             nan,
                   nan,             nan,             nan,             nan,
        1.68788620e+04,  1.61147363e+04,  1.53270598e+04,  1.45151885e+04,
        1.36794505e+04,  1.28214922e+04,  1.54624420e+04,  1.41081735e+04,
        1.28073959e+04,  1.15763869e+04,  1.04229841e+04,  9.34810767e+03,
        1.21951877e+04,  1.14941798e+04,  1.08191167e+04,  1.01704644e+04,
        9.54807961e+03,  8.95140613e+03,  1.86879002e+04,  1.75774034e+04,
        1.64156152e+04,  1.51997302e+04,  1.39314761e+04,  1.26193739e+04,
        1.50225081e+04,  1.44433282e+04,  1.38534953e+04,  1.32539794e+04,
        1.26461524e+04,  1.20318167e+04,  1.89582903e+04,  1.79414269e+04,
        1.68855381e+04,  1.57848975e+04,  1.46351320e+04,  1.34347958e+04,
        1.68967960e+04,  1.61272885e+04,  1.53338914e+04,  1.45159696e+04,
        1.36738936e+04,  1.28093977e+04,  1.42497302e+04,  1.37486750e+04,
        1.32414824e+04,  1.27291109e+04,  1.22127289e+04,  1.16937132e+04,
        1.63887574e+04,  1.56716052e+04,  1.49342334e+04,  1.41767229e+04,
        1.34000052e+04,  1.26060814e+04,  1.87152181e+04,  1.77107926e+04,
        1.66667811e+04,  1.55783396e+04,  1.44423631e+04,  1.32590180e+04,
                   nan,             nan,             nan,             nan,
                   nan,             nan,  6.01756469e+02,  5.44361415e+02,
        4.85845711e+02,  4.26445415e+02,  3.66468078e+02,  3.06289198e+02,
                   nan,             nan,             nan,             nan,
                   nan,  4.33127164e+02,             nan,             nan,
        6.11452771e+02,  5.29249854e+02,  4.44592869e+02,  3.58197819e+02,
        3.43018990e+01,  3.18348583e+01,  2.86307718e+01,  2.47209905e+01,
        2.01435212e+01,  1.49405943e+01,  3.45291237e+02,  3.42644900e+02,
        3.39997235e+02,  3.37348274e+02,  3.34698046e+02,  3.32046585e+02,
        4.82386987e+02,  3.98834105e+02,  3.18959736e+02,  2.43235264e+02,
        1.71868597e+02,  1.04865812e+02,             nan,             nan,
        5.63053243e+02,  4.96145420e+02,  4.27685371e+02,  3.58062390e+02,
       -8.79275325e+01, -3.52904914e+01,  2.06583466e+01,  7.94387641e+01,
        1.40486678e+02,  2.03187083e+02,  1.88906636e+02,  1.62686130e+02,
        1.37088337e+02,  1.12106673e+02,  8.77329771e+01,  6.39580547e+01])
max_QEXP_Renorm: nan
llh_GD_RAY: array([ -173.76796701,  -189.38926252,  -175.70706725,  -175.66522693,
        -182.51711046,  -189.67829216,  -204.51639551,  -183.36216772,
        -175.78813139,  -185.61578326,  -165.19163586,  -163.34380819,
        -166.02762038,  -164.45068226,  -181.69767032,  -164.42881719,
        -167.13742067,  -164.97123402,  -192.5755082 ,  -165.21781062,
        -192.82991492,  -199.51307292,  -192.60707141,  -190.52442573,
        -194.86744359,  -190.40484878,  -203.0552292 ,  -194.34667896,
        -192.0197507 ,  -191.25596182,  6540.51257619,  6540.56809174,
        6518.75505808,  6254.62708883,  6543.20034177,  6526.73203156,
        6551.18421852,  5475.04995312,  6490.28438893,  6484.22319052,
        -172.32269381,  -166.65669671,  -167.46436763,  -165.21817519,
        -165.74209412, -7713.89883324,  -168.71498011,  -164.80967418,
        -169.46894421,  -167.4170897 ])
llh_GD_RAY_Renorm_gamma: array([ -189.1328935 ,  -188.35261389,  -187.2396685 ,  -192.62117035,
        -182.67681183,  -188.96761132,  -189.00218519,  -187.24345439,
        -184.15945633,  -182.59181469,  -179.61226073,  -176.53425745,
        -193.17503223,  -170.84267019,  -170.38767093,  -184.13776119,
        -169.02932694,  -183.25682567,  -171.77910265,  -179.73831511,
        -209.72827994,  -203.35301658,  -199.81745415,  -213.78478696,
        -201.47712722,  -207.69415729,  -199.8446623 ,  -210.21698853,
        -199.78080507,  -204.29049843,  6530.00930553,  6519.04180204,
        6543.26106859,  6257.09856023,  6522.14587236,  6507.12167406,
        6534.28520291,  5768.58353404,  6481.37544393,  6504.35183   ,
        -182.50264358,  -193.39917263,  -196.32069568,  -184.47530976,
        -178.35692441, -7293.04852236,  -186.11458265,  -182.92025667,
        -206.5443937 ,  -177.8085175 ])
llh_GD_RAY_Renorm_eta: array([ -183.98281598,  -188.99874954,  -183.67653749,  -186.36191827,
        -181.99429989,  -189.79969235,  -188.06811791,  -186.29001677,
        -182.85151171,  -182.93571913,  -172.58577414,  -170.24855006,
        -173.86437587,  -168.51800563,  -176.16734034,  -170.75281323,
        -168.47456277,  -171.83249362,  -169.7594119 ,  -172.61331737,
        -202.48351022,  -203.07340025,  -200.9024788 ,  -200.65388195,
        -200.50643057,  -200.63838741,  -199.7812552 ,  -204.33731764,
        -198.94413267,  -200.2664916 ,  6536.2005814 ,  6526.27792182,
        6546.74649651,  6304.4456969 ,  6524.83438668,  6514.31202082,
        6536.14018745,  5641.69639455,  6481.88920568,  6519.24383183,
        -177.63484694,  -184.43963138,  -184.78036684,  -179.31431257,
        -176.87094686, -7685.90603277,  -179.05759567,  -179.42526892,
        -188.68552666,  -177.14509931])
llh_GD_RAY_Renorm_gammaeta: array([ -184.50016854,  -185.08352946,  -185.73575715,  -186.46064054,
        -187.26334238,  -188.15090735,  -188.90377097,  -188.80970165,
        -188.71653044,  -188.62424648,  -188.53283922,  -188.44229836,
        -184.05377757,  -184.47242032,  -184.93369359,  -185.43902304,
        -185.99017966,  -186.58942553,  -187.03711128,  -187.77323853,
        -188.57573741,  -189.45164151,  -190.40993894,  -191.4618845 ,
        -182.05807804,  -182.13226992,  -182.21735354,  -182.31383363,
        -182.42222786,  -182.54305297,  -189.67659027,  -189.5549372 ,
        -189.43470975,  -189.31588517,  -189.19844141,  -189.08235705,
        -188.19603955,  -188.32574879,  -188.45727513,  -188.5906493 ,
        -188.7259033 ,  -188.8630704 ,  -186.41921123,  -186.55068886,
        -186.68448019,  -186.82061748,  -186.95913471,  -187.10006774,
        -183.00096145,  -183.16244255,  -183.33623835,  -183.52260712,
        -183.72178618,  -183.93399777,  -182.88202296,  -182.82987554,
        -182.77926147,  -182.73016488,  -182.68256946,  -182.63645845,
        -173.26666817,  -174.04051751,  -174.91668026,  -175.90412893,
        -177.01117644,  -178.2451807 ,  -170.74622093,  -171.33888436,
        -172.0485912 ,  -172.8988827 ,  -173.91403978,  -175.11819772,
        -175.42731932,  -177.34389318,  -179.65358492,  -182.38387599,
        -185.54802288,  -189.14693888,  -168.75400505,  -169.00985308,
        -169.29051537,  -169.60327974,  -169.95783871,  -170.36623402,
        -172.97024964,  -169.87435629,  -167.82264898,  -167.2647479 ,
        -167.74489738,  -168.7635505 ,  -171.61405456,  -172.72257138,
        -174.14381927,  -175.943287  ,  -178.18067116,  -180.90281998,
        -168.54791631,  -168.62306262,  -168.70008356,  -168.77908254,
        -168.86018558,  -168.94354234,  -172.73181033,  -173.82624871,
        -175.14825207,  -176.72856621,  -178.59412171,  -180.76580676,
        -169.97573867,  -170.21099155,  -170.46802837,  -170.74994889,
        -171.06007036,  -171.40189963,  -173.30264883,  -174.0865915 ,
        -174.97466791,  -175.97599032,  -177.09897601,  -178.35104208,
        -203.15301316,  -203.92727176,  -204.8163039 ,  -205.83048757,
        -206.98032008,  -208.27619736,  -203.11239861,  -203.15170989,
        -203.19133571,  -203.23127766,  -203.27153737,  -203.31211647,
        -197.29123317,  -195.37651257,  -195.31374084,  -196.97446485,
        -199.01742914,  -200.04129727,  -201.35407883,  -202.33837271,
        -203.66477482,  -205.40029661,  -207.61745472,  -210.38887984,
        -200.61479738,  -200.73262064,  -200.86027518,  -200.99814733,
        -201.14663597,  -201.3061536 ,  -201.1131785 ,  -201.72785989,
        -202.50271454,  -203.46064313,  -204.62701367,  -206.02894007,
        -199.78535432,  -199.79141111,  -199.79924337,  -199.80866814,
        -199.819502  ,  -199.83156126,  -204.97843201,  -205.68010471,
        -206.44580046,  -207.27896557,  -208.18300063,  -209.16124667,
        -199.47066037,  -199.84029616,  -200.02988515,  -200.05096869,
        -199.95575788,  -199.83059639,  -200.54444354,  -200.90318617,
        -201.35255496,  -201.90336662,  -202.56760972,  -203.35852187,
        6535.35382502,  6534.49466881,  6533.6230093 ,  6532.73874412,
        6531.84177193,  6530.93199227,  6525.28553263,  6524.27952514,
        6523.25980163,  6522.22626467,  6521.17881704,  6520.11736176,
        6546.26481521,  6545.77779311,  6545.285387  ,  6544.78755393,
        6544.2842513 ,  6543.77543683,  6298.17609277,  6291.75205705,
        6285.16755803,  6278.41639537,  6271.49220752,  6264.38848081,
        6524.45612745,  6524.07593872,  6523.69381534,  6523.30975216,
        6522.92374403,  6522.53578581,  6513.31803893,  6512.31308685,
        6511.29710409,  6510.27003064,  6509.23180698,  6508.1823742 ,
        6535.87876087,  6535.61614905,  6535.3523489 ,  6535.08735729,
        6534.82117115,  6534.55378738,  5660.77152834,  5679.52823392,
        5697.96777747,  5716.09153848,  5733.90100555,  5751.3977724 ,
        6481.81592472,  6481.74260592,  6481.66924925,  6481.59585473,
        6481.52242233,  6481.44895207,  6517.26099323,  6515.2308962 ,
        6513.15297059,  6511.02665201,  6508.85138404,  6506.6266208 ,
        -178.03115723,  -178.4996784 ,  -179.05029768,  -179.69950565,
        -180.47096272,  -181.39439284,  -185.42502782,  -186.50694079,
        -187.6875395 ,  -188.9676965 ,  -190.34716919,  -191.82486835,
        -186.00906598,  -187.37727946,  -188.88725748,  -190.5388827 ,
        -192.33028648,  -194.25860345,  -179.80115566,  -180.35239235,
        -180.97896048,  -181.69278148,  -182.50600342,  -183.43015117,
        -176.99775207,  -177.15307487,  -177.33652676,  -177.54802881,
        -177.78790099,  -178.05700356, -7719.3911135 , -7751.70641289,
       -7718.93089617, -7686.24459842, -7557.40490007, -7519.8606732 ,
        -179.64783745,  -180.33850667,  -181.15190176,  -182.11293303,
        -183.24653128,  -184.57479777,  -179.79354654,  -180.19758561,
        -180.64186833,  -181.13124109,  -181.67075269,  -182.26546582,
        -190.65957389,  -192.83400559,  -195.20379836,  -197.76367855,
        -200.50919584,  -203.43698093,  -177.22301865,  -177.30653577,
        -177.39564666,  -177.49036221,  -177.5907104 ,  -177.69673878])
max_RAY_Renorm: 6546.746496512533
llh_GD_GSS: array([-221.69003491, -203.83478267, -185.67908296, -244.61827778,
       -229.04646456, -206.30344111, -175.20733673, -200.64969517,
       -226.23851804, -173.90632695, -168.01270253, -228.63763289,
       -248.82674322, -209.45843492, -270.63318589, -482.11427732,
       -209.37289085, -186.25266555, -202.71286998, -665.34829341,
       -274.01111725, -191.18779319, -224.64520675, -200.94152241,
       -190.45097621, -232.43457947, -200.17364945, -225.69123243,
       -193.03671565, -192.903054  , 6588.462419  , 6594.63477713,
       5427.11725995, 6240.57742471, 6596.99223558, 5852.23745746,
       6594.6344512 , 6568.57461749, 6494.93733225, 6457.47582089,
       -190.92557481, -178.32042053, -196.45131497, -210.03057045,
       -227.18753011, -209.90800988, -230.75494594, -193.4186497 ,
       -178.01130264, -176.01802648])
llh_GD_GSS_Renorm_kappa: array([-223.52990767, -236.39102643, -269.57560143, -249.48187323,
       -228.54820855, -201.50244509, -207.41031024, -226.00983484,
       -252.51613139, -272.7815835 , -191.50997077, -222.11379747,
       -236.89270068, -234.31325258, -226.84164852, -244.31768453,
       -198.99939482, -258.50354348, -287.33520687, -538.62808705,
       -256.29191066, -227.33300739, -339.35251992, -224.45914376,
       -205.43393526, -235.57033663, -229.57683545, -295.95174778,
       -269.82999823, -223.24277573, 6569.61310194, 6571.99296508,
       6504.42232425, 6573.83711427, 6572.89031256, 6571.29060143,
       6568.5825747 , 6550.83239771, 6565.60079519, 6572.69601596,
       -247.32103762, -265.81783649, -219.59688926, -216.64354035,
       -219.01746037, -244.43056537, -196.45824724, -390.36326728,
       -196.39255678, -228.74670061])
llh_GD_GSS_Renorm_tau: array([-465.11801286, -225.89034505, -281.820329  , -221.1725157 ,
       -215.23283688, -213.95171625, -275.16908587, -241.84913902,
       -217.83162694, -409.14585647, -271.60220963, -216.19330328,
       -262.65786466, -571.38112155, -412.32186249, -276.42130509,
       -193.23144023, -250.84135083, -199.99814794, -359.91589056,
       -327.25602384, -280.0774363 , -426.39746034, -429.95462503,
       -330.35411801, -208.05782014, -271.02587591, -284.13058939,
       -515.60475366, -270.85852718, 6571.06881498, 6573.06669798,
       5460.35781176, 6083.56890263, 6573.33745105, 5701.41899297,
       6571.57565023, 6558.83676988, 6181.23046298, 6573.20680787,
       -232.97890254, -276.62123559, -469.32953847, -249.47165899,
       -252.54727518, -511.27569163, -231.96559563, -386.51765507,
       -284.7269805 , -250.23609854])
llh_GD_GSS_Renorm_kappatau: array([-464.9142789 , -373.67232002, -352.40817126, -305.21416798,
       -263.16733846, -232.89567895, -222.59566232, -208.803227  ,
       -192.53605384, -191.30224467, -238.35723138, -236.04638463,
       -284.09025145, -247.32858139, -284.19534063, -275.23745584,
       -269.34399846, -267.19658893, -214.20079402, -230.73815583,
       -238.05132217, -241.95054582, -244.47688588, -246.46355705,
       -209.38685386, -212.55546005, -215.32919695, -217.779979  ,
       -219.97543676, -221.97434107, -225.49487442, -218.51594214,
       -214.07418821, -214.71370201, -209.44639661, -201.40842153,
       -262.32871679, -236.96835603, -226.38273271, -217.74088743,
       -211.41448908, -207.81724   , -241.60950604, -220.67598562,
       -232.03659518, -228.58768187, -226.34331772, -225.43636933,
       -211.37752084, -223.1233263 , -231.25760103, -237.14638083,
       -241.71434892, -245.53162541, -390.94727188, -337.59014815,
       -312.79724193, -291.69870701, -276.26129774, -268.934672  ,
       -257.94208003, -225.80641823, -226.03432741, -211.70786711,
       -200.65163744, -193.62914375, -211.00223559, -227.20586125,
       -221.93805021, -221.55283688, -221.44563518, -221.62848177,
       -243.87057126, -223.84325426, -267.61227362, -253.52337747,
       -243.05654816, -237.15149951, -652.07313774, -516.15330312,
       -427.95345397, -362.10750823, -297.99174921, -248.66172724,
       -394.35437976, -327.71372626, -328.79724939, -289.29228165,
       -255.8168939 , -232.99482177, -255.22040712, -220.0689159 ,
       -208.76200487, -271.08764224, -255.0423706 , -245.43031328,
       -181.01875449, -181.09434516, -180.97549093, -180.55926308,
       -179.62248395, -177.52647928, -228.55228862, -211.9886454 ,
       -274.12949463, -265.53531416, -259.69431001, -257.14739903,
       -194.02279813, -180.3490004 , -185.23073542, -206.65760083,
       -232.45759892, -285.20759828, -317.64741084, -318.76719642,
       -495.19268031, -493.58141903, -498.5935382 , -512.60864031,
       -337.71653305, -290.20956825, -276.50687025, -265.39304832,
       -257.66774927, -254.26747545, -277.47017087, -239.85316143,
       -234.53740574, -230.44867791, -227.7578374 , -226.65136988,
       -405.59885876, -374.86735306, -376.91749184, -354.31048361,
       -337.56135867, -330.74468579, -414.18347332, -380.96696467,
       -313.37610593, -278.82852102, -249.4006107 , -229.38167035,
       -303.15633513, -268.29143178, -248.30439314, -230.90740026,
       -217.12316215, -208.15692013, -204.326311  , -206.63009922,
       -235.31652799, -233.73086919, -231.29894081, -228.26849896,
       -249.85325245, -245.14972748, -248.07757437, -239.65436335,
       -233.45555171, -229.92852569, -272.43120187, -249.62383283,
       -307.11590622, -299.5896625 , -294.77292592, -293.31203164,
       -573.93773716, -461.58907778, -394.35833029, -366.16860413,
       -316.84676241, -279.00922132, -276.66037951, -237.39157676,
       -231.67975027, -227.22164857, -224.19616573, -222.79867795,
       6567.56567882, 6567.25442177, 6566.94034905, 6566.61887535,
       6566.28511688, 6565.93381647, 6570.60398318, 6570.30196978,
       6569.99220482, 6569.67016171, 6569.33079085, 6568.96846822,
       5308.34844779, 5924.57083475, 6107.59457387, 6263.4689864 ,
       6386.26053074, 6469.17790532, 6032.88720782, 6215.50150276,
       6370.65224191, 6507.17005666, 6539.94841108, 6562.45638736,
       6572.78666347, 6572.55636686, 6572.33706302, 6572.12779838,
       6571.92686308, 6571.73194729, 5700.25903372, 6055.80496882,
       6334.55691197, 6418.23368969, 6494.22310527, 6546.35189105,
       6568.2973369 , 6567.60642792, 6566.867345  , 6566.0729667 ,
       6565.21473523, 6564.28241168, 6538.48062636, 6536.24416206,
       6533.62686176, 6530.49369055, 6526.6300963 , 6521.6664422 ,
       6014.60459356, 6093.47413905, 6187.13466352, 6284.59502519,
       6559.2583897 , 6563.02395811, 6560.33163526, 6574.41741224,
       6574.5170717 , 6573.79666196, 6573.74622091, 6574.0705932 ,
       -234.62355204, -215.40455879, -191.08560545, -200.10481054,
       -218.48504661, -244.36487204, -322.94787385, -267.55967958,
       -262.03821853, -258.62145448, -257.75551039, -259.95560756,
       -520.95815768, -458.78734615, -366.94536627, -303.62329113,
       -258.50115966, -225.34436575, -255.29305877, -246.50635675,
       -214.34078865, -214.44878432, -214.85784947, -215.58390423,
       -277.72730885, -259.08999817, -216.30183635, -216.29428726,
       -216.72508503, -217.62279199, -507.69410982, -492.93114284,
       -472.09212097, -365.04482576, -329.55992506, -263.00383758,
       -238.443134  , -237.3276584 , -235.49876958, -227.94095684,
       -223.37510643, -196.10426037, -405.30794028, -341.87035419,
       -369.9089064 , -360.28234626, -357.69756342, -365.95449852,
       -286.13545176, -244.45274092, -218.1427218 , -207.44373013,
       -199.70290446, -195.70975433, -247.5910346 , -226.08862132,
       -187.6661027 , -229.79395525, -226.59403385, -226.07496571])
max_GSS_Renorm: 6574.5170717026285
